0 147 21
34 71 588
0 87 57
109 137 48
82 20 768
95 154 443
149 66 890
104 77 28
106 38 875
8 68 862
116 136 694
41 108 485
6 87 238
89 137 505
19 22 528
37 44 771
165 33 99
74 152 628
138 79 31
150 55 746
47 49 128
91 22 32
64 29 74
15 126 572
68 47 309
147 163 41
19 145 82
8 38 138
166 87 476
91 97 289
30 5 786
21 129 318
40 7 875
6 59 126
122 101 314
125 72 40
167 166 88
125 104 721
128 32 155
167 70 263
57 166 422
151 155 453
34 90 747
168 123 149
139 160 93
144 120 230
58 62 146
142 84 104
10 102 690
104 15 946
5 109 549
165 21 303
63 7 707
86 91 839
7 47 8
124 68 527
45 52 611
76 59 577
4 16 548
98 96 592
61 34 499
53 105 254
163 15 176
0 45 888
101 151 33
137 143 952
141 38 541
22 46 179
59 108 201
42 110 246
149 167 594
146 138 548
54 130 714
23 60 648
70 29 471
29 19 700
154 165 123
1 141 950
103 38 838
133 17 717
28 4 156
102 2 588
76 160 291
167 89 578
9 81 577
49 168 979
77 62 549
28 91 158
170 102 200
152 63 463
24 101 197
3 47 591
130 48 532
164 70 864
64 34 172
118 14 838
66 123 137
83 89 232
96 94 826
24 27 909
159 58 511
167 117 712
153 96 569
80 27 525
46 159 852
145 16 615
165 54 825
137 133 561
134 86 705
49 165 17
27 91 285
9 149 235
12 88 366
137 170 448
159 133 867
59 118 571
9 100 313
121 60 138
149 19 113
105 116 871
167 1 913
161 163 702
8 120 811
34 31 402
80 163 610
106 90 540
37 106 449
56 45 292
98 11 704
119 147 624
18 38 94
27 161 347
147 15 525
146 157 82
24 114 157
67 27 524
120 145 671
30 55 246
141 91 517
34 140 433
143 44 194
82 47 403
2 63 707
52 125 176
30 13 653
118 15 843
166 165 639
59 113 543
17 71 651
59 57 76
16 88 83
132 41 883
168 28 623
29 66 793
62 163 952
2 15 816
161 97 172
165 102 658
150 14 584
44 6 5
125 158 498
133 146 18
89 76 770
30 134 293
28 26 987
72 151 236
118 42 835
68 79 836
138 50 124
146 113 680
170 89 468
50 13 96
82 42 598
88 117 786
145 61 103
114 161 434
25 38 15
97 69 965
69 79 999
20 12 308
34 158 161
144 159 535
165 149 412
164 20 229
13 55 741
42 91 294
36 91 664
95 13 448
147 2 340
139 45 863
70 103 817
11 50 20
156 122 347
39 129 134
134 5 3
71 58 941
20 107 106
138 64 617
36 73 801
115 38 744
54 140 600
57 77 391
134 104 424
106 139 300
4 9 854
117 21 6
119 101 88
40 79 724
82 125 94
136 60 154
167 48 944
49 169 50
124 43 270
88 165 257
141 102 397
146 83 38
157 2 94
37 84 67
59 120 240
24 20 612
146 64 195
30 121 966
92 67 761
94 109 933
11 154 895
13 85 838
120 149 955
100 153 916
101 37 822
62 111 843
78 74 13
119 152 753
21 97 368
132 14 839
99 89 665
23 104 303
20 86 916
134 33 164
150 106 115
3 149 876
139 124 953
103 11 285
102 28 469
42 92 754
45 65 878
120 44 833
129 141 594
82 170 424
1 39 966
14 82 724
53 93 503
92 32 212
84 141 991
120 131 360
69 40 273
67 56 358
127 164 852
87 61 783
135 141 750
12 120 594
37 79 817
76 167 264
143 47 601
106 43 352
128 98 942
155 28 813
100 64 167
3 22 186
102 115 186
44 113 670
23 74 934
44 74 369
106 113 577
146 37 813
89 0 637
165 160 196
23 26 497
58 140 982
32 157 821
159 12 383
148 129 895
147 123 218
104 121 239
23 85 268
133 22 264
97 13 904
147 80 975
58 51 920
41 22 769
151 139 951
137 134 373
67 119 277
26 78 712
162 115 947
44 51 813
11 132 271
124 32 92
66 130 370
141 47 676
84 156 133
142 123 704
82 86 963
100 3 98
93 151 551
88 78 142
36 11 724
81 15 790
106 24 990
133 3 567
42 118 870
122 68 188
34 84 661
150 113 95
32 134 814
111 104 859
92 85 714
59 25 885
88 12 257
33 30 348
111 129 401
57 46 857
163 140 868
152 36 156
147 16 485
58 99 87
60 65 78
114 137 42
92 113 35
121 76 904
18 105 796
35 150 467
27 74 629
107 2 625
154 92 672
52 88 826
132 83 649
120 132 323
122 97 750
77 152 694
154 127 156
147 66 778
2 67 379
75 132 603
93 112 646
132 64 426
36 79 739
32 89 385
54 169 427
87 75 876
38 63 240
130 32 555
49 132 875
80 162 183
80 127 601
81 140 191
22 139 983
119 71 841
65 148 774
13 130 316
144 135 617
155 115 29
67 88 685
46 100 562
123 44 302
132 50 16
98 117 280
143 12 739
22 64 555
63 38 565
127 160 54
73 116 831
15 73 489
115 108 775
138 133 620
60 167 644
21 65 462
96 84 372
114 17 951
123 129 20
36 60 627
68 26 967
98 91 40
170 44 568
76 3 771
122 81 903
146 129 388
21 157 306
28 80 63
160 35 163
74 86 909
55 40 48
16 142 867
120 13 88
95 48 106
130 23 204
83 143 332
56 142 850
68 9 319
84 110 528
161 96 577
167 111 774
28 89 274
105 39 183
99 23 706
170 165 641
91 14 466
91 96 238
48 74 146
143 101 90
106 126 853
0 85 488
13 21 341
3 23 747
38 153 901
91 123 41
148 125 638
150 168 197
159 76 23
28 90 281
38 98 192
53 62 353
139 129 306
61 133 266
72 5 158
106 60 916
4 153 871
105 101 773
5 117 458
131 104 443
65 7 26
123 32 62
15 108 879
16 164 52
155 129 340
125 168 968
148 127 563
89 135 541
31 24 171
41 130 235
44 164 884
56 150 631
85 3 792
135 107 649
95 17 558
33 162 987
89 140 164
166 151 767
102 28 519
25 66 750
96 131 16
58 47 433
90 129 671
135 74 831
157 97 174
81 90 805
2 6 471
16 68 301
103 111 1000
100 2 529
136 60 61
133 32 798
77 90 212
27 21 801
169 4 985
17 99 699
139 150 561
65 78 776
59 10 111
60 19 352
100 101 379
103 143 567
73 95 850
158 82 207
47 80 910
13 108 979
130 163 73
112 68 741
83 2 273
158 33 16
145 118 521
53 21 117
71 97 321
58 138 60
126 163 160
67 117 817
158 109 135
22 151 382
58 164 569
119 0 215
72 96 833
41 125 196
52 150 600
115 59 400
72 93 882
64 144 348
93 143 251
68 99 605
165 67 670
81 123 769
30 61 339
93 58 924
9 94 612
39 65 199
148 89 559
118 137 999
68 82 833
91 19 794
124 89 12
18 106 955
106 61 559
104 139 320
108 70 402
132 112 750
89 7 119
166 86 671
141 45 790
167 134 842
148 161 425
51 127 608
52 1 272
66 29 311
75 157 390
14 28 434
100 11 128
32 109 630
91 135 783
28 77 851
46 123 754
53 160 336
84 64 589
66 109 225
49 87 187
152 36 749
133 83 173
83 119 463
82 52 359
70 106 169
29 153 940
67 29 840
63 148 940
97 131 941
57 123 13
54 146 349
167 17 756
87 107 535
45 75 394
51 86 982
71 158 236
83 116 343
125 53 42
41 113 859
9 140 864
104 136 127
44 151 563
25 161 935
56 46 881
52 137 74
142 5 160
70 17 22
162 145 139
31 46 41
4 12 971
102 125 913
112 106 155
66 35 534
83 71 608
124 34 634
164 25 749
78 99 112
27 13 267
113 12 429
149 19 763
139 57 876
72 34 952
73 140 805
95 105 529
166 162 524
138 20 881
88 170 159
25 46 805
156 106 687
123 64 605
42 76 119
16 69 748
47 64 285
40 39 564
164 139 76
117 137 992
64 12 325
114 7 744
88 167 985
159 69 173
162 92 997
95 162 982
72 100 466
50 23 745
60 48 677
105 70 610
48 142 992
2 79 267
76 145 240
7 48 161
88 158 755
86 60 324
35 30 665
139 26 601
121 66 170
117 170 586
164 12 302
125 106 331
150 151 288
144 54 588
30 80 692
153 56 625
108 140 150
80 161 671
72 61 62
112 99 339
83 36 80
124 135 926
106 19 467
64 47 35
90 125 126
21 169 7
65 104 108
15 95 649
128 99 289
112 94 450
51 111 142
125 93 355
162 107 55
146 50 277
107 57 10
156 70 451
81 147 940
51 23 435
23 79 311
51 22 234
109 102 702
17 38 402
13 41 313
105 60 915
147 21 572
47 94 171
128 83 736
37 129 569
92 135 852
41 71 915
1 96 719
16 10 403
120 29 510
106 170 176
117 114 504
113 56 326
21 130 545
56 73 735
90 132 753
155 73 194
37 54 241
111 84 74
39 75 453
42 13 629
61 62 715
155 130 687
106 5 241
145 140 428
68 156 270
9 119 163
64 1 570
46 169 785
78 50 719
120 150 93
46 147 752
94 158 175
89 8 568
169 92 438
147 95 617
4 8 777
38 165 860
3 8 198
29 14 924
42 151 41
41 119 563
19 160 201
63 16 328
140 153 652
93 5 390
16 123 416
70 130 801
81 71 291
100 68 39
102 130 300
158 115 110
2 26 966
85 78 752
150 11 789
156 54 650
33 56 890
132 106 509
162 8 16
32 135 302
105 14 585
106 15 231
114 77 839
21 10 392
155 134 993
7 15 407
2 66 946
104 157 90
163 125 133
6 26 284
120 15 74
139 162 600
135 59 337
55 149 226
104 96 142
31 122 679
80 128 506
112 169 305
28 38 158
139 72 991
64 17 297
116 33 294
49 128 365
41 35 598
83 82 113
46 29 185
58 135 387
57 98 353
1 162 951
7 28 484
66 147 311
131 56 159
147 44 951
105 81 931
155 170 620
75 60 124
143 6 310
13 166 365
128 138 426
81 147 575
162 6 594
23 41 934
111 40 29
7 107 208
15 162 30
44 112 480
50 76 618
115 132 978
141 128 490
141 52 509
168 32 525
141 36 481
139 54 704
64 140 267
23 141 240
127 113 807
105 168 170
138 119 396
58 1 269
25 162 705
51 156 888
114 60 407
68 63 660
75 113 122
169 109 94
161 129 191
85 21 792
133 70 865
34 3 282
67 125 639
4 118 851
126 91 860
158 111 523
73 104 752
118 133 585
10 18 112
121 137 878
123 167 40
29 116 218
0 19 995
11 69 26
64 34 672
1 15 577
90 70 1
100 128 892
107 126 633
127 143 170
92 161 311
87 3 902
61 149 523
121 64 31
109 96 855
3 63 921
120 135 163
147 94 994
59 73 185
145 17 522
95 74 831
132 146 15
79 144 531
28 24 584
59 165 944
81 20 329
109 119 189
162 119 828
116 102 964
139 83 860
31 103 27
38 35 651
65 51 974
163 104 834
73 19 992
25 79 518
70 119 412
114 159 718
97 20 547
11 155 649
13 65 684
126 48 366
77 136 713
46 39 64
113 83 803
52 143 77
135 128 167
154 36 557
19 52 331
7 98 654
133 16 618
114 154 47
112 101 959
138 58 445
6 100 965
148 2 278
157 87 621
145 44 911
80 111 647
123 50 370
18 89 495
96 122 729
104 70 150
153 110 826
145 13 31
156 115 517
117 0 860
111 154 696
92 17 191
35 37 232
96 124 740
99 123 986
40 151 473
129 122 520
30 81 129
3 121 556
32 44 424
90 13 323
151 136 468
29 76 474
116 154 123
30 135 419
20 165 536
82 54 242
78 53 99
153 30 278
115 60 700
68 83 54
170 138 193
168 160 473
161 95 700
69 39 352
156 135 462
10 38 195
75 94 885
92 1 502
77 108 78
5 46 999
95 111 211
37 38 542
68 113 291
149 84 627
80 24 528
132 104 892
147 123 275
86 141 14
124 90 395
72 85 830
138 166 374
140 13 838
15 168 171
56 152 826
17 44 112
136 19 198
6 97 159
60 127 430
168 117 574
97 161 374
0 88 316
149 152 581
141 31 504
162 97 620
17 46 322
81 64 338
100 56 915
126 150 616
39 162 83
34 140 589
46 96 960
156 6 381
70 36 641
146 127 731
114 130 21
25 34 779
63 162 395
85 142 155
109 76 295
35 140 234
15 75 180
22 94 883
0 37 345
81 164 184
143 167 456
47 151 41
138 149 517
80 36 658
74 106 164
9 124 775
111 137 366
107 110 713
73 107 928
66 15 807
156 109 255
25 35 252
2 3 860
82 73 772
142 26 563
99 2 827
146 23 885
15 75 401
64 107 464
128 161 19
35 8 770
134 129 251
45 58 417
121 106 12
53 140 672
83 41 586
165 80 392
35 20 760
116 20 158
33 77 262
161 48 501
149 158 238
74 80 438
2 71 173
143 41 287
29 57 332
58 34 121
99 47 329
79 118 613
164 1 99
136 166 629
146 67 303
11 33 745
63 148 564
89 36 670
18 5 899
45 102 849
107 34 424
142 38 239
157 98 63
152 80 706
121 41 452
24 151 627
15 14 307
21 11 867
45 4 90
98 155 652
25 113 23
84 122 106
104 53 514
127 2 56
162 102 444
57 44 143
87 84 413
37 41 307
162 142 777
78 32 683
104 115 340
83 69 8
56 119 952
138 61 71
55 98 7
50 103 755
54 166 635
68 66 446
75 123 85
158 128 699
82 31 432
77 130 615
19 38 266
137 168 208
99 66 114
78 103 25
79 106 666
36 86 330
120 100 62
0 44 338
80 88 742
18 149 556
94 73 616
117 37 482
112 17 90
18 25 526
113 91 586
78 111 957
123 96 80
102 154 26
28 163 601
67 54 23
86 56 235
73 150 62
135 153 620
119 41 160
84 64 203
155 170 504
154 97 346
124 158 455
37 113 937
130 114 527
108 73 759
159 37 811
143 56 351
143 96 69
141 41 242
158 164 813
101 103 870
145 137 139
50 108 814
88 43 58
124 148 572
76 72 668
52 12 195
167 141 285
145 113 41
15 37 107
123 153 305
47 136 634
83 163 302
105 98 281
133 56 433
132 98 334
53 32 770
13 30 853
117 97 31
108 59 411
91 163 233
103 92 335
10 99 512
133 117 215
65 137 234
28 11 896
113 16 28
133 31 92
99 93 365
101 144 233
57 104 649
113 99 979
49 122 118
79 94 692
17 103 916
43 109 426
108 63 554
56 65 750
122 20 820
14 39 246
168 101 468
133 20 611
134 81 900
62 59 794
158 88 819
82 128 524
95 68 565
36 21 862
79 76 67
85 74 523
72 144 790
81 60 339
118 108 142
149 69 895
49 63 402
152 77 75
34 11 94
25 163 418
127 165 684
108 165 326
61 41 488
37 122 319
76 79 145
41 0 839
65 45 512
88 99 697
161 135 659
10 169 166
118 93 956
70 24 678
153 9 5
109 145 192
79 35 791
110 90 986
163 27 864
54 71 849
3 79 692
128 0 568
36 137 449
156 11 826
109 134 156
12 23 106
56 114 917
118 17 62
108 159 69
163 23 242
20 170 650
89 132 62
47 143 343
26 128 857
91 159 195
148 153 917
113 44 341
123 4 700
112 14 1000
5 82 126
12 67 958
81 98 182
107 18 88
156 120 362
102 25 999
96 1 511
13 37 876
142 95 647
73 109 710
26 146 740
133 90 345
51 81 267
131 96 148
99 66 440
151 13 161
90 119 38
12 70 727
153 140 752
56 151 135
159 133 366
116 135 466
161 90 148
61 169 774
100 17 716
145 153 867
36 85 345
170 129 805
157 99 748
147 102 136
130 156 563
11 54 537
129 57 795
146 91 758
154 143 511
140 164 319
114 96 226
152 147 126
60 32 894
23 101 484
49 48 151
59 80 997
39 103 21
146 82 323
21 156 803
146 148 232
80 119 25
156 149 90
65 91 862
104 74 625
85 94 256
12 66 9
82 127 360
109 43 970
162 75 194
121 55 617
36 139 209
110 24 796
39 158 858
19 27 142
77 48 61
142 31 79
121 67 364
141 66 818
126 155 137
60 160 432
104 140 794
116 142 684
52 63 73
0 53 184
61 20 678
36 111 824
33 60 35
29 128 621
64 134 605
114 8 349
55 31 373
30 164 30
101 45 168
147 168 254
155 30 193
158 91 422
89 107 313
128 154 407
27 48 807
32 144 257
114 16 944
76 155 780
86 147 191
66 92 992
23 167 273
38 76 398
135 163 393
153 120 711
151 52 987
85 103 190
103 36 900
128 70 550
76 6 878
164 98 795
131 147 807
43 41 989
103 63 705
153 123 240
128 41 143
126 152 378
105 120 654
30 64 478
40 111 286
30 66 573
169 86 596
79 167 169
67 127 364
163 80 250
122 165 968
109 18 821
18 138 310
165 31 567
83 93 239
61 66 904
158 56 855
33 19 972
76 47 564
32 19 43
163 106 631
45 10 328
55 53 402
132 25 682
68 104 295
149 20 915
103 101 725
54 59 411
129 50 294
60 144 414
152 29 833
167 75 491
32 22 227
24 91 286
164 45 710
45 145 710
62 157 715
58 139 304
12 29 762
146 32 19
149 103 39
113 7 703
22 115 825
47 45 291
114 101 83
148 124 860
43 133 345
121 14 738
36 23 98
65 56 492
11 80 25
49 118 186
162 11 303
151 19 900
16 169 758
42 158 711
160 110 122
162 45 10
116 164 351
156 31 355
56 121 933
64 61 465
44 21 361
67 161 112
80 135 253
92 157 400
107 159 830
130 157 180
136 72 605
140 101 920
20 61 559
165 22 565
18 94 86
32 106 417
37 30 929
91 50 34
122 157 171
50 158 944
70 24 268
129 7 938
70 86 392
81 149 711
159 121 551
103 110 948
143 58 170
105 20 473
164 117 335
123 17 204
32 145 762
120 106 905
98 151 47
22 105 222
90 53 34
72 35 926
88 6 858
5 23 849
139 164 546
115 79 445
27 101 341
19 67 91
22 49 500
151 107 842
168 138 64
131 8 788
41 74 706
161 12 676
138 161 843
39 130 864
162 21 913
77 81 381
59 136 334
161 53 613
120 118 143
133 157 603
67 11 209
72 31 102
47 15 143
9 145 951
36 28 3
41 4 291
110 39 613
163 40 367
38 31 222
103 15 247
125 51 749
121 100 442
94 92 128
52 58 229
120 31 101
15 145 919
82 11 325
54 93 62
114 18 818
162 152 618
125 52 65
15 6 291
141 148 568
51 42 373
88 28 418
141 79 154
8 118 395
47 67 615
152 13 650
22 75 368
123 33 90
90 154 923
160 106 699
121 127 763
137 152 891
118 111 176
105 63 44
2 25 273
147 71 528
124 50 825
94 137 336
9 81 866
77 82 136
106 131 920
128 98 199
103 112 685
135 158 859
23 159 452
40 34 428
8 170 803
122 99 677
118 86 564
0 38 221
122 129 582
42 78 187
87 80 302
0 126 163
57 62 477
109 151 571
96 3 97
40 157 606
14 70 758
95 126 821
62 44 948
99 11 986
42 148 446
98 7 72
25 132 705
52 86 903
35 121 193
130 160 311
116 147 985
39 56 754
101 148 170
82 77 705
89 165 733
37 45 978
6 46 328
90 118 399
167 104 71
55 56 173
47 13 644
15 22 16
154 1 291
123 34 706
145 124 938
23 9 640
131 26 861
92 58 528
125 73 979
146 3 103
73 120 712
39 115 500
79 83 867
4 122 365
66 104 224
128 27 201
31 117 829
146 130 843
0 126 821
161 119 264
45 71 104
64 167 981
41 9 869
135 111 911
133 74 781
127 121 555
96 80 77
30 8 862
106 63 591
24 158 94
29 15 796
100 126 285
75 120 959
93 139 199
91 82 163
91 56 514
48 164 186
157 97 338
109 160 717
156 141 623
78 13 537
105 85 546
131 153 207
110 55 905
8 99 940
120 161 566
120 11 605
45 28 228
88 17 178
164 41 272
50 67 457
15 120 482
24 2 377
23 91 190
102 10 424
170 100 123
66 151 581
58 77 465
67 4 907
100 117 343
111 75 968
116 112 483
3 50 951
105 78 607
83 79 446
78 125 261
145 64 466
123 146 666
139 22 979
148 21 694
74 61 154
43 106 540
97 26 83
21 115 743
145 72 108
29 10 57
67 108 284
49 121 67
91 169 326
10 63 735
29 88 338
2 52 956
26 43 377
24 92 459
73 59 256
49 105 448
170 113 678
97 140 98
6 78 312
5 68 185
160 76 316
68 72 848
30 170 814
38 100 235
38 134 260
156 95 503
29 49 358
122 24 856
90 56 498
72 68 838
58 40 520
3 165 144
82 6 984
145 122 825
20 122 948
62 127 988
146 160 520
141 137 639
48 3 159
60 149 729
29 167 70
23 35 15
75 161 738
118 160 729
67 162 208
64 168 397
22 111 586
0 113 660
105 126 12
166 29 553
166 107 432
9 3 70
12 117 76
40 78 767
5 36 806
66 120 146
5 104 608
167 44 321
43 169 651
166 53 435
168 110 792
57 153 249
24 79 189
15 80 467
43 38 612
6 10 92
48 0 34
156 86 548
126 81 130
45 6 177
14 7 306
11 73 411
83 62 620
108 63 327
39 131 468
153 100 860
152 84 147
101 33 5
157 153 298
52 112 656
104 94 964
135 56 123
20 51 322
55 147 163
154 93 214
109 77 702
39 162 659
135 138 259
50 113 637
164 85 522
111 127 665
138 154 314
148 94 847
104 78 208
142 168 679
47 98 115
168 2 944
3 75 712
97 115 104
136 11 90
2 84 28
131 43 521
142 159 976
2 128 78
59 53 537
66 96 403
133 150 573
36 26 466
156 8 158
11 138 342
161 22 612
68 11 40
132 21 980
48 67 620
9 121 274
118 88 94
90 104 111
164 111 618
170 92 738
146 5 322
58 33 905
136 56 389
120 57 380
132 125 961
101 116 988
32 148 672
81 5 561
88 151 189
8 87 994
23 75 57
2 106 201
89 102 532
119 102 547
90 68 780
42 3 662
97 92 509
61 51 442
65 130 104
47 51 408
32 8 701
112 61 196
136 145 294
45 85 701
121 43 543
123 50 871
156 129 753
14 113 820
103 166 242
59 56 35
71 19 215
140 57 910
18 28 996
119 163 927
146 68 238
163 104 960
163 55 532
162 23 91
96 11 474
84 114 240
25 57 69
109 76 269
13 107 716
152 146 787
105 36 485
90 153 114
87 126 693
163 82 751
27 116 261
139 78 916
25 46 937
86 139 267
78 77 811
26 27 226
136 52 263
56 146 121
55 35 714
40 109 569
75 160 781
92 126 332
67 128 483
91 110 197
43 159 544
38 44 251
167 102 117
54 61 187
149 15 674
20 34 465
129 66 95
90 39 543
117 13 749
94 123 55
61 90 934
34 85 965
91 36 252
143 7 48
7 121 185
165 46 519
6 87 266
24 29 752
89 62 769
68 129 561
44 135 322
124 86 313
119 158 502
124 155 612
101 22 862
26 52 594
43 93 397
21 22 6
26 169 988
149 72 774
65 164 261
21 115 82
3 31 451
44 18 222
65 82 304
85 109 929
26 80 987
61 52 499
120 6 510
23 108 853
78 131 179
82 24 938
131 120 460
136 37 486
153 24 109
124 53 637
127 25 204
73 52 547
123 4 789
108 49 92
154 26 886
57 87 423
56 154 479
157 137 654
78 88 276
42 13 893
29 141 639
136 18 679
44 22 194
169 0 226
36 7 386
139 17 782
144 132 828
110 112 814
161 46 658
152 147 42
32 138 313
52 9 262
9 18 679
92 131 785
45 150 829
53 114 953
37 28 810
143 163 630
149 154 941
125 5 581
30 45 836
113 0 526
143 69 50
15 80 573
105 36 307
149 63 375
111 46 487
99 21 617
108 140 5
42 121 445
47 142 447
148 36 754
83 138 261
99 66 721
115 98 432
118 151 977
93 155 588
145 101 671
17 170 404
123 137 92
167 113 682
154 44 19
5 37 102
129 91 804
29 109 330
126 99 625
65 3 760
44 31 854
64 122 860
169 106 687
124 95 282
55 86 748
21 142 324
70 112 935
48 148 607
100 85 679
37 45 936
92 58 622
7 125 697
150 105 483
73 16 15
149 21 355
119 7 589
6 53 375
10 84 814
41 98 54
156 169 97
98 144 184
120 68 909
147 161 647
43 89 377
158 53 169
66 115 279
127 84 598
65 21 40
95 29 537
128 132 86
21 129 573
3 98 707
97 122 889
45 101 445
65 143 231
111 132 729
127 49 209
42 103 201
62 85 788
57 127 351
88 49 974
118 108 679
0 170 372
57 59 184
17 5 490
56 98 145
125 79 653
140 45 424
8 4 695
162 28 364
23 102 130
133 80 873
65 95 954
67 131 345
14 17 936
71 41 903
17 124 225
0 108 532
57 17 951
0 168 606
14 43 600
132 110 617
66 111 410
132 27 466
158 3 118
72 33 139
35 92 780
93 113 870
78 63 142
146 114 239
165 72 185
21 100 814
64 122 501
129 15 342
123 45 254
84 34 127
161 111 248
139 130 952
10 6 189
159 37 102
6 2 695
60 20 700
159 149 479
63 90 325
74 78 651
131 124 20
107 161 255
151 91 250
136 127 7
115 76 126
4 160 288
59 9 345
101 59 885
152 40 311
107 31 980
31 43 201
95 87 504
74 77 360
53 43 994
119 153 12
169 8 249
16 110 491
94 9 106
14 102 176
167 9 873
33 122 879
0 7 935
5 108 258
35 142 451
132 139 519
31 58 640
78 70 778
79 107 587
25 164 818
29 27 548
6 11 297
128 147 375
120 27 971
13 95 129
97 17 302
52 29 872
28 82 89
45 157 368
149 150 600
167 41 284
158 132 546
123 23 208
54 145 77
163 158 964
76 15 737
3 98 796
146 69 384
88 100 582
36 65 863
103 53 427
127 164 49
94 166 670
44 167 15
155 28 131
24 159 462
57 70 566
104 93 986
113 155 66
59 93 239
116 124 798
160 37 97
102 73 66
15 106 280
83 10 394
160 150 289
98 70 312
106 99 103
166 104 215
84 166 297
26 141 768
143 167 332
0 140 546
36 151 736
122 65 151
161 30 408
16 136 590
41 105 298
153 16 238
168 114 926
50 93 879
44 81 370
97 54 463
130 112 741
131 95 855
107 35 834
164 51 183
56 129 263
91 166 876
42 130 709
7 122 375
1 157 787
94 73 981
169 69 766
136 78 655
106 128 590
61 164 280
43 125 955
3 58 889
109 19 801
124 23 122
36 154 930
7 105 310
20 148 900
3 81 801
80 140 844
92 167 888
155 140 991
62 2 985
94 142 447
36 102 213
122 164 384
149 139 289
166 28 93
89 130 644
63 93 712
3 137 145
43 10 987
1 60 726
129 155 816
61 159 324
37 158 397
152 94 275
69 108 785
169 59 924
81 28 813
2 12 543
105 97 865
37 86 110
98 22 139
76 143 472
29 76 984
18 68 106
163 70 39
71 136 598
37 117 618
122 151 575
41 122 98
166 155 966
22 40 838
51 61 890
153 106 659
145 46 372
39 22 413
107 112 945
46 168 366
81 16 892
38 85 806
162 60 264
83 72 287
3 103 189
164 67 678
109 107 759
94 142 397
92 137 778
11 93 189
157 41 374
129 70 482
125 16 284
92 7 66
88 133 606
152 50 327
47 83 905
56 143 640
113 42 910
2 37 941
126 115 402
113 105 42
1 8 519
103 114 407
163 159 741
62 7 682
39 44 804
118 125 316
138 150 544
165 127 727
27 88 218
83 138 440
153 52 548
92 97 788
142 129 335
63 22 802
154 127 607
132 72 356
143 131 706
3 152 33
169 6 319
145 108 563
91 41 712
63 60 809
150 95 253
88 128 111
57 97 646
32 149 722
148 67 943
144 152 822
146 126 200
83 161 440
105 109 769
24 66 345
150 103 869
113 104 670
48 51 993
140 19 997
81 38 900
71 54 604
38 61 299
109 116 42
169 107 831
156 147 759
18 45 945
75 0 948
155 40 923
2 103 96
101 102 320
128 52 7
142 19 946
22 67 558
46 63 304
147 150 70
114 27 645
44 106 909
116 104 699
22 148 300
159 55 929
65 31 529
168 83 32
53 37 212
26 122 381
46 154 988
67 62 716
104 66 218
64 153 869
90 40 811
36 5 829
102 160 500
103 149 342
163 52 503
77 57 428
66 50 539
110 128 951
147 1 800
105 162 925
12 108 147
137 48 504
89 27 917
154 122 765
131 21 970
46 139 897
12 119 614
57 61 559
16 41 492
32 146 51
65 154 843
164 15 12
94 117 420
33 112 731
52 95 350
152 170 943
20 78 991
46 92 32
168 137 84
9 98 201
86 80 410
51 136 83
147 92 338
112 27 998
124 150 52
15 135 598
47 37 899
40 128 149
36 112 510
113 101 531
148 140 862
157 87 261
98 116 557
69 144 881
140 159 732
122 54 961
36 99 26
81 94 533
3 73 983
96 114 162
153 130 680
101 65 484
87 42 879
11 153 548
57 150 68
1 115 641
137 109 167
54 17 735
158 88 787
150 153 735
27 55 854
4 119 140
51 31 901
74 85 972
75 93 568
87 18 953
168 93 31
169 68 343
158 85 530
42 87 290
108 4 774
105 102 1000
164 19 597
119 79 773
126 60 431
67 112 499
95 137 10
135 131 449
87 53 210
6 114 921
99 32 117
46 110 227
135 32 742
148 130 892
64 122 936
55 30 21
53 69 757
34 115 772
48 123 605
159 65 791
85 49 672
81 9 942
35 31 400
19 151 359
164 36 479
52 109 342
43 89 874
113 13 787
99 118 417
89 19 58
39 36 483
154 104 613
82 113 895
130 147 421
48 144 418
45 163 418
96 154 746
25 6 139
85 141 79
11 76 822
26 113 197
62 132 192
156 96 216
125 12 941
135 151 931
159 135 858
122 121 404
152 56 413
75 150 918
41 144 206
3 106 55
84 142 152
1 0 452
25 113 559
35 63 418
127 100 878
69 22 647
101 68 763
28 133 749
111 52 423
24 36 977
151 14 880
87 144 509
26 18 310
60 127 89
3 0 468
150 88 909
149 61 139
13 87 365
76 56 665
4 72 698
144 86 632
21 17 549
32 118 983
142 134 152
151 99 483
34 83 641
39 103 923
23 62 122
124 96 683
54 168 264
55 96 708
146 68 105
40 153 348
112 162 373
10 134 366
90 167 693
29 106 517
160 2 959
112 111 903
31 35 97
6 93 618
142 42 516
68 126 695
21 129 327
86 23 765
46 109 642
84 142 485
52 159 887
145 11 245
64 103 787
4 3 771
117 132 669
105 165 521
23 106 99
85 168 483
161 141 614
86 133 678
150 117 793
55 24 99
27 38 454
34 95 604
59 113 719
3 165 322
65 93 466
0 41 848
81 98 901
75 82 464
59 118 992
34 24 212
33 91 114
53 167 354
19 74 539
75 70 702
50 104 159
30 95 149
67 154 698
63 105 273
47 72 792
148 122 831
126 3 787
18 67 142
151 59 409
93 88 551
93 78 458
113 10 169
63 117 135
82 150 214
34 4 155
82 34 611
90 19 167
131 37 707
77 131 931
164 110 212
28 36 500
21 44 610
26 109 857
126 92 454
0 138 879
129 131 2
44 91 481
54 133 393
126 10 480
14 50 681
103 61 888
157 110 110
36 66 778
3 166 789
1 85 92
123 155 690
91 109 155
74 2 992
99 155 371
156 97 418
149 83 296
123 138 217
34 14 779
152 142 318
64 58 376
118 133 186
75 77 553
62 52 12
123 161 520
45 98 779
152 102 754
43 88 721
37 16 924
81 142 593
19 134 222
137 153 118
98 60 110
19 164 371
163 62 685
69 116 413
6 32 799
33 16 658
102 159 345
146 159 494
56 10 955
147 80 459
28 13 979
54 90 811
61 24 482
14 148 260
164 154 193
150 33 117
30 102 778
101 69 88
131 81 324
41 121 752
30 76 568
153 30 895
113 7 312
128 108 218
139 116 486
94 107 590
123 106 188
20 76 99
59 106 654
134 131 224
130 69 33
21 155 426
86 149 613
115 86 119
14 19 918
36 156 828
120 3 372
9 147 922
78 6 922
36 162 754
53 55 713
151 72 779
166 128 715
71 27 590
38 159 138
67 43 173
89 134 738
89 82 881
101 111 810
81 140 583
29 61 537
97 83 372
164 129 285
170 103 25
93 159 132
116 43 17
72 118 605
167 100 665
142 67 661
150 94 854
20 157 472
84 21 162
62 49 912
50 138 779
120 110 391
37 84 836
142 72 674
59 16 372
20 77 581
148 71 80
55 54 92
162 50 140
39 150 756
100 155 53
29 47 58
109 167 653
139 136 325
42 112 380
24 15 977
5 91 590
21 61 611
156 48 832
71 162 128
54 61 712
84 86 239
19 77 234
30 146 958
79 102 263
60 49 620
85 67 739
150 164 203
97 56 953
32 100 490
153 160 880
107 74 53
108 150 773
53 120 121
133 51 744
56 22 137
106 81 594
85 137 117
153 81 442
147 112 547
65 158 80
108 12 968
164 161 187
168 32 466
66 122 43
107 141 208
143 137 923
47 148 948
87 147 739
150 147 887
24 6 903
86 127 379
98 142 369
26 127 681
163 12 474
11 26 953
167 163 955
97 140 181
61 108 933
45 86 231
109 8 360
2 155 915
167 66 62
162 63 317
38 164 119
95 60 662
62 28 501
160 99 77
145 93 234
39 139 703
96 36 395
16 158 690
164 37 376
122 101 350
168 70 100
77 8 944
119 127 382
119 48 981
90 128 507
0 21 775
12 33 111
63 118 763
124 96 381
137 24 384
66 17 714
140 0 682
141 33 582
156 70 708
156 30 370
155 135 558
27 64 144
130 79 701
123 70 907
77 87 723
164 159 891
72 47 274
36 12 303
0 24 114
64 36 623
152 47 131
109 89 520
89 19 479
109 91 965
115 145 710
88 61 255
28 170 89
166 6 133
56 124 973
56 75 667
11 2 951
47 101 920
110 39 134
53 86 813
11 150 420
124 93 382
93 41 494
140 7 640
52 124 8
137 151 10
109 144 665
39 124 110
123 59 651
65 29 658
72 165 673
63 84 997
159 169 782
140 19 372
143 170 457
33 75 528
134 40 408
129 59 162
133 113 591
98 85 793
107 4 145
131 137 966
37 14 211
28 72 587
87 38 583
89 99 241
29 70 375
127 22 942
162 109 83
94 131 447
115 119 77
97 127 291
45 105 14
63 156 733
27 169 502
74 76 559
146 27 854
81 8 355
111 22 941
58 80 476
138 40 815
131 48 277
126 71 408
2 51 723
135 57 80
83 132 995
3 154 447
142 103 741
30 108 540
3 35 889
56 29 787
61 122 88
120 29 946
166 136 98
73 79 294
164 44 519
96 60 689
27 150 934
96 104 394
73 2 666
169 127 339
144 90 227
46 120 423
136 151 364
4 98 245
81 166 712
20 131 686
27 125 938
0 10 1000
150 45 396
140 166 516
162 19 113
152 99 792
154 79 870
163 61 317
128 163 248
72 18 518
21 2 574
109 95 630
166 5 892
60 137 372
69 50 306
28 106 149
68 163 642
123 26 844
84 100 812
155 140 273
81 138 463
35 62 638
70 95 382
70 166 633
76 37 499
54 73 877
146 101 112
72 53 450
46 7 756
94 58 932
39 26 41
134 126 297
23 52 622
8 17 906
134 54 409
78 165 674
133 130 527
4 52 887
35 9 376
92 34 260
27 46 769
18 90 115
82 98 953
162 144 195
145 142 152
87 115 447
94 29 765
20 102 896
139 59 252
19 15 189
54 65 569
89 14 710
91 45 446
29 103 645
32 50 776
100 129 612
46 146 617
15 39 188
100 102 488
46 84 302
28 79 282
123 58 232
102 159 349
148 97 997
28 16 306
32 71 508
89 43 420
60 146 101
77 159 961
95 27 870
135 32 635
17 71 863
70 107 393
68 138 712
7 111 290
147 53 901
47 141 774
24 164 210
139 158 651
88 140 29
152 14 886
72 71 600
49 39 945
169 88 557
4 7 218
23 22 999
80 52 840
24 102 374
169 123 688
89 34 451
114 117 602
137 0 804
82 168 35
97 13 4
99 88 920
52 154 585
152 68 233
160 86 774
4 40 621
165 138 218
23 85 39
87 125 991
93 0 707
116 125 249
16 43 76
120 139 450
58 3 249
153 143 34
159 19 808
27 116 866
27 106 378
63 114 547
142 119 80
43 139 555
84 91 938
37 90 251
166 40 393
71 142 938
41 76 600
93 153 436
130 127 534
120 31 340
129 73 675
160 93 283
37 16 222
52 111 779
115 97 323
128 130 876
45 147 797
156 147 996
87 89 741
30 122 803
41 133 647
101 76 374
41 13 754
168 94 478
61 77 716
84 57 877
29 163 372
55 121 799
87 151 555
36 20 228
140 83 958
60 166 270
110 16 415
120 110 104
148 168 440
113 20 100
140 90 96
83 5 177
86 33 316
79 116 50
126 111 974
55 93 387
170 125 600
163 28 448
153 138 296
143 126 666
54 159 920
128 146 770
47 16 356
163 158 732
11 138 967
67 168 590
153 17 675
41 78 112
49 41 523
54 105 289
129 167 116
49 21 28
133 103 602
154 80 672
101 65 475
124 126 307
7 150 836
90 153 634
74 99 637
138 19 61
5 14 150
78 169 659
100 42 225
7 61 352
15 70 488
112 23 709
93 63 150
32 155 132
117 85 85
69 144 615
163 14 948
124 44 277
148 39 973
22 79 880
86 32 625
147 143 777
96 48 544
77 41 893
28 29 545
98 53 744
49 82 321
61 48 238
44 147 546
162 96 50
54 22 421
72 139 416
23 135 843
15 138 260
64 23 759
97 86 324
84 157 863
31 115 412
125 28 641
80 37 949
25 60 635
52 25 140
123 149 193
74 20 335
69 110 640
129 157 396
170 148 437
117 153 136
68 170 239
36 21 361
80 127 493
160 76 11
87 156 514
54 165 865
2 41 580
44 131 436
90 66 92
65 149 287
49 58 844
141 156 858
107 45 261
96 11 221
35 124 893
142 150 354
23 69 551
154 20 899
49 90 853
130 137 24
0 15 49
88 90 527
47 18 837
116 122 368
49 20 728
164 27 80
129 137 5
27 153 966
36 101 721
41 1 415
11 133 492
3 169 695
75 84 362
22 66 521
150 117 495
84 37 826
21 118 919
167 85 404
44 11 10
53 139 63
140 43 81
48 14 813
3 110 995
4 13 730
7 159 513
169 126 947
33 135 931
159 30 4
3 162 930
110 29 555
149 53 833
103 148 110
150 144 877
118 164 663
59 6 175
131 45 847
145 127 372
11 114 561
105 4 494
4 98 350
88 44 763
124 32 255
113 166 196
82 125 15
82 29 965
43 54 302
72 42 655
136 27 175
44 38 82
74 142 982
21 116 315
164 2 691
156 56 584
35 139 62
135 68 32
20 145 30
161 133 593
92 123 465
52 74 776
165 126 307
108 120 297
89 159 331
15 149 752
113 143 450
61 2 921
21 57 25
81 27 792
89 67 911
107 63 484
110 11 495
83 63 49
64 111 725
113 141 539
35 15 35
26 160 953
76 168 666
156 114 470
53 106 88
99 142 941
83 138 564
126 52 633
30 163 766
47 106 779
63 10 424
137 10 873
0 62 829
170 92 217
169 57 306
106 22 554
28 114 112
101 139 590
91 74 496
155 79 103
116 6 231
44 168 940
35 130 25
0 80 677
49 12 590
90 170 441
72 50 475
144 142 61
57 129 841
33 34 831
42 5 338
148 109 684
91 57 49
121 10 983
130 0 548
44 150 816
15 131 953
42 119 998
89 156 393
121 143 793
65 148 530
100 145 378
65 130 735
69 97 569
169 71 501
4 33 740
51 160 826
28 117 483
98 143 208
95 36 843
36 0 490
118 29 52
62 82 824
152 34 882
19 62 807
97 50 296
28 49 364
118 152 934
137 1 552
85 52 187
73 4 139
14 28 479
120 100 113
46 139 962
88 134 245
156 60 809
154 130 185
160 118 246
170 167 325
83 161 559
67 160 170
142 33 205
153 83 574
2 79 740
33 145 36
32 167 381
6 18 428
90 60 806
48 34 338
65 93 510
118 83 994
72 104 185
9 145 854
123 92 115
100 170 161
142 73 109
68 46 863
31 95 84
59 48 353
130 20 483
1 166 504
60 145 499
79 35 297
144 13 523
125 25 188
96 47 409
167 112 9
16 85 722
70 58 285
17 80 941
96 135 791
142 66 235
0 170 132
16 49 593
121 115 455
115 74 764
119 37 290
157 154 369
2 88 260
40 32 803
125 59 341
68 28 72
152 122 291
34 12 973
126 135 646
93 39 465
46 48 128
167 59 337
66 116 174
101 16 863
7 61 985
131 54 358
90 108 72
136 132 329
73 129 742
137 125 703
128 131 714
169 2 542
150 67 563
45 80 559
140 126 76
153 37 849
142 45 500
158 32 519
67 10 819
153 63 113
12 65 672
26 16 648
100 109 463
135 153 512
141 97 257
39 152 654
143 124 200
43 116 94
65 112 16
102 163 306
166 124 135
53 127 601
50 143 7
85 60 299
47 167 1000
92 129 92
80 12 926
162 31 906
70 30 205
74 154 369
66 1 711
117 167 959
34 74 221
75 74 188
0 64 86
119 167 85
118 153 947
26 67 357
61 170 416
10 63 710
128 84 266
21 123 690
50 166 813
139 170 99
118 90 526
69 82 311
77 155 281
41 165 347
2 143 518
35 133 363
22 54 45
112 155 230
125 79 687
68 54 828
57 170 20
57 157 933
111 108 966
162 118 637
22 100 993
34 73 266
144 103 320
114 2 593
84 73 477
77 117 863
133 109 944
28 3 797
84 19 187
81 156 704
113 26 938
7 111 813
144 14 715
17 112 111
165 109 770
113 91 116
62 156 25
52 10 931
93 85 952
127 169 17
21 67 427
108 49 505
165 29 182
149 72 898
35 67 857
37 155 498
166 0 271
48 76 294
53 82 721
145 81 678
72 123 291
69 12 517
156 149 144
73 22 392
63 62 159
73 76 36
32 121 452
16 120 855
160 51 298
35 1 762
29 87 486
131 42 422
124 116 778
168 4 737
26 70 69
83 133 89
119 107 894
45 155 123
4 107 421
80 42 173
113 25 429
127 141 458
165 149 526
156 92 27
151 93 36
120 65 515
119 94 832
2 78 793
105 131 325
17 63 991
63 132 44
40 23 293
84 161 923
109 105 758
104 154 925
105 8 383
101 109 267
160 138 578
134 20 781
5 155 66
139 75 645
149 169 588
78 112 620
65 91 262
66 68 473
18 99 223
109 113 347
84 16 805
92 39 797
144 75 318
113 100 486
80 9 792
0 58 691
142 76 267
42 45 728
28 26 598
30 152 464
153 119 470
127 37 272
170 66 801
22 132 215
124 113 703
11 129 1000
127 83 476
162 108 469
121 27 291
121 78 266
136 149 350
18 72 680
127 8 962
83 38 581
113 169 304
166 24 814
143 132 775
113 92 561
20 125 618
135 133 157
16 140 356
64 66 468
29 74 220
157 169 661
143 168 61
25 88 899
106 118 358
5 136 751
160 164 33
7 35 40
96 64 610
103 157 366
62 66 638
5 14 592
25 165 920
109 126 16
91 170 714
46 76 753
38 82 17
48 38 168
138 163 820
116 56 398
125 48 819
101 138 92
104 128 138
2 8 384
95 134 850
51 104 494
115 15 220
82 139 250
43 128 255
124 110 929
0 125 502
79 164 728
31 108 250
150 153 666
98 137 948
158 154 164
150 36 91
62 89 624
105 33 166
0 117 821
95 101 534
154 24 402
74 60 91
107 60 470
170 38 132
22 102 940
43 147 770
106 70 719
31 49 837
117 118 734
69 138 372
149 32 691
4 8 851
109 38 945
95 100 638
157 58 375
43 123 850
65 110 863
65 76 715
23 19 595
137 56 172
93 142 405
97 99 351
20 169 87
101 142 808
170 52 103
77 57 262
82 117 660
14 131 926
162 5 613
51 129 715
108 82 263
53 76 993
3 160 843
98 23 762
86 54 844
33 14 761
145 0 640
97 151 603
76 65 303
101 126 755
17 108 154
25 80 3
54 93 532
32 34 455
70 120 129
118 21 890
25 55 877
44 117 650
154 110 596
28 114 106
59 153 641
110 130 277
55 5 726
69 169 397
121 136 55
77 164 966
58 29 766
124 65 658
56 92 951
18 125 256
82 39 758
103 32 116
57 66 863
53 7 587
13 158 743
12 10 316
165 64 425
109 71 315
42 56 486
113 48 413
82 28 725
32 54 965
131 83 394
8 29 980
140 14 164
142 29 739
1 116 646
44 17 940
118 116 107
140 97 684
54 39 654
120 40 723
97 67 738
120 73 212
155 22 699
61 82 368
170 22 397
72 60 277
144 15 852
12 157 644
3 37 556
166 6 96
24 19 811
98 107 965
109 115 216
125 134 109
122 147 912
49 153 442
125 50 93
76 127 230
33 105 533
71 49 400
156 10 79
30 77 651
68 53 326
6 111 874
97 162 914
60 67 815
138 106 723
106 78 158
127 89 258
46 113 24
3 138 821
17 35 940
137 11 755
63 97 188
2 104 610
158 21 778
62 66 358
27 116 983
149 79 598
102 57 107
112 76 594
125 140 994
15 74 87
90 113 253
53 141 707
24 166 342
162 8 452
152 166 297
99 65 433
77 2 254
42 109 131
76 164 772
65 60 816
29 31 779
47 26 372
61 104 140
27 73 695
31 142 786
148 147 926
22 105 166
11 69 207
65 159 577
148 4 453
92 127 652
84 49 763
59 66 431
115 153 294
69 35 460
164 143 286
37 36 889
165 32 888
19 154 283
161 93 189
141 29 49
13 8 807
69 111 632
44 24 106
141 41 137
86 122 944
166 132 996
157 162 906
145 119 774
72 161 99
13 15 567
122 38 908
37 97 681
47 120 913
98 71 669
158 55 751
1 145 856
3 109 435
135 74 79
53 52 655
165 60 282
17 106 403
138 62 126
34 0 100
50 67 535
4 145 330
131 129 506
94 33 703
119 82 510
151 120 143
68 78 536
19 98 977
112 35 441
95 22 768
79 163 890
16 160 66
165 116 740
116 168 207
97 160 584
31 157 835
42 132 195
169 54 939
54 162 115
103 77 385
105 162 217
57 14 448
102 66 970
122 84 927
157 92 133
46 15 518
24 131 309
89 49 358
75 149 688
159 130 18
29 2 967
70 106 635
157 99 554
76 73 220
39 4 616
137 161 509
28 137 291
79 67 477
169 154 800
62 27 371
62 163 662
98 0 972
57 28 799
58 45 422
68 20 793
118 54 389
77 97 16
105 149 760
131 49 352
80 62 525
151 117 302
124 18 905
154 152 151
131 110 166
47 157 614
70 16 977
1 35 398
30 27 778
18 96 436
12 14 783
22 77 351
70 77 191
36 58 778
9 92 613
132 131 540
97 24 318
169 88 162
57 151 470
35 153 908
61 130 377
24 33 412
107 24 813
46 28 837
49 91 280
157 66 987
54 154 395
65 61 612
87 155 815
21 9 97
130 35 901
64 46 17
70 21 367
57 21 858
84 135 832
150 20 46
67 26 150
108 146 430
37 66 410
20 110 158
147 66 565
105 123 80
18 46 399
42 112 291
94 103 69
10 88 460
137 150 93
141 59 799
37 66 126
86 47 68
160 65 599
162 119 616
55 141 56
59 95 509
27 167 907
86 132 155
118 78 991
18 100 665
124 31 79
23 36 606
4 170 740
94 147 447
160 0 325
87 30 256
72 56 48
47 142 967
64 90 277
96 131 927
60 80 780
75 165 718
97 16 649
77 22 17
121 34 431
85 93 640
72 80 104
124 112 965
97 8 437
47 151 113
155 87 532
147 112 29
147 11 27
128 134 567
9 78 790
156 153 227
51 34 29
150 128 448
17 166 200
106 165 405
81 140 249
93 114 618
72 40 875
84 1 902
70 36 181
81 5 91
45 163 22
17 154 547
140 110 491
137 158 727
0 63 295
29 140 366
24 115 990
96 50 384
139 104 966
146 92 435
96 8 517
113 80 695
163 116 236
98 23 725
68 16 29
30 162 373
168 69 530
152 129 76
118 160 411
99 116 781
47 120 173
102 140 685
68 82 314
68 79 370
114 45 703
167 22 415
35 2 802
87 42 595
14 142 34
11 14 273
61 93 493
166 142 487
40 162 718
127 15 766
6 143 76
95 108 335
96 31 133
118 51 232
33 143 462
9 164 288
127 165 702
111 122 599
166 69 847
113 128 255
54 48 34
151 104 877
39 51 104
100 104 214
34 119 388
117 133 863
117 24 519
93 94 548
60 162 954
34 24 198
13 17 916
74 34 89
86 113 405
92 49 877
117 66 733
156 62 736
19 10 915
166 129 964
11 66 431
61 35 941
117 32 813
44 60 435
169 151 545
66 153 606
157 94 640
62 150 738
137 161 526
50 122 519
76 161 516
94 108 157
42 123 927
93 42 293
124 123 868
65 54 893
92 162 340
169 148 565
81 21 169
111 28 609
52 55 869
101 91 670
26 141 598
118 159 491
114 103 497
6 153 498
53 84 777
144 81 309
112 168 66
6 118 874
64 121 909
27 5 372
111 5 555
28 43 728
103 105 327
91 12 621
146 96 407
73 6 926
48 59 844
7 32 652
23 99 543
100 89 788
100 70 477
39 73 940
24 90 72
82 59 128
10 97 429
13 79 471
71 120 7
159 169 390
54 95 344
31 7 782
80 105 762
16 47 856
50 108 624
31 89 796
74 69 972
85 113 487
25 28 391
13 162 685
44 120 741
93 68 583
55 38 387
102 20 156
16 84 412
99 168 706
13 8 891
117 125 481
148 13 634
69 81 108
62 153 115
64 125 48
138 41 348
47 20 28
152 15 798
105 54 678
28 78 165
62 166 691
56 58 56
29 127 183
154 64 958
33 60 405
138 14 582
20 78 419
14 4 210
67 30 228
61 48 84
76 57 806
138 84 314
71 30 821
44 103 170
11 165 158
72 26 322
22 158 395
92 95 379
71 95 495
50 68 791
137 23 488
16 149 842
20 95 370
58 50 670
64 163 571
131 0 443
162 67 348
30 88 194
46 45 379
128 120 10
42 134 706
11 3 802
113 51 906
100 116 187
75 118 225
39 58 300
61 47 149
117 42 614
67 53 4
51 137 762
13 160 600
8 2 574
137 36 94
145 154 359
105 13 136
88 131 990
1 124 295
140 26 630
126 23 561
28 65 344
5 67 691
32 133 416
118 4 798
67 99 906
139 170 293
28 148 344
34 156 559
98 47 310
0 117 162
165 20 253
152 42 677
71 138 685
155 154 82
128 151 579
92 26 673
0 88 417
45 106 33
30 133 166
114 14 259
162 164 597
34 44 828
84 78 204
12 125 872
90 72 434
50 4 519
158 42 495
158 148 819
111 62 936
124 146 985
8 9 580
3 63 573
147 63 645
154 56 627
87 114 458
142 7 911
95 115 727
71 137 949
166 140 514
73 13 388
117 18 409
158 116 984
120 24 776
142 59 333
131 66 604
46 137 915
8 106 196
84 166 477
102 150 813
51 16 684
19 166 456
146 117 259
164 111 942
62 53 151
134 151 758
28 105 14
0 38 924
148 65 324
130 156 781
127 84 76
95 114 403
25 61 483
116 84 911
73 168 819
110 22 784
100 60 10
56 10 634
92 119 985
34 94 835
19 105 727
69 2 986
90 0 591
113 94 880
94 167 353
124 65 32
111 60 120
0 50 211
16 30 288
156 10 241
98 145 329
135 84 21
94 59 564
65 139 125
45 142 217
158 155 502
40 58 746
162 23 731
97 8 224
62 81 903
43 1 931
159 133 949
150 37 981
170 16 323
85 145 535
51 139 941
107 5 887
152 45 675
42 164 310
70 44 948
44 141 998
19 136 357
97 8 758
87 25 283
107 167 387
74 88 863
72 12 160
60 164 432
167 95 698
81 0 220
101 140 269
143 146 159
112 63 225
84 146 499
87 52 774
50 58 690
152 137 217
79 59 928
15 111 833
140 118 183
127 109 657
147 136 969
8 48 990
20 104 317
103 116 371
23 155 237
82 74 337
128 131 330
99 160 302
28 97 636
69 168 986
77 15 836
152 111 939
120 82 510
82 156 863
144 45 745
130 142 756
50 33 282
142 162 251
142 34 310
45 27 935
113 114 629
74 56 175
112 43 953
144 85 161
125 55 612
67 144 726
82 97 35
59 54 454
108 74 680
50 110 751
10 94 534
131 85 925
63 83 612
40 142 675
54 140 391
142 119 849
21 120 669
163 130 126
147 116 928
152 45 75
152 101 525
143 92 658
93 32 549
100 64 546
24 76 375
165 123 65
138 24 707
105 76 320
58 170 92
14 132 629
50 59 355
137 93 230
54 146 800
50 124 715
98 13 922
69 120 728
107 13 34
11 163 150
130 119 760
142 169 293
138 33 146
161 29 16
3 129 782
121 72 152
107 165 279
57 59 389
63 44 682
108 54 465
168 155 995
159 103 63
123 32 532
20 84 824
123 2 90
170 61 685
19 107 470
87 167 38
143 153 392
3 64 216
137 63 880
9 113 719
62 21 472
49 0 858
104 145 120
161 73 40
100 38 713
118 53 28
97 72 840
74 0 897
7 144 860
131 120 412
75 63 33
8 39 927
128 97 514
115 18 552
79 137 293
126 91 361
150 64 705
59 167 579
27 65 730
120 104 309
5 139 845
32 35 146
157 118 842
87 44 111
166 164 363
148 157 986
6 20 967
78 113 757
140 142 145
45 92 337
107 62 339
90 89 762
167 16 658
41 123 166
23 30 661
132 2 389
16 38 7
64 61 159
92 154 575
52 1 757
79 20 416
38 85 647
129 152 181
69 147 803
67 21 960
53 95 233
125 51 8
106 14 772
18 30 630
15 21 791
124 151 760
149 42 908
4 94 5
56 159 297
84 109 494
6 126 830
143 128 572
115 110 345
9 25 608
150 121 474
80 63 668
37 71 921
129 2 283
148 130 107
26 100 143
13 74 735
132 18 294
40 35 121
112 45 718
160 139 42
60 115 80
115 7 328
150 130 858
87 30 293
5 114 416
70 113 498
25 90 393
45 98 723
37 38 600
35 18 57
143 119 71
106 130 625
79 33 78
162 66 732
140 30 862
60 156 162
93 48 615
97 50 218
50 32 595
138 29 660
159 11 825
90 147 515
5 46 903
60 13 104
50 93 812
61 146 883
159 154 575
58 16 287
55 33 614
155 116 442
165 8 649
130 95 489
97 2 673
43 91 871
42 12 347
79 0 416
88 163 691
94 48 91
163 2 466
53 55 457
50 7 641
20 99 853
143 95 342
99 21 29
126 30 418
157 35 830
65 73 832
35 127 340
127 76 903
9 164 556
138 102 537
3 157 31
48 86 828
163 83 969
108 156 197
40 103 474
63 40 531
163 29 318
153 87 331
35 149 479
40 150 542
160 153 608
51 12 603
54 11 42
76 134 2
93 95 489
22 88 951
154 2 908
29 137 927
85 135 752
13 150 418
19 118 651
24 62 773
169 113 976
97 45 229
18 65 875
116 111 714
114 131 506
117 15 729
109 128 371
51 39 630
20 8 591
82 39 269
127 13 278
40 13 735
138 36 829
1 116 600
159 39 500
13 90 513
118 140 604
82 153 875
105 126 228
39 13 446
78 55 637
45 151 941
1 99 121
48 146 292
14 85 734
23 123 298
30 138 31
55 170 293
156 116 134
108 106 373
167 12 152
58 37 144
136 112 745
71 109 241
164 75 975
160 139 710
166 164 391
36 143 799
99 74 601
104 119 551
49 20 351
29 137 785
110 44 411
84 4 619
27 77 498
134 2 134
110 139 691
134 98 476
71 32 158
97 119 413
68 65 279
119 88 417
82 62 225
158 146 316
44 68 132
88 6 895
57 11 31
103 124 946
81 129 525
29 146 753
81 98 977
10 12 871
60 87 937
168 149 791
84 44 163
116 55 30
168 38 487
29 156 307
61 46 706
15 11 152
87 139 512
1 15 918
54 68 295
92 78 329
80 119 937
39 164 234
58 80 299
150 153 872
138 28 612
54 122 193
94 81 544
105 93 327
62 166 522
123 3 875
131 22 673
109 119 11
89 158 263
15 12 766
86 75 726
12 38 685
80 49 586
84 72 182
100 66 463
5 92 837
90 23 528
93 74 797
97 145 212
156 134 8
34 136 333
101 80 516
153 119 326
103 86 152
89 155 606
71 49 96
16 29 772
69 82 961
159 0 701
138 17 832
16 145 885
74 11 292
105 100 10
24 125 563
92 96 374
19 16 404
75 49 578
6 28 528
152 92 408
18 71 158
53 48 455
126 19 101
56 99 825
154 104 797
3 76 28
15 147 921
60 113 388
23 112 307
95 15 531
54 26 846
42 99 438
99 159 635
16 97 557
150 95 831
159 41 887
51 82 794
85 131 542
43 71 440
132 12 259
87 121 406
158 74 746
132 128 243
61 27 291
4 19 686
127 110 568
1 49 895
56 13 180
151 4 584
120 11 162
165 100 435
55 94 642
8 125 98
29 46 38
49 21 185
144 77 962
161 33 376
36 0 789
88 34 142
120 99 690
113 148 540
87 61 805
45 140 414
155 97 583
116 166 43
92 146 604
114 56 126
86 59 442
46 140 955
54 7 356
114 15 722
158 69 838
132 161 786
28 19 246
11 10 245
16 9 665
154 9 689
16 135 516
109 93 967
28 125 630
169 89 424
165 124 175
15 112 881
35 155 852
125 167 587
65 170 554
114 37 869
156 44 398
24 16 73
123 44 401
128 157 377
14 98 280
148 22 516
13 11 402
69 137 666
8 52 1
12 20 172
145 42 926
161 162 94
97 149 882
90 160 742
17 156 348
114 24 442
122 77 898
135 121 354
158 77 707
162 145 619
135 108 28
23 137 298
142 35 969
102 131 945
114 2 999
20 49 622
101 160 557
114 58 326
166 169 410
159 144 548
55 31 422
165 78 733
111 40 793
105 0 59
7 70 726
137 72 510
156 169 623
155 11 416
48 85 102
0 29 453
166 5 193
17 9 242
3 147 407
162 153 563
59 158 268
4 9 848
36 128 746
76 73 797
95 110 419
10 5 570
75 94 357
127 100 153
94 63 112
85 22 349
73 8 316
63 60 664
117 74 525
42 32 511
98 68 511
19 89 278
138 153 967
83 130 321
163 55 86
139 155 877
155 47 127
103 17 244
1 72 61
28 6 392
107 100 509
113 130 244
43 117 414
117 28 556
1 123 411
100 106 625
121 89 282
39 159 400
13 4 51
18 125 821
103 88 155
108 33 422
28 130 69
67 34 710
12 108 530
46 49 771
141 16 7
51 59 300
89 98 559
31 68 713
120 70 474
150 59 791
40 170 978
94 89 428
102 125 63
70 82 695
104 71 550
65 112 394
126 26 404
69 126 399
72 4 573
104 36 164
107 29 456
25 63 619
23 7 561
164 21 847
133 13 647
129 158 930
41 87 517
68 138 544
119 38 548
143 74 795
159 46 352
60 139 29
70 101 656
75 43 487
41 124 275
138 107 69
100 38 822
18 115 490
151 83 532
1 40 851
2 24 344
67 25 606
43 151 86
109 54 880
37 16 208
132 100 609
1 78 586
82 140 92
9 52 927
137 117 839
132 48 759
128 1 705
96 66 123
137 123 604
73 24 572
96 116 283
51 86 266
159 143 905
91 8 470
2 153 424
81 0 636
82 122 697
167 112 372
121 161 265
30 110 988
132 53 744
159 112 607
29 116 531
10 152 768
135 77 616
44 152 431
48 94 4
16 21 335
38 26 384
66 33 57
80 10 957
112 54 791
131 18 899
145 159 436
4 143 456
130 75 505
156 81 393
159 4 946
155 135 55
18 43 933
121 34 589
56 47 875
144 141 361
74 165 600
40 160 996
121 50 756
118 137 609
54 123 853
151 143 334
113 15 383
33 107 598
47 167 752
38 148 780
159 85 940
127 152 768
13 86 509
163 16 972
78 71 797
114 28 718
9 14 23
4 78 76
39 104 527
143 106 393
125 37 126
18 168 202
27 57 635
9 20 580
101 84 569
78 128 446
1 164 683
166 156 987
21 56 713
86 71 44
3 137 978
109 167 61
129 117 46
100 105 848
44 50 845
95 39 112
143 69 243
38 146 551
118 41 245
27 146 607
88 35 662
98 61 223
126 8 989
81 111 930
44 151 491
56 82 340
37 64 256
133 111 491
30 68 606
97 95 855
6 109 980
124 153 241
88 142 911
77 18 132
126 26 627
107 53 978
70 159 608
50 22 143
117 12 176
150 143 442
103 54 147
121 80 803
113 43 789
16 133 362
115 110 376
109 156 144
124 65 282
111 71 863
3 15 115
46 130 968
2 165 322
132 110 593
163 10 610
98 5 894
113 118 271
15 118 53
119 159 797
130 164 866
1 77 502
135 8 711
52 10 942
90 150 332
59 17 205
166 26 719
139 57 760
123 155 835
3 99 976
33 168 255
10 7 285
17 55 722
113 154 362
51 26 447
139 5 248
12 16 400
93 44 248
81 94 541
1 10 330
126 102 529
12 84 713
116 2 980
152 19 304
61 53 85
46 157 402
41 160 944
48 66 370
125 24 796
168 63 990
37 166 91
9 16 447
78 118 28
7 164 649
163 4 384
32 164 956
45 72 399
23 168 973
24 148 225
24 169 468
18 70 485
62 126 318
146 145 183
57 6 163
94 114 338
169 50 312
29 94 917
158 32 83
79 106 29
53 111 135
66 109 874
81 42 711
36 135 318
77 74 830
93 83 762
112 5 470
149 98 810
38 103 105
89 59 991
78 31 968
50 102 501
20 55 61
65 149 513
43 162 853
10 3 388
40 6 807
123 41 1000
41 160 132
73 20 893
108 23 465
68 83 402
98 94 872
41 71 500
44 42 57
163 12 637
11 83 629
19 17 380
148 67 187
118 96 10
69 121 384
45 15 983
89 7 582
90 2 164
166 52 189
80 135 308
134 26 212
47 159 141
125 140 882
117 90 699
77 134 179
101 72 52
80 130 985
94 134 934
84 11 744
120 91 716
20 155 428
167 24 655
126 168 603
113 47 27
163 9 354
53 117 257
52 28 133
96 155 678
90 102 519
71 155 349
85 164 165
68 16 286
160 79 992
118 15 83
107 140 266
132 58 258
10 25 876
77 36 834
4 72 114
165 120 144
46 124 598
102 78 486
75 15 416
36 123 921
1 162 47
153 158 712
54 36 515
46 76 583
86 120 545
13 108 93
88 166 374
141 42 405
131 109 182
68 4 305
136 118 122
12 109 730
158 132 594
86 13 375
129 160 431
48 82 785
130 122 755
32 96 378
72 158 420
142 98 779
81 99 669
57 68 239
158 112 407
100 14 142
135 75 812
113 29 593
21 110 315
99 134 895
81 159 53
130 125 742
170 118 525
16 134 394
148 60 953
166 77 797
36 106 701
125 86 42
114 133 216
49 97 1
18 119 181
84 30 867
39 161 190
164 163 912
64 27 576
128 19 708
48 162 789
138 124 637
136 106 497
134 35 659
110 123 663
90 70 148
95 70 869
155 85 944
1 85 750
0 153 636
100 154 479
105 111 403
161 36 674
18 57 383
56 12 688
103 4 361
42 100 838
77 64 781
49 152 808
118 3 656
158 142 191
167 137 823
160 41 29
166 111 372
109 22 106
120 129 425
36 166 886
162 78 562
48 114 433
49 65 599
119 56 507
87 34 121
122 48 482
126 0 233
46 167 627
143 31 377
134 142 637
167 163 2
130 83 291
109 143 851
31 117 80
63 27 226
127 24 616
119 98 87
41 62 792
81 41 635
19 151 24
115 12 292
7 79 806
152 47 25
152 69 914
27 103 89
116 58 844
60 92 884
24 39 559
52 18 602
23 69 931
101 93 424
79 152 612
93 161 974
123 131 674
125 96 236
3 151 335
30 131 693
1 23 37
46 124 367
49 44 731
75 160 279
21 60 64
64 154 431
143 119 537
59 25 975
4 106 231
116 66 900
152 68 76
101 127 173
111 96 731
75 73 67
147 72 976
151 98 683
12 80 987
55 73 621
39 57 935
100 71 743
102 16 125
26 63 190
56 143 112
51 93 927
39 129 727
148 98 994
70 44 413
125 60 251
36 134 118
68 21 953
168 106 745
168 113 275
11 94 506
76 46 932
35 21 172
17 136 649
36 154 109
51 169 401
146 0 795
117 105 344
4 34 519
130 52 353
22 26 960
4 123 75
23 33 199
11 77 513
114 3 147
128 115 179
125 5 104
160 150 414
136 64 858
72 59 632
121 89 997
26 100 337
8 107 771
81 21 952
9 73 746
122 114 139
82 37 836
148 69 277
85 83 969
163 29 659
131 168 364
115 169 864
28 124 334
113 77 395
163 90 777
122 74 19
134 93 152
64 60 282
139 100 534
123 8 140
58 146 740
168 154 778
6 21 16
8 74 492
32 18 767
25 156 762
34 93 5
24 116 343
135 121 641
92 101 998
123 159 977
112 81 694
75 73 337
37 27 283
75 122 93
169 54 960
154 99 705
144 30 168
148 78 885
73 149 496
51 29 910
45 31 206
131 123 637
168 137 143
105 82 27
13 132 873
42 169 304
10 109 521
144 81 748
53 122 335
80 77 462
146 81 948
57 123 67
41 33 317
69 119 760
93 71 924
67 111 545
20 127 946
33 168 555
124 160 900
150 134 298
159 123 235
118 97 726
129 47 439
95 75 68
5 111 582
133 124 137
19 7 988
36 48 742
116 137 516
42 12 363
155 35 480
8 10 218
86 106 670
142 30 359
87 69 605
98 147 479
109 107 856
54 35 547
133 112 775
5 99 950
106 160 203
146 49 933
139 91 670
57 86 206
86 140 981
125 157 68
159 22 15
97 123 382
23 116 372
40 28 984
100 18 510
18 93 975
31 4 857
164 11 782
101 92 910
71 39 140
139 48 568
69 81 147
118 18 168
159 129 215
84 170 627
37 49 203
92 77 193
123 95 145
124 41 102
130 132 574
4 92 69
27 18 29
161 136 478
45 43 855
83 142 825
160 85 370
122 169 140
144 108 97
77 123 726
93 109 947
12 111 374
42 126 952
28 4 273
143 0 981
11 96 102
116 142 184
69 55 640
57 77 853
131 52 698
58 6 182
71 75 86
81 112 291
32 168 746
158 31 464
36 73 279
89 114 535
25 84 641
46 31 586
157 168 815
167 141 694
128 124 468
134 85 671
119 150 668
158 168 177
28 163 22
157 7 921
71 36 963
103 95 787
114 47 708
0 54 710
164 132 615
26 148 501
27 28 845
66 16 48
135 30 438
42 129 768
9 41 130
119 10 136
123 84 734
31 71 702
27 129 916
13 139 512
36 52 77
39 43 973
125 143 771
14 94 435
5 66 573
143 145 970
140 60 731
9 83 338
60 139 558
116 15 502
33 47 514
14 137 133
51 153 525
108 58 911
108 157 621
32 123 987
151 116 193
108 41 854
130 60 624
93 138 335
112 128 782
46 127 936
2 28 485
143 12 936
108 144 930
157 22 788
2 113 205
86 34 572
105 101 533
146 105 128
112 92 938
128 45 201
80 110 166
34 2 400
137 92 870
138 39 745
41 129 159
158 156 380
4 54 724
170 91 16
89 149 874
115 31 924
72 52 532
151 109 365
122 81 365
131 65 700
148 151 717
100 25 42
23 53 103
152 71 454
153 94 316
20 162 864
11 9 71
65 69 297
142 18 60
82 44 739
168 27 792
67 168 871
71 136 885
157 35 883
125 50 322
150 144 705
45 169 423
123 119 294
138 34 882
169 130 965
76 136 228
74 56 819
40 17 570
98 85 783
106 60 229
143 137 507
105 31 135
19 127 763
26 79 422
33 68 415
96 89 84
82 75 422
160 65 254
19 87 519
136 169 946
12 70 599
33 24 568
165 143 397
118 52 609
84 81 738
70 46 761
142 146 120
145 30 383
115 117 453
32 53 206
66 82 293
156 31 114
45 42 675
127 56 569
113 28 961
111 135 852
42 157 581
119 36 408
138 122 674
124 84 428
148 115 640
15 8 66
32 51 244
54 151 660
47 32 953
86 9 295
162 49 919
80 74 36
125 91 733
87 160 547
37 122 511
69 103 689
60 129 92
68 7 247
31 155 404
59 78 994
67 166 78
27 75 93
61 77 832
43 15 336
98 53 277
118 25 726
145 95 783
54 125 336
117 87 778
117 105 97
4 149 425
101 128 1000
16 83 835
128 70 370
91 170 52
43 64 226
161 40 81
116 154 292
20 75 861
157 33 473
35 72 224
1 133 21
92 59 389
93 71 903
68 60 807
81 146 621
35 158 385
54 84 424
47 130 319
133 43 155
106 142 3
130 128 45
102 142 863
96 170 597
23 33 957
64 15 672
67 39 582
12 83 433
53 158 628
81 73 320
75 76 162
120 169 532
96 31 401
93 53 496
116 167 292
129 90 446
8 71 59
142 72 790
127 81 821
81 3 329
74 58 339
113 75 464
86 100 52
105 98 314
138 74 350
29 94 8
161 139 508
111 52 678
157 111 300
25 134 33
162 152 588
30 99 730
132 80 702
92 98 891
104 31 182
35 20 463
126 78 538
88 81 281
8 121 615
40 119 857
168 145 577
141 72 202
52 12 331
28 127 333
14 149 712
31 14 612
95 46 138
116 31 370
118 37 101
91 104 362
87 21 571
157 63 555
143 41 654
163 50 5
28 9 166
17 152 652
115 106 866
143 93 330
75 26 783
155 37 986
133 22 347
132 137 209
44 121 679
32 165 946
132 89 782
104 163 12
57 164 975
51 12 488
155 82 818
132 133 997
102 96 648
125 162 72
90 7 525
85 80 316
56 159 418
45 80 916
94 61 282
23 141 734
78 67 13
7 149 558
103 31 508
14 159 92
113 17 269
23 141 357
160 103 475
121 33 6
82 112 446
137 139 351
14 16 232
40 100 847
98 113 56
135 139 345
122 65 184
36 52 633
80 59 279
146 108 802
32 79 506
33 49 200
82 66 362
138 139 158
141 91 997
45 103 132
131 111 989
15 38 623
105 7 523
36 94 415
142 33 413
78 97 399
118 140 995
46 24 935
115 153 432
135 16 808
18 84 463
71 101 293
168 72 774
121 32 877
14 131 138
9 143 587
25 93 513
6 49 74
78 24 83
9 134 53
32 52 805
42 49 383
169 37 580
116 157 301
4 65 251
20 108 242
77 31 57
75 83 938
135 162 496
6 158 755
123 99 447
126 161 946
7 24 725
88 79 633
132 168 650
0 83 427
71 125 690
132 66 938
153 45 665
133 139 498
110 88 293
33 163 529
35 76 282
132 8 59
84 79 345
74 0 721
102 47 837
97 90 30
102 165 901
48 31 14
15 91 870
135 18 290
34 134 922
95 116 771
146 145 83
163 76 322
150 112 360
24 116 415
127 152 375
97 64 581
30 35 950
90 163 633
138 125 971
104 29 500
139 10 500
40 80 491
168 106 927
112 36 756
152 79 431
91 126 194
34 68 641
1 56 852
89 87 960
15 25 148
25 123 434
23 128 344
37 80 193
95 89 172
96 92 600
47 156 842
25 49 678
81 13 896
48 38 93
100 2 794
15 97 348
148 84 282
154 126 338
50 127 300
85 46 272
145 137 924
16 113 713
143 96 575
10 52 671
65 128 628
103 16 77
41 12 878
45 46 702
128 104 528
95 40 679
132 56 63
106 89 638
122 158 771
30 20 670
40 151 704
116 26 749
72 83 558
163 126 323
20 64 841
80 106 235
150 16 595
5 122 232
115 55 332
15 59 288
37 104 283
27 95 12
37 161 305
148 75 871
126 18 136
55 77 725
37 60 78
78 60 105
25 80 629
77 101 113
16 121 811
72 103 593
43 25 618
39 16 201
120 158 939
35 144 39
143 140 180
50 24 636
121 100 318
53 74 67
103 68 641
103 156 917
11 29 907
165 66 112
71 74 894
139 61 507
13 137 881
108 161 105
75 81 427
164 7 148
89 106 319
29 71 269
40 94 898
116 95 154
114 154 548
96 6 866
103 33 30
144 10 458
7 22 937
108 15 465
169 125 271
29 160 656
95 50 904
118 81 604
60 115 488
4 85 243
62 40 905
45 113 694
137 95 979
128 124 162
76 9 201
4 17 712
86 90 597
134 87 224
22 78 510
17 165 648
144 111 492
112 153 869
136 116 289
69 138 430
151 73 987
139 46 282
103 121 419
40 148 765
107 22 432
145 62 560
160 100 736
149 169 444
99 111 493
59 26 343
165 63 658
5 114 128
47 136 218
34 39 150
30 112 997
140 54 623
146 38 843
50 139 484
78 15 8
73 62 770
91 93 181
65 42 401
33 39 99
55 155 191
121 94 660
144 8 186
79 159 364
38 71 961
94 123 272
170 109 528
77 115 29
169 129 573
30 76 701
117 146 307
76 141 512
129 42 379
136 169 657
125 160 233
148 100 19
96 9 127
45 116 663
46 162 253
39 3 135
60 168 282
150 4 434
52 118 597
99 117 714
142 40 361
15 129 862
85 19 389
125 113 942
108 24 665
156 5 416
1 87 833
91 105 993
150 87 60
74 147 725
150 98 667
161 61 244
6 147 284
3 11 935
157 71 570
117 135 624
148 115 498
14 77 203
36 65 171
117 0 10
10 48 418
102 101 248
40 102 327
41 23 152
71 79 932
41 89 792
151 119 868
49 48 318
163 150 788
41 98 862
33 25 430
91 141 514
130 87 610
132 45 532
167 14 859
113 162 499
15 163 85
8 72 579
91 67 452
95 164 92
43 9 632
120 83 301
55 157 848
17 100 963
48 90 360
162 51 506
53 152 215
100 86 130
118 144 259
1 60 758
27 78 972
53 169 552
112 57 137
53 50 800
75 100 410
28 16 322
68 117 903
6 25 936
33 105 4
64 51 19
29 119 415
16 150 732
65 95 248
114 130 710
161 63 708
70 93 825
98 2 357
45 167 236
62 8 785
95 76 882
82 22 521
30 32 415
167 141 938
111 82 55
14 91 999
53 26 353
164 132 427
83 151 717
134 129 781
160 162 290
146 152 685
18 2 724
121 140 91
137 127 349
21 114 431
37 24 530
16 96 959
7 18 957
37 135 658
44 154 171
101 94 541
129 70 121
39 52 317
81 141 786
20 111 908
43 30 641
91 51 880
22 83 208
135 28 436
38 162 260
137 49 165
25 19 31
39 21 650
33 92 872
76 134 729
70 118 146
22 121 901
30 31 214
147 77 936
169 78 4
41 67 970
156 157 687
150 71 959
41 36 587
80 20 996
125 47 527
74 15 955
101 94 280
49 158 167
62 122 900
126 36 127
127 149 213
93 66 555
1 112 427
5 70 236
146 73 962
61 56 358
89 7 488
42 169 762
116 22 237
43 131 473
23 156 368
89 151 172
36 55 701
129 19 524
140 30 108
45 16 704
31 91 443
46 68 622
34 162 172
11 20 212
0 21 292
84 161 852
34 137 238
100 60 732
154 3 134
114 58 834
52 109 586
157 31 632
68 30 422
99 26 751
45 79 516
117 100 36
163 44 762
127 2 762
154 46 453
94 109 840
156 29 114
10 149 322
156 71 590
146 89 158
144 157 973
62 160 963
11 103 450
10 55 274
55 22 689
17 137 364
168 52 119
148 107 692
109 82 588
151 157 789
156 107 201
164 40 122
126 135 922
122 64 861
87 91 267
162 147 921
87 65 42
102 101 201
17 143 203
154 150 179
125 120 584
105 98 265
95 140 977
108 155 410
88 169 744
84 7 900
3 40 219
142 22 979
68 19 788
39 37 548
71 54 921
144 42 127
34 70 611
158 108 691
50 76 104
70 168 220
35 0 680
83 48 404
112 47 421
134 144 673
69 111 788
103 109 422
67 36 376
160 42 46
166 103 256
7 20 723
3 46 434
78 159 954
27 89 970
100 119 654
127 148 180
66 103 239
75 63 105
136 38 394
39 52 334
149 47 8
143 79 488
72 49 384
103 106 746
55 3 867
80 49 797
152 65 376
137 140 994
40 61 3
77 3 460
152 144 136
142 93 60
71 106 381
160 28 4
62 121 65
134 45 681
62 1 266
87 128 972
58 134 174
3 56 709
150 90 389
162 137 107
127 167 440
143 66 526
4 38 571
170 53 90
158 5 349
128 45 259
8 124 304
156 108 631
17 76 311
101 134 832
81 69 305
76 50 64
71 53 16
55 165 764
82 138 996
49 88 745
117 35 562
48 6 104
107 116 748
128 147 691
156 163 124
16 5 916
4 127 617
46 3 130
94 31 224
52 120 792
70 27 525
39 131 794
114 54 841
78 9 228
1 140 514
113 157 391
69 74 450
43 37 492
169 21 335
113 36 239
12 37 97
33 7 251
32 83 538
26 112 53
135 64 930
16 122 411
131 135 920
152 98 955
102 114 941
102 77 709
128 26 401
34 39 280
148 166 1000
92 28 322
0 161 610
32 145 251
123 81 414
136 167 213
46 85 160
73 11 173
115 72 380
11 159 868
4 114 997
121 54 361
124 120 875
46 45 680
29 17 560
62 70 746
93 15 315
94 72 794
78 94 818
54 110 165
18 89 99
19 45 59
53 10 25
11 46 524
45 51 641
46 27 153
164 100 952
46 56 903
64 166 9
75 48 541
155 126 671
7 103 862
94 70 197
50 15 464
117 154 628
102 30 986
135 7 121
7 80 653
133 13 630
84 82 283
144 131 552
152 75 930
141 136 777
63 49 210
59 110 368
160 52 592
85 3 651
150 11 207
22 126 262
137 120 993
155 17 859
2 54 605
13 37 311
101 94 576
6 41 456
103 86 562
21 162 587
36 50 284
169 112 901
119 112 124
84 146 983
39 156 934
98 71 512
153 30 365
122 4 55
113 51 90
167 75 681
98 67 24
0 54 181
138 15 554
106 77 669
56 47 668
122 116 665
23 115 965
159 25 759
143 150 925
85 19 294
139 1 838
33 8 776
65 19 651
105 169 981
157 131 416
7 73 763
116 155 987
158 77 450
11 83 975
103 38 919
140 92 469
152 61 634
10 145 135
12 35 225
79 90 536
37 114 258
135 142 137
61 132 228
81 73 943
1 135 165
73 155 166
78 71 960
33 41 27
18 28 253
116 25 935
22 90 255
137 59 61
25 54 304
79 135 220
137 61 353
120 10 850
165 26 592
35 122 135
140 157 453
103 9 405
0 113 971
4 27 409
144 149 202
2 131 959
10 56 276
100 97 655
156 63 245
118 154 918
47 147 474
113 47 257
9 101 260
110 86 815
68 33 508
158 35 537
98 163 529
97 119 9
64 54 495
68 56 244
156 110 282
96 25 24
92 137 223
105 73 999
13 165 645
99 5 723
103 99 777
28 73 535
152 33 577
78 48 187
138 163 82
43 144 102
120 98 478
55 134 280
28 60 505
132 10 390
115 103 150
117 76 914
42 88 88
151 169 661
4 26 773
141 118 256
28 64 688
130 108 85
164 138 644
106 14 745
34 12 962
170 138 765
111 62 938
157 25 469
114 125 91
80 76 25
92 107 243
42 38 910
95 12 752
63 140 202
63 132 322
62 47 481
156 89 295
90 119 890
127 113 922
40 117 948
60 125 551
85 30 447
61 165 299
158 2 211
162 113 454
29 57 434
125 75 63
13 144 178
154 104 488
2 142 924
15 42 347
168 66 329
120 127 929
42 162 21
123 65 523
28 143 160
113 22 176
91 63 314
122 153 741
137 149 446
125 32 452
84 121 34
138 21 671
31 0 625
63 98 491
142 37 396
132 6 525
28 39 356
142 70 334
33 103 487
36 140 706
4 88 552
28 105 289
119 113 342
112 129 263
127 86 649
124 142 574
14 65 271
49 71 25
27 100 790
85 37 842
152 85 856
45 123 717
160 93 852
22 25 904
77 141 558
95 90 350
83 87 856
135 126 538
127 72 459
72 30 974
106 115 239
111 85 270
8 51 818
138 42 602
100 121 122
72 75 589
120 116 80
6 53 312
118 4 312
144 42 413
123 13 748
21 62 181
14 127 217
168 131 170
79 83 722
98 81 247
0 62 367
46 13 542
155 5 915
72 20 588
98 136 306
123 89 189
6 46 906
85 20 926
35 25 307
60 74 247
45 16 79
140 73 240
102 134 879
74 67 74
67 42 454
1 98 700
28 88 840
82 39 794
68 37 846
64 38 463
40 135 926
88 63 62
115 23 958
30 136 411
92 6 476
2 105 928
58 7 482
129 58 968
46 48 735
50 150 168
164 99 284
134 34 519
159 41 417
70 67 855
45 147 574
18 96 748
121 85 348
78 129 515
4 170 292
34 92 6
124 6 674
33 6 28
109 8 983
60 25 566
67 108 328
105 61 626
149 13 941
77 129 257
119 123 426
104 119 552
163 123 165
135 4 778
47 32 593
24 166 617
164 56 111
76 59 632
169 52 1
71 103 814
47 7 768
167 144 496
122 52 23
119 130 361
163 167 955
150 156 320
141 144 983
39 96 201
17 72 572
39 137 649
138 160 3
127 16 227
135 52 623
22 78 463
77 126 799
91 163 129
133 27 278
38 135 279
23 109 450
99 39 66
89 127 120
142 63 37
84 68 342
142 69 310
12 38 317
155 161 272
64 6 912
14 84 76
162 47 735
13 169 27
49 159 203
100 91 258
70 51 283
36 131 786
35 47 61
1 168 200
127 149 597
29 162 374
0 62 645
15 89 393
121 127 42
36 4 246
58 39 452
26 63 143
5 26 568
10 70 340
88 79 680
25 41 899
84 42 392
121 161 880
74 111 368
131 137 38
151 10 772
52 91 60
102 26 729
139 152 847
106 123 724
37 95 500
71 90 550
114 48 114
97 91 731
46 42 368
79 39 14
13 77 720
158 129 759
113 60 481
59 36 982
50 168 385
65 54 14
56 81 373
131 167 607
161 43 675
99 110 4
156 94 392
29 116 531
102 16 613
150 117 321
96 51 112
13 59 848
11 3 101
11 131 209
108 150 772
54 166 551
76 30 739
110 100 572
168 22 657
108 153 965
45 105 784
162 140 964
160 38 650
166 50 400
137 109 214
7 10 197
52 74 355
96 14 733
17 152 581
38 167 847
23 47 977
137 102 526
55 22 72
20 108 232
141 55 169
127 83 705
17 52 586
2 85 565
51 59 714
110 29 851
156 169 480
92 164 96
1 169 552
26 76 491
28 68 972
167 52 836
14 155 208
111 78 698
82 19 587
49 87 900
159 19 130
126 74 1000
122 162 397
64 139 362
102 103 807
110 166 81
91 112 31
63 169 451
64 59 440
56 159 126
161 107 21
96 61 400
44 75 319
92 64 304
45 108 201
52 95 209
65 138 381
62 163 183
87 11 459
67 62 611
119 143 584
57 141 280
33 167 456
65 111 396
69 26 155
10 153 489
147 151 567
114 7 263
128 10 743
107 92 338
67 120 821
138 88 589
134 49 808
86 106 930
24 65 280
167 32 251
115 17 893
155 19 232
109 84 688
126 123 273
137 112 177
88 69 327
51 109 887
3 54 662
88 57 918
23 95 166
66 73 317
38 91 327
145 3 788
4 62 523
84 37 168
25 39 4
105 69 720
66 14 644
124 37 152
125 21 47
104 167 912
22 157 755
17 127 104
56 39 770
87 143 74
19 24 293
120 33 591
11 127 436
127 133 741
15 38 70
67 85 951
130 62 368
62 26 96
87 13 763
0 1 53
7 77 434
112 22 256
62 157 357
29 16 30
146 47 559
148 145 406
17 112 190
92 157 106
87 153 280
34 47 109
156 58 315
129 53 474
113 158 755
134 112 192
158 125 821
128 81 477
110 76 678
128 85 715
95 47 476
154 7 880
107 119 456
140 18 17
49 105 945
12 161 755
146 28 950
86 85 840
19 68 945
118 31 898
161 132 822
85 163 317
2 77 8
13 48 937
45 98 335
106 20 671
103 127 956
40 106 68
130 94 330
18 62 700
102 16 140
105 71 881
28 4 242
135 29 79
158 56 581
110 107 142
152 32 894
12 15 764
135 66 115
11 139 349
34 95 636
28 153 512
165 28 246
2 108 277
106 95 627
84 62 426
86 123 929
152 82 656
97 98 398
122 14 817
163 112 12
140 45 166
8 71 411
73 79 235
164 80 218
137 154 196
136 30 43
69 138 511
75 105 845
156 101 385
103 33 788
65 91 641
3 141 830
138 143 470
60 92 266
32 35 544
109 3 329
95 130 505
111 120 539
0 35 373
130 80 222
85 5 421
26 39 593
114 153 938
85 24 466
119 169 72
149 4 770
55 21 828
170 91 452
134 157 218
10 129 227
60 42 776
110 131 629
130 30 822
15 89 196
89 82 190
27 119 383
78 34 215
57 124 260
60 124 908
142 83 527
12 167 945
99 14 844
101 95 33
4 87 341
126 169 139
149 161 112
18 51 748
81 10 481
123 139 725
4 81 626
163 48 800
112 111 512
49 129 187
25 23 417
149 128 255
121 148 245
104 89 556
153 5 526
26 11 489
74 23 883
28 117 896
37 33 310
52 142 591
106 17 910
58 118 502
159 38 771
29 110 169
86 25 243
155 113 622
35 36 973
0 134 960
38 26 797
11 129 97
11 102 334
105 19 241
6 105 479
106 94 601
2 75 83
125 30 710
97 95 720
137 132 975
82 133 381
160 64 698
34 60 96
41 66 889
90 85 639
54 152 50
57 70 705
78 7 701
28 0 849
157 137 491
58 71 466
62 165 358
116 97 499
169 81 458
135 113 468
92 129 590
153 163 596
117 82 302
130 142 968
12 61 906
43 166 119
87 115 425
138 10 112
119 154 704
87 104 894
46 52 350
35 34 14
151 23 318
78 86 343
22 95 50
131 6 673
93 60 907
170 18 521
135 47 707
45 21 498
134 163 838
107 137 296
125 144 199
44 76 61
17 156 348
89 33 366
146 29 56
2 66 783
93 17 639
11 85 480
4 116 349
75 16 214
122 144 906
60 164 764
125 35 235
86 60 969
153 84 18
94 112 403
131 119 178
87 5 725
38 86 463
40 24 63
18 89 332
20 76 209
142 26 681
99 100 339
27 30 296
69 124 183
62 21 160
91 103 764
24 63 932
165 44 555
72 14 433
37 49 589
48 42 885
63 82 687
153 78 189
162 131 247
104 158 773
40 162 926
166 106 352
37 13 912
116 37 882
157 74 122
161 138 414
114 107 55
24 97 397
95 66 359
51 134 352
167 23 118
30 92 225
167 0 633
163 127 701
105 75 327
141 63 468
167 142 54
52 134 721
143 66 628
49 75 237
20 161 807
153 91 204
25 16 303
139 21 409
129 98 922
120 85 25
167 102 536
66 168 83
100 73 467
132 159 1
159 67 221
52 93 750
33 88 513
2 129 452
164 27 988
1 58 906
92 166 76
38 29 317
69 41 428
99 166 296
155 143 148
68 33 31
30 16 499
71 158 442
101 64 700
153 16 951
99 71 585
94 3 155
139 60 804
68 136 607
84 22 82
137 54 815
24 81 6
56 7 228
14 20 482
104 47 265
142 33 432
61 58 517
15 86 377
169 44 775
54 61 320
85 29 256
21 8 702
44 165 930
2 145 637
32 83 739
166 109 824
3 136 806
104 146 465
51 119 717
12 56 168
33 6 140
151 69 653
151 144 719
107 62 891
152 61 664
150 69 868
104 13 802
58 3 732
119 29 19
98 42 65
37 60 181
97 99 744
71 52 653
99 103 5
138 84 739
12 120 785
53 49 999
62 120 943
143 128 40
20 99 484
137 99 173
154 149 184
137 82 567
15 18 542
39 114 612
132 56 654
58 91 433
56 110 617
59 131 228
148 98 565
85 28 915
156 127 582
162 62 708
96 113 366
20 123 500
117 63 940
42 112 677
100 46 447
83 130 810
156 94 549
80 22 902
64 90 57
57 127 513
57 134 928
128 147 299
83 164 584
158 148 151
54 55 97
106 82 633
23 80 221
65 137 719
157 51 892
102 36 265
100 4 431
140 10 808
38 154 618
107 121 800
9 141 328
25 59 257
132 81 891
84 124 496
75 139 491
35 83 12
97 142 67
170 129 174
134 61 395
168 45 252
78 15 288
33 54 64
3 39 238
43 150 4
42 50 511
68 3 25
97 20 392
7 77 821
23 153 486
38 96 300
147 113 340
94 76 844
119 18 277
23 43 617
58 122 245
66 20 454
15 12 807
53 50 512
76 6 74
34 120 857
127 88 845
12 75 209
93 128 71
114 54 792
4 82 506
25 47 349
48 37 808
94 30 371
29 149 321
32 57 692
143 10 192
146 86 609
63 52 507
121 69 730
118 149 399
23 130 2
112 15 502
98 22 240
61 126 146
34 6 166
96 19 536
154 82 572
27 42 724
55 141 36
9 161 553
0 66 893
39 165 946
31 150 40
109 51 783
31 0 542
121 7 300
169 83 860
146 119 67
67 52 20
77 122 383
109 148 114
168 164 657
127 3 319
118 12 183
49 29 627
33 146 102
162 81 43
17 115 681
4 97 415
29 169 683
159 31 74
79 138 838
19 61 394
96 28 782
125 19 231
167 125 995
165 111 103
91 65 576
37 71 935
138 131 685
150 17 716
100 37 706
87 11 191
81 90 634
143 18 658
7 51 321
147 117 838
29 22 682
124 93 223
157 109 177
163 140 310
59 52 236
61 161 938
1 146 358
57 134 843
34 157 29
46 29 250
116 58 685
113 95 919
41 135 682
130 29 332
138 116 194
153 87 865
108 140 318
156 82 983
11 102 332
71 56 961
81 149 255
96 52 749
80 121 867
167 169 570
133 170 619
158 25 81
136 7 418
101 114 372
59 132 488
16 33 384
143 165 377
51 130 556
75 5 80
145 35 645
106 103 289
38 142 521
10 97 954
147 168 981
67 84 552
120 11 262
159 90 709
112 48 820
47 79 672
117 36 819
148 20 238
84 125 719
140 34 490
35 14 160
108 5 830
150 84 618
41 155 80
66 13 947
76 88 626
139 118 582
68 120 949
21 133 844
48 156 173
108 52 151
72 14 625
134 116 903
116 127 175
70 92 737
146 149 840
85 70 946
86 140 69
74 162 250
150 4 264
146 90 93
119 111 559
78 82 779
6 77 102
139 170 679
125 153 443
77 41 112
26 7 196
77 84 809
35 4 229
141 9 71
71 63 240
27 107 466
95 79 128
109 115 837
7 56 572
127 50 353
99 22 133
71 125 59
27 144 238
97 118 98
73 161 206
44 61 750
12 23 675
103 125 384
168 59 799
157 159 670
130 85 485
101 38 410
12 44 601
146 0 726
7 135 454
144 44 121
152 27 563
30 93 738
117 10 920
106 57 126
99 10 710
68 150 575
170 74 235
108 160 352
48 144 68
62 59 731
41 36 963
113 129 147
57 37 781
22 143 885
96 150 683
20 94 94
148 92 55
58 81 879
89 102 569
91 26 923
164 90 673
156 48 39
55 130 416
43 121 930
100 136 852
31 67 709
80 20 580
107 41 792
139 129 302
132 64 142
156 89 278
97 57 897
147 70 18
42 34 879
123 103 252
15 143 61
96 138 456
142 146 661
123 100 868
32 70 335
161 61 62
127 48 448
130 69 565
102 91 649
31 143 753
106 25 520
135 146 418
65 162 572
106 163 460
41 144 687
110 117 156
126 113 196
126 22 202
20 71 453
87 44 795
80 11 313
41 116 914
2 8 35
25 150 401
61 36 881
77 134 431
3 16 782
102 20 723
156 12 537
84 159 82
18 83 165
143 21 541
115 167 114
30 112 758
25 141 214
56 86 305
170 57 289
106 69 847
35 129 530
95 99 332
73 0 47
103 4 504
155 121 568
130 15 549
139 12 544
123 71 526
106 69 302
78 12 922
131 136 416
10 46 437
167 20 588
128 159 473
139 0 648
70 149 998
42 98 43
77 19 944
156 147 151
153 29 906
114 113 450
151 143 522
111 36 316
20 140 63
8 75 760
15 165 351
42 48 856
79 101 605
60 53 462
111 170 215
92 67 105
25 46 812
24 154 363
93 101 907
67 165 626
66 17 629
46 69 499
58 64 255
31 116 542
142 23 223
133 58 345
38 24 495
11 16 60
37 13 711
95 137 450
11 34 259
55 145 973
94 25 50
34 73 950
158 73 777
37 42 614
114 58 603
19 146 485
63 153 369
158 104 630
102 161 405
9 61 956
11 85 602
162 70 953
83 44 136
143 120 749
44 47 239
44 67 528
143 16 993
112 100 900
108 136 575
10 36 218
91 71 959
41 90 711
11 71 611
81 50 497
167 118 849
147 19 106
160 76 218
23 42 171
157 159 907
21 12 749
16 53 160
28 100 412
7 135 559
111 31 188
27 131 949
110 66 493
85 66 337
43 134 986
123 98 585
45 91 843
14 18 564
29 127 346
154 103 13
58 107 806
133 99 745
116 147 699
73 71 605
86 5 252
71 72 286
59 95 847
104 78 49
73 131 889
20 140 795
100 91 743
157 42 74
127 59 630
31 112 640
158 57 476
96 17 449
44 97 244
19 91 3
80 53 598
73 68 722
12 93 4
128 19 206
3 155 434
50 129 944
141 48 356
107 18 342
103 45 603
76 52 922
59 79 799
139 64 599
43 97 304
155 16 610
120 28 114
24 151 43
92 101 364
86 12 214
21 121 351
142 140 290
35 33 551
107 18 247
92 39 632
59 86 788
2 169 288
95 121 343
126 131 58
86 116 826
1 11 12
27 113 384
162 136 378
155 111 99
153 81 414
122 101 606
170 2 929
77 18 859
95 60 380
130 158 557
142 122 752
112 107 38
47 21 819
0 67 303
115 160 280
121 69 714
109 95 880
6 118 750
43 56 290
12 147 588
131 135 947
3 62 904
159 11 533
90 100 137
7 13 361
112 84 207
147 14 889
81 163 214
21 58 862
8 113 479
154 167 215
105 156 690
56 93 460
125 47 914
159 14 179
103 113 631
141 34 843
90 167 720
140 152 879
143 128 904
83 35 878
44 98 938
170 70 349
29 5 148
29 22 103
103 64 213
58 99 265
45 91 682
121 28 351
71 78 163
112 55 505
136 138 270
39 37 333
110 7 20
69 121 434
170 23 624
17 47 290
64 6 236
80 71 561
18 74 812
34 139 334
133 94 606
25 15 450
119 64 388
59 131 41
163 42 461
26 86 784
48 145 554
89 29 561
60 62 835
18 85 474
18 160 507
156 150 404
16 12 170
110 4 999
45 103 686
13 104 250
77 137 479
155 120 398
108 67 426
130 79 425
99 121 390
85 88 44
116 165 406
164 31 997
33 156 57
119 81 947
6 25 586
160 131 732
137 124 530
82 31 523
76 170 283
154 71 107
19 84 791
23 61 736
113 108 133
137 164 295
162 102 500
144 49 792
31 82 890
91 102 635
85 163 563
148 140 527
77 123 359
146 35 297
108 40 289
169 95 201
57 74 142
109 6 8
61 14 26
97 142 507
126 149 934
2 89 50
14 75 956
17 68 263
33 19 343
108 166 376
63 49 448
85 111 90
10 128 43
126 158 700
96 115 180
124 146 132
111 77 951
16 21 377
170 151 262
52 140 116
139 62 88
32 73 282
14 100 627
103 50 981
102 170 929
96 30 573
38 91 333
58 98 585
98 64 808
105 168 531
110 62 890
132 105 600
79 148 361
31 15 806
49 0 641
158 145 693
60 118 859
116 82 310
43 69 207
160 61 405
93 144 583
165 64 473
69 104 632
127 148 349
90 15 680
152 168 390
76 10 584
30 39 648
163 7 564
151 20 229
136 14 744
1 4 402
69 5 449
79 75 366
39 128 22
15 18 227
128 35 468
61 23 628
95 109 725
3 137 676
95 35 187
90 110 604
85 83 875
2 87 527
63 152 378
75 98 111
30 17 881
35 131 230
85 124 388
101 147 401
52 129 957
122 143 267
83 137 8
70 11 292
47 85 322
122 84 551
145 29 444
102 83 654
45 8 297
35 152 402
131 111 78
155 63 450
7 50 777
17 131 886
54 18 829
8 104 743
6 111 801
91 142 408
132 34 982
124 61 307
31 99 638
105 37 852
24 110 219
50 54 338
162 68 319
93 103 931
106 129 239
168 66 599
21 31 877
118 66 468
161 106 861
163 39 327
85 133 320
86 118 941
50 5 799
36 50 622
16 129 109
39 0 620
135 12 667
64 88 879
36 91 347
168 117 367
50 26 744
9 1 357
25 143 844
54 56 780
56 55 470
132 46 680
121 138 656
75 0 230
46 53 365
66 59 382
14 108 284
15 64 413
101 112 164
49 18 183
19 77 242
69 163 592
6 50 778
36 133 659
42 142 522
164 121 762
49 73 306
2 48 859
35 149 526
55 98 54
164 13 696
6 109 698
43 130 803
92 128 521
99 13 529
30 149 535
77 168 122
104 147 634
80 57 791
42 60 409
78 166 446
142 9 321
27 86 419
17 136 447
50 41 551
47 83 961
115 166 603
75 150 346
143 168 717
46 30 283
50 10 507
143 42 152
87 126 560
90 47 241
78 110 680
28 151 647
111 35 724
11 19 700
85 131 664
73 9 51
166 117 513
74 138 163
141 29 127
125 162 869
79 125 160
17 100 960
23 78 467
106 120 177
154 82 994
64 21 241
28 131 687
53 45 651
115 6 34
140 59 415
96 54 221
7 83 62
128 26 946
53 64 607
97 117 133
121 65 714
51 157 66
7 76 475
80 117 83
143 138 969
136 119 469
159 45 452
54 25 557
148 1 478
37 44 37
121 1 902
70 165 338
27 43 641
133 85 503
46 163 272
25 170 671
50 66 26
94 84 769
120 157 103
108 127 388
104 157 544
150 105 351
169 167 790
169 118 700
43 118 758
5 164 820
87 139 492
110 116 50
119 105 683
5 61 965
152 39 682
109 106 558
130 134 3
62 162 730
106 31 351
99 77 528
91 77 358
10 73 365
53 72 186
142 150 357
144 40 676
77 13 556
32 5 276
141 139 732
13 133 498
59 23 947
87 33 744
109 41 461
170 35 501
167 107 81
1 46 632
64 3 888
58 74 415
158 165 780
18 14 77
37 55 653
116 84 122
139 19 581
142 152 837
16 52 345
82 113 402
28 157 681
72 143 233
65 54 662
116 23 190
97 21 45
11 170 116
95 103 176
8 141 665
125 101 825
166 75 340
73 124 597
45 43 594
5 115 514
155 142 300
23 19 277
34 161 707
111 130 563
55 30 383
13 162 665
145 153 399
102 68 792
7 119 790
