10 52 818
4 21 967
21 28 373
33 26 704
26 33 231
49 23 455
48 50 558
48 52 506
35 17 473
50 33 130
43 48 245
47 19 347
26 0 374
22 48 140
26 41 114
36 26 464
30 20 561
20 14 592
4 49 397
3 51 574
4 21 923
10 8 926
29 40 309
46 21 618
38 33 781
39 50 615
27 4 685
3 52 74
14 19 983
20 44 603
32 26 664
4 38 924
17 29 499
2 53 877
28 16 63
23 43 245
51 36 11
9 26 968
38 2 215
35 11 531
51 36 481
54 14 38
4 40 61
27 1 701
3 45 196
41 21 168
26 15 327
5 14 905
13 15 251
22 46 313
45 48 905
6 41 924
30 32 497
27 50 637
7 29 912
41 31 583
25 4 324
26 13 239
9 35 870
49 39 943
33 52 652
44 32 709
4 37 944
41 26 877
39 2 508
46 18 453
27 45 515
12 16 645
42 54 494
39 54 740
35 34 807
53 13 135
4 36 27
4 46 917
50 17 802
30 39 356
49 17 607
45 20 826
0 32 891
49 25 669
32 3 522
33 13 69
30 8 831
34 23 904
16 47 511
21 26 318
40 24 73
9 26 449
22 26 783
54 10 979
51 15 268
42 25 103
16 31 962
22 7 538
32 27 808
27 49 514
33 20 331
23 39 522
24 22 190
6 19 976
14 25 78
37 12 1
44 2 245
2 30 904
26 8 200
3 2 730
29 48 828
38 29 306
27 39 390
29 24 47
52 0 986
27 48 913
15 35 371
23 13 331
50 20 380
31 10 400
47 13 431
48 12 745
20 18 408
29 49 873
38 24 702
23 48 538
32 35 680
17 0 442
14 46 595
40 23 33
54 0 196
33 23 365
12 5 723
25 11 901
27 49 205
46 28 187
0 53 518
6 11 202
33 12 469
12 26 678
13 35 537
44 15 861
41 16 66
10 20 737
46 52 102
15 37 33
29 9 417
14 27 197
41 7 20
22 0 691
49 4 272
5 32 82
16 44 274
26 52 463
49 8 452
42 6 598
12 28 766
10 37 765
11 7 394
16 13 478
50 24 499
4 35 500
8 17 562
34 19 448
13 26 353
0 27 752
48 38 510
48 50 378
10 8 639
22 36 115
16 30 792
16 47 298
20 51 467
42 50 62
46 3 994
4 44 922
5 47 153
34 38 51
27 49 360
47 24 670
15 10 401
44 41 169
4 36 120
38 40 125
21 33 371
22 11 579
25 1 426
16 2 433
4 49 293
1 16 349
53 34 699
36 4 539
20 15 61
15 14 483
28 8 412
14 16 231
37 3 970
0 13 480
0 41 929
11 26 816
30 20 532
24 10 321
25 32 940
39 27 666
44 19 235
12 8 164
5 54 472
51 23 937
3 40 36
15 0 856
29 52 882
2 6 778
5 3 208
28 42 962
14 46 865
38 21 709
44 18 671
37 12 57
0 13 191
40 11 828
47 3 393
24 30 151
18 28 345
22 43 348
12 44 508
43 28 452
3 36 120
4 37 374
36 45 889
12 13 81
26 51 923
39 26 442
2 23 153
31 18 302
49 9 476
35 20 144
39 40 805
51 50 849
23 50 359
21 30 555
9 45 123
29 46 36
35 15 11
5 1 547
20 51 348
13 54 825
38 35 815
34 23 15
46 29 681
7 22 669
24 54 926
1 50 220
29 17 589
29 54 414
39 26 430
50 24 798
23 11 845
28 11 650
23 21 586
18 44 825
32 37 188
19 30 270
11 24 352
15 45 635
37 39 291
35 54 40
39 19 458
4 20 640
34 9 316
4 44 733
31 19 373
46 38 868
47 54 102
46 48 843
45 48 31
5 25 776
21 6 336
44 3 634
48 33 708
28 30 708
39 8 799
52 47 371
3 26 294
23 4 643
10 22 933
47 52 694
24 30 202
25 45 43
32 27 934
48 21 970
6 49 207
33 35 291
19 41 840
38 53 477
28 46 459
26 51 809
3 10 262
24 7 279
36 19 892
43 12 286
33 9 728
42 43 871
15 32 693
46 16 771
52 26 785
46 18 579
43 0 624
5 52 74
18 23 260
3 40 657
44 37 39
22 29 257
54 22 976
2 16 386
38 7 612
31 11 957
19 6 414
34 23 863
12 19 331
31 41 100
10 32 206
18 13 324
17 21 883
35 9 346
44 46 718
35 51 929
36 3 884
29 50 141
30 14 128
23 35 214
4 10 884
10 36 542
37 26 369
52 23 403
4 5 673
32 28 585
16 11 40
11 1 436
1 0 811
13 35 251
22 36 544
34 53 767
39 53 474
54 6 512
52 30 587
40 29 383
8 39 761
38 52 799
3 38 984
49 28 299
43 48 164
0 23 755
39 51 101
40 30 874
17 23 953
3 15 544
39 10 628
29 49 227
53 21 419
36 49 150
42 44 359
5 24 50
0 41 919
19 34 333
11 50 201
32 15 550
33 24 869
47 13 328
17 40 68
45 18 482
37 47 133
40 25 539
46 5 349
44 16 59
7 49 220
50 1 431
15 10 25
19 43 248
49 45 65
30 18 339
40 8 851
23 48 487
23 40 969
34 36 557
19 34 237
45 40 859
52 8 955
52 51 679
6 23 503
3 41 508
32 12 984
39 52 585
48 41 129
28 40 299
24 6 11
6 5 553
44 15 524
6 51 365
41 23 421
16 0 471
25 4 97
51 46 615
12 28 701
21 34 30
18 30 488
14 43 794
17 44 763
41 32 2
25 41 846
25 6 492
40 1 156
30 43 956
16 5 791
17 0 32
48 29 309
50 52 170
10 12 443
26 45 982
7 48 411
29 17 10
13 30 85
25 43 780
42 49 6
32 5 75
43 6 983
39 22 319
10 5 614
24 43 944
31 38 466
21 48 530
29 54 893
39 32 874
24 37 978
33 19 160
1 7 395
7 23 353
10 29 503
46 14 104
31 44 321
8 32 399
51 9 7
52 51 805
44 0 84
1 11 737
15 8 663
5 23 832
3 50 635
25 3 243
20 30 40
5 8 652
33 37 948
39 16 919
33 3 743
12 46 213
49 32 448
50 35 762
3 46 541
15 22 910
51 35 118
54 29 339
24 39 206
45 25 996
24 45 548
46 41 152
26 30 126
32 18 19
36 11 898
49 7 999
53 15 966
34 47 868
17 37 537
5 29 838
42 50 821
3 50 536
15 5 712
9 40 184
32 26 562
46 20 333
0 15 854
18 45 325
53 32 414
36 2 875
47 29 708
38 29 61
48 17 215
18 13 938
52 20 313
35 4 873
39 15 216
13 30 115
25 48 281
53 2 741
12 19 236
43 8 73
17 51 111
30 6 46
17 37 690
51 23 668
35 12 510
2 18 756
2 44 826
28 52 905
45 49 743
16 7 956
33 37 870
26 12 807
53 27 172
14 8 21
49 31 933
47 51 394
32 26 132
20 53 709
38 32 874
48 29 269
2 23 527
10 22 391
46 11 754
17 6 663
45 40 704
41 12 172
30 15 867
43 14 172
15 28 465
24 18 611
44 20 255
27 46 989
3 38 794
39 13 470
24 26 16
35 38 94
16 10 315
42 53 131
19 42 967
47 27 467
43 24 848
32 47 507
6 25 646
39 30 488
44 5 980
19 26 27
33 19 356
53 13 547
11 6 358
19 30 701
12 48 191
27 16 207
9 41 369
26 16 978
34 47 404
4 24 287
10 21 687
51 31 455
22 16 985
47 30 907
17 0 308
4 23 25
53 12 269
35 31 947
11 36 391
10 51 278
50 7 206
29 33 647
22 44 493
2 43 729
42 54 161
49 40 503
36 6 776
23 28 433
52 2 79
3 46 509
45 16 653
30 32 271
15 21 843
6 11 429
22 50 322
9 45 51
37 40 273
8 24 317
29 46 850
37 1 4
44 11 949
11 17 896
44 24 389
30 53 389
20 17 958
54 3 746
36 9 630
29 15 853
25 8 528
38 46 496
15 8 274
50 44 502
37 30 888
44 47 441
54 33 820
11 36 436
4 6 255
47 41 401
52 5 890
13 30 83
24 43 670
17 34 516
26 24 129
6 30 317
52 23 318
37 0 168
30 48 110
20 3 636
31 6 528
11 30 818
9 25 233
34 5 950
6 3 483
34 23 255
36 20 367
33 23 141
24 34 863
17 34 372
44 36 844
44 16 373
29 13 869
18 11 768
27 28 794
15 45 216
23 2 929
5 34 213
46 35 513
16 36 477
24 21 810
47 8 823
22 11 498
19 47 256
42 48 171
7 16 645
0 37 652
28 27 544
4 25 669
48 12 570
42 12 758
39 13 40
42 53 993
24 52 84
23 31 921
23 22 903
2 37 599
49 10 390
21 13 730
51 23 740
20 22 804
18 5 24
42 43 820
7 12 24
22 44 514
48 21 369
22 53 995
16 45 994
35 47 129
38 11 428
46 12 340
31 48 362
22 37 394
5 25 925
49 21 57
19 41 493
48 18 188
0 8 133
38 53 749
13 49 606
5 50 428
45 41 264
14 30 59
37 14 551
12 9 350
9 6 71
5 25 373
12 4 951
2 15 664
41 3 928
29 20 197
25 28 200
5 22 830
28 50 2
23 8 244
27 6 292
1 47 211
51 16 971
0 38 891
18 14 471
17 51 348
48 14 151
5 33 907
26 11 287
15 11 549
45 34 616
29 32 854
53 14 453
45 10 404
16 52 797
21 46 472
19 12 68
21 3 600
3 12 291
50 46 421
5 53 710
49 39 180
26 31 592
7 48 384
33 43 494
43 12 220
19 21 154
10 9 658
15 52 642
24 3 973
13 52 895
4 6 76
4 51 58
28 39 622
18 14 720
53 29 305
48 21 859
6 35 535
8 37 51
10 19 803
22 31 519
35 25 510
29 39 49
34 44 816
9 12 630
33 51 399
32 12 348
9 24 495
3 20 889
7 33 6
45 42 773
53 46 314
52 29 121
44 46 266
43 3 215
10 38 35
34 24 564
32 49 479
11 1 160
54 30 331
43 1 977
17 11 96
2 41 83
6 3 640
32 3 708
47 41 321
21 8 825
49 35 356
12 33 466
0 28 60
44 36 890
48 14 747
2 36 974
22 27 692
12 11 121
12 48 609
52 1 682
19 21 107
1 49 211
27 24 444
51 25 897
46 14 578
