0 42 74
137 99 474
2 53 218
108 62 979
131 129 330
58 75 137
35 14 996
147 93 352
122 62 659
117 45 62
44 147 731
14 76 859
157 20 126
116 90 409
146 72 853
21 1 237
49 132 109
53 97 748
122 88 825
109 67 293
75 2 656
29 68 867
137 84 114
82 144 846
54 62 186
91 60 862
130 107 148
58 123 732
53 66 337
121 68 150
154 63 640
96 157 356
104 54 683
105 117 921
121 148 468
26 107 709
69 24 268
94 2 515
25 93 306
10 40 398
134 140 516
3 43 450
99 45 899
22 40 392
18 12 680
72 12 488
77 5 225
147 53 625
115 62 771
13 129 778
124 91 111
25 89 677
123 95 91
104 116 478
96 124 760
108 54 519
9 109 294
73 42 488
109 39 860
81 46 626
5 44 929
2 67 253
107 143 128
62 104 569
75 76 543
41 152 662
105 121 352
14 75 507
35 152 126
34 130 308
120 149 448
148 30 108
28 144 567
32 36 460
41 49 97
127 27 630
78 69 73
125 4 849
106 105 492
71 101 454
67 118 513
117 99 218
10 39 581
117 51 690
109 75 535
40 3 969
0 82 726
127 52 240
3 4 568
4 109 19
82 108 637
141 54 826
87 38 339
60 71 94
59 35 252
19 111 445
56 31 795
126 11 581
79 95 197
34 100 520
118 26 665
14 3 136
22 83 679
91 40 409
83 25 74
27 54 311
116 60 664
124 23 547
44 83 412
100 9 950
118 26 680
115 130 795
86 88 737
45 61 290
98 92 495
35 134 874
29 79 662
12 16 618
90 15 116
15 102 189
130 1 419
120 30 482
8 58 770
90 43 975
47 82 183
114 80 537
155 89 744
113 76 167
22 94 879
151 68 762
100 87 77
84 57 973
59 73 851
128 44 681
107 78 621
27 48 104
108 20 533
42 14 836
47 27 643
139 55 611
3 138 63
98 31 761
138 85 851
31 153 878
157 153 504
100 57 631
133 132 571
25 100 472
69 104 531
123 86 77
80 91 472
90 138 569
71 140 412
84 36 168
85 91 688
53 22 86
19 141 824
102 17 553
86 44 592
103 134 29
63 121 488
21 119 35
84 119 380
94 77 848
153 74 633
17 47 273
141 111 525
3 52 829
29 125 179
40 144 31
101 57 955
153 119 899
156 90 549
133 107 120
117 106 976
113 16 490
72 140 754
104 117 45
101 105 997
33 25 113
57 26 450
54 36 775
70 89 748
73 88 994
47 45 31
67 141 10
119 113 42
106 112 354
69 148 730
117 13 74
137 114 176
71 124 994
15 83 273
147 26 338
45 151 727
119 31 42
108 83 504
112 107 439
95 25 484
101 102 925
16 137 754
47 38 483
107 88 446
74 24 423
118 13 970
46 28 966
86 13 826
34 20 554
79 25 562
50 87 320
79 78 552
64 89 96
117 133 199
125 82 803
46 100 405
31 40 347
5 73 167
128 23 932
131 4 893
107 141 328
69 57 857
89 126 936
77 24 340
93 10 225
47 91 559
64 2 563
66 157 81
113 47 329
40 49 139
73 67 780
104 129 679
79 53 906
4 140 243
96 50 694
46 10 399
32 3 970
74 40 770
54 145 8
127 7 182
89 87 460
104 81 77
16 98 92
145 140 200
19 114 82
31 92 686
153 13 581
138 97 952
42 128 232
104 101 833
108 156 338
95 10 164
139 60 715
97 22 585
129 95 967
153 39 224
65 138 344
145 3 526
79 105 772
65 21 494
61 150 217
118 140 670
109 73 438
145 114 352
135 9 553
111 11 237
3 28 562
61 71 235
139 10 857
104 96 217
81 107 896
60 36 609
34 15 483
120 49 919
87 14 964
49 39 642
129 154 427
117 19 28
13 100 825
56 12 951
120 25 829
78 115 529
96 112 431
28 137 956
19 100 96
126 12 454
1 11 804
89 140 824
102 14 570
48 128 2
117 119 383
4 91 307
148 17 53
146 50 949
79 62 48
137 95 44
157 104 847
6 129 778
149 21 388
96 21 557
31 50 359
9 39 940
51 52 460
112 115 621
73 12 258
1 17 371
84 124 142
90 136 57
134 5 790
113 139 595
83 58 404
18 104 671
68 63 517
50 22 650
0 52 209
32 103 815
155 118 275
98 23 469
2 101 906
85 92 15
65 140 410
85 80 318
121 88 281
38 66 387
8 145 690
41 16 796
139 49 750
126 115 143
147 74 518
30 54 590
128 135 39
113 133 858
148 44 889
33 5 61
109 93 464
34 42 183
73 150 407
131 67 502
20 43 132
116 38 570
100 98 391
104 19 545
62 148 441
106 56 900
70 129 22
67 40 257
92 156 930
71 126 108
156 50 167
43 86 425
100 36 246
50 29 715
18 105 126
56 57 943
117 122 598
13 24 771
17 30 867
111 19 887
33 127 517
151 149 917
87 109 284
3 55 807
93 70 337
100 43 557
7 81 850
24 1 338
70 55 54
93 35 651
34 60 853
153 138 740
148 130 274
71 133 312
37 84 483
54 15 721
13 82 12
81 87 753
100 57 619
94 110 362
103 48 966
2 100 820
98 79 232
143 97 102
36 154 306
17 138 798
12 37 385
0 61 64
98 55 818
57 54 230
44 85 973
109 83 923
135 1 824
60 150 289
75 136 211
38 116 247
85 140 900
67 120 234
3 7 295
135 73 878
66 83 812
38 153 285
38 113 240
142 33 8
71 142 438
115 12 207
50 155 526
41 47 631
91 61 385
91 11 244
17 127 568
138 45 744
13 74 539
31 109 453
23 82 131
87 118 184
94 54 884
21 71 510
89 20 399
120 4 302
48 75 504
153 8 465
14 43 59
98 79 308
144 54 137
1 84 104
58 115 175
117 76 90
27 150 542
22 35 687
27 38 175
83 70 140
20 128 358
28 102 314
111 157 791
70 46 917
51 131 820
157 59 593
4 106 449
99 61 320
88 130 839
100 119 341
118 126 919
9 117 126
99 36 355
96 46 568
139 103 48
78 58 275
85 147 436
41 104 304
61 145 602
86 132 587
41 89 440
35 52 698
38 129 989
25 109 348
109 81 697
112 131 404
113 155 529
16 81 509
62 47 52
27 139 851
122 20 205
19 21 540
88 80 321
128 29 716
50 38 604
24 144 21
48 84 942
154 19 631
53 26 444
108 1 134
52 16 306
91 101 222
140 99 725
107 1 950
109 53 964
129 130 579
13 25 316
61 132 997
124 9 766
111 15 520
134 59 651
98 30 71
93 69 282
13 71 201
67 77 575
154 115 114
88 31 359
6 28 420
81 129 900
99 40 254
41 85 855
38 122 9
50 4 479
23 126 780
124 62 745
88 139 109
64 14 432
142 18 39
119 96 174
17 46 194
151 146 643
49 20 446
128 123 962
29 151 953
129 8 508
45 92 763
57 53 985
5 52 495
25 17 28
84 28 278
76 101 372
12 92 894
98 58 155
55 154 570
151 79 607
84 62 571
140 145 754
146 59 576
114 39 351
41 115 309
36 64 724
28 144 306
130 96 382
47 155 790
112 63 994
85 67 672
63 77 274
21 48 931
129 149 714
126 7 630
80 65 535
76 67 837
143 128 26
86 138 702
69 49 75
59 87 811
71 33 117
157 147 705
38 126 351
12 25 135
135 24 666
52 124 352
33 156 801
156 101 885
39 122 741
27 111 169
27 73 675
28 110 764
110 71 700
39 148 356
30 31 919
118 156 531
0 88 78
4 5 301
5 0 978
117 74 797
145 59 507
111 134 131
142 69 242
100 22 936
62 105 779
96 28 287
132 153 149
145 96 983
86 112 949
91 37 713
11 8 504
76 52 880
101 13 311
135 146 779
50 74 721
77 18 952
114 121 331
41 120 472
118 72 873
18 70 787
39 155 349
124 76 159
9 29 154
69 90 408
52 30 959
81 20 529
155 144 633
29 20 970
78 131 54
94 59 290
80 50 1000
131 52 50
3 63 380
71 133 531
76 153 403
112 93 520
8 72 969
141 75 637
138 37 372
148 123 425
46 61 240
66 122 98
75 9 726
58 21 227
61 34 331
73 98 606
111 59 243
138 77 557
147 25 668
131 19 954
116 56 170
139 95 226
30 143 416
8 112 160
108 112 792
29 1 884
95 52 776
117 9 659
26 23 562
87 93 237
80 51 446
96 110 205
61 20 492
5 90 673
107 131 434
47 68 774
47 11 874
138 84 126
84 149 535
0 48 567
114 124 802
59 28 557
76 24 165
153 48 967
109 21 600
122 41 356
55 116 764
16 98 767
34 86 566
79 141 291
143 154 837
25 16 829
37 155 85
61 156 855
2 16 264
135 121 7
150 121 423
55 60 103
156 78 397
58 20 848
134 92 322
39 83 185
19 110 623
12 106 413
35 134 55
105 62 89
54 106 148
70 150 171
123 51 74
157 66 205
123 8 208
45 2 824
140 27 869
99 137 824
143 63 231
145 44 643
125 142 517
74 26 929
14 41 569
154 14 146
81 18 621
90 4 239
150 0 592
76 142 392
43 2 40
76 108 395
22 122 742
4 147 472
39 85 665
87 96 298
76 150 811
141 36 154
99 136 15
134 136 830
65 143 83
51 16 527
130 9 212
50 136 224
152 110 804
85 106 171
109 5 812
141 152 565
89 97 157
145 87 760
104 50 578
119 110 794
2 117 355
104 143 994
129 10 533
157 140 853
85 140 974
145 0 707
60 130 1
52 99 793
155 81 280
135 21 445
104 46 187
41 115 974
99 135 614
108 156 614
33 107 396
78 38 99
61 27 8
14 65 236
57 103 310
8 25 984
42 114 715
11 40 910
143 102 379
133 98 325
88 29 231
76 2 499
53 39 10
35 36 713
96 149 811
60 51 890
118 138 989
49 145 432
8 111 348
80 148 559
57 53 629
4 56 196
103 30 973
148 117 678
58 23 823
37 85 582
133 6 145
54 55 526
13 117 295
141 49 218
111 36 109
15 29 301
139 136 826
151 78 661
11 9 241
103 63 34
153 22 330
111 50 908
118 24 101
101 17 924
64 139 610
95 37 786
32 55 537
61 102 14
59 134 664
140 20 509
98 85 693
88 155 700
46 69 378
67 50 573
124 80 648
2 91 246
141 24 209
21 76 659
28 156 68
97 108 71
41 100 354
21 147 66
53 89 399
51 20 218
151 58 675
149 145 933
122 23 517
142 111 384
14 142 297
73 134 789
45 60 746
96 108 985
93 132 536
109 157 84
52 123 28
99 117 334
156 104 590
37 106 364
87 33 620
74 50 602
1 90 88
11 28 490
85 42 859
83 72 806
37 20 29
46 51 698
0 36 209
97 107 949
134 139 212
28 153 502
65 42 334
10 53 194
92 138 538
140 137 792
127 115 426
140 93 464
8 9 782
131 128 226
8 47 403
146 128 791
73 99 673
102 101 641
153 20 363
120 128 342
106 144 904
137 153 865
51 22 452
146 49 716
54 85 559
132 62 395
41 76 561
20 95 26
144 148 531
30 52 915
32 73 498
86 109 739
75 63 466
138 34 990
28 97 867
104 89 365
154 125 282
85 70 728
87 89 722
140 131 303
81 71 788
113 49 955
45 8 499
75 153 682
0 130 693
107 77 427
97 101 554
88 83 461
88 119 993
78 25 806
80 24 99
138 28 601
79 1 59
14 130 3
75 60 748
0 127 288
5 37 317
39 36 502
122 2 851
3 57 191
64 94 126
97 29 184
26 106 96
0 83 24
109 24 948
71 151 555
100 94 165
156 89 540
85 129 652
110 28 962
66 110 382
146 78 696
76 0 21
112 152 70
8 0 758
93 119 369
87 144 723
90 78 28
72 136 381
30 116 172
4 155 175
75 39 823
104 75 317
134 71 103
71 151 453
78 14 103
12 137 236
14 133 78
1 114 158
33 42 828
91 149 387
151 52 163
63 65 725
79 141 498
103 132 412
151 94 590
52 27 854
117 51 449
60 7 938
96 47 388
85 15 840
1 110 177
134 97 618
16 143 815
121 129 140
21 26 576
133 154 479
90 154 426
8 68 966
7 78 817
140 92 138
107 136 783
79 105 697
67 27 769
156 147 608
87 27 543
33 112 551
39 108 176
141 51 782
127 45 398
81 86 206
113 123 874
53 76 255
52 10 1
54 143 656
74 87 896
134 5 854
151 64 52
51 109 313
142 82 1000
143 151 923
23 83 171
148 79 738
123 141 153
0 135 344
76 49 262
53 34 461
114 150 464
100 75 531
87 124 929
3 50 194
22 121 655
71 92 504
133 24 767
88 106 772
106 91 399
110 75 463
136 15 975
50 146 64
10 20 211
138 136 472
117 141 565
52 142 637
56 124 787
107 134 64
22 131 98
91 55 728
27 56 691
139 36 431
101 47 716
156 3 375
18 110 138
0 44 757
59 58 976
94 115 999
135 123 103
87 5 128
9 119 210
85 142 124
19 28 70
112 97 539
114 66 375
3 125 477
97 2 809
130 101 61
141 109 618
100 72 10
47 103 890
114 89 292
110 79 642
142 4 643
56 22 94
39 131 734
98 101 244
121 12 734
100 136 292
124 23 779
29 46 501
128 127 861
52 109 851
85 33 954
43 137 159
26 81 898
104 74 850
135 128 909
152 38 108
111 106 768
154 4 673
141 144 10
70 111 392
31 100 71
12 111 773
127 140 424
143 65 744
109 143 43
136 73 410
104 147 411
39 119 329
70 49 97
95 127 394
153 141 38
8 14 3
154 36 888
66 80 522
49 97 60
151 63 283
120 139 489
60 151 212
114 67 969
9 4 767
50 19 306
69 72 768
126 145 67
73 123 844
67 18 301
129 145 531
94 45 439
134 64 268
15 65 231
14 19 746
69 82 714
51 33 155
136 13 352
148 129 185
133 39 583
156 27 160
86 25 607
73 135 21
95 43 390
12 17 648
101 59 415
114 19 497
101 92 784
31 43 309
124 22 90
106 53 492
148 29 765
20 116 101
76 40 23
112 105 647
57 73 407
126 71 567
124 30 308
112 70 940
3 55 102
30 82 856
50 124 51
14 113 315
19 73 264
142 64 955
148 66 986
59 47 471
86 62 148
105 61 79
9 153 171
130 40 422
54 130 26
67 8 890
142 19 389
84 110 926
146 66 522
42 21 867
18 145 13
79 3 52
14 84 527
132 61 588
68 66 252
14 157 406
37 92 999
111 97 526
118 99 111
83 58 441
25 119 160
145 19 47
10 154 253
101 54 677
123 94 657
152 93 229
17 96 625
78 88 4
103 37 348
157 39 918
112 67 732
73 39 267
17 49 596
1 125 776
51 156 294
131 36 776
114 66 608
60 151 314
81 27 881
71 17 570
92 132 731
133 21 878
40 108 746
154 123 646
59 111 686
13 28 277
3 146 580
106 99 542
87 105 700
35 80 610
4 121 971
31 111 941
87 124 113
127 14 459
10 147 515
24 148 598
60 119 583
49 131 145
129 69 307
12 149 227
26 155 725
109 18 168
37 141 561
73 106 186
124 34 230
89 93 257
143 4 131
32 68 506
110 9 27
146 76 645
80 133 231
140 138 68
100 17 637
45 132 461
140 34 760
116 129 805
64 47 353
98 113 804
59 40 998
80 136 191
7 33 393
9 60 453
123 145 616
119 18 784
113 84 117
120 101 176
57 18 737
81 141 284
107 22 595
15 87 382
105 84 612
19 55 460
152 144 578
49 121 614
130 14 309
78 14 136
45 134 725
78 140 824
13 109 294
154 138 169
56 76 319
40 153 111
62 142 755
55 32 376
90 118 483
23 128 332
104 153 859
157 90 147
39 149 621
48 23 820
55 68 284
79 69 998
69 40 930
93 130 394
108 55 489
147 22 654
29 70 192
145 54 817
121 103 411
57 125 737
89 90 195
75 64 922
86 53 961
144 94 155
62 136 836
121 124 500
27 70 261
14 28 882
107 148 87
20 35 928
136 83 349
140 58 993
8 107 128
60 3 483
93 126 474
118 66 402
44 4 243
47 75 311
109 66 513
134 74 501
77 147 70
144 15 386
5 8 483
125 157 734
147 119 883
119 97 863
43 123 835
16 126 659
0 145 527
4 129 955
38 82 325
115 40 291
96 57 609
20 79 455
90 150 566
78 67 147
116 120 969
57 37 165
154 126 803
156 101 667
114 7 95
37 32 669
129 125 617
9 152 918
157 116 755
80 147 886
26 116 127
62 44 255
90 86 295
1 51 954
114 156 35
151 79 31
82 48 390
8 58 857
145 114 168
129 82 155
62 32 888
89 24 831
117 130 122
129 123 739
74 141 821
134 85 226
84 58 819
97 42 550
123 6 755
66 133 803
104 148 214
112 86 409
140 154 932
138 64 725
110 1 253
36 2 375
94 116 792
94 47 803
63 51 433
116 32 979
37 157 452
122 100 187
67 25 454
112 153 194
119 73 748
13 60 713
92 40 704
106 77 388
96 39 43
138 30 78
102 19 142
9 131 1
52 86 525
66 120 390
132 63 842
9 56 633
83 64 263
6 7 241
119 8 154
30 135 492
5 6 589
49 0 953
100 153 408
138 30 299
43 147 412
65 90 797
55 89 587
100 50 110
92 28 125
72 123 924
144 8 241
17 86 875
42 84 781
76 24 344
34 62 831
104 106 284
77 105 818
43 125 981
48 155 159
58 134 45
44 74 114
135 81 11
5 144 917
27 4 548
107 57 906
50 4 193
18 25 975
49 57 278
20 61 723
112 43 911
128 23 466
98 108 735
17 127 391
67 93 199
16 124 74
151 122 998
0 69 970
29 18 249
104 3 760
135 10 531
46 124 948
135 115 760
123 13 335
157 89 334
99 64 187
38 22 725
36 49 850
14 93 29
24 112 670
71 0 583
72 7 692
79 34 233
32 96 845
74 149 348
138 48 443
17 41 854
90 20 701
40 69 168
4 63 463
23 107 486
89 75 464
61 75 113
74 14 619
23 11 664
145 123 913
91 89 507
82 154 662
84 1 442
23 76 845
36 137 966
1 88 322
22 94 641
49 1 646
83 137 241
96 87 491
32 105 57
48 108 954
157 95 362
40 42 300
118 139 22
95 64 161
116 59 804
57 117 282
44 68 5
20 146 308
135 148 804
95 119 444
86 127 360
120 70 666
74 101 394
34 129 745
130 114 660
51 79 156
40 56 640
111 45 697
117 84 120
12 20 120
40 15 377
146 117 944
100 90 557
62 137 859
84 89 336
154 101 844
108 80 173
22 20 96
112 135 426
98 39 120
78 8 506
73 130 422
75 42 418
38 136 464
64 145 492
93 75 759
62 131 753
24 62 876
73 77 78
82 47 388
36 85 327
77 0 266
14 102 69
2 39 156
104 90 178
84 29 892
74 63 950
92 12 363
71 143 353
36 6 216
5 96 683
127 6 288
4 73 524
110 157 365
87 100 290
5 155 519
140 97 171
33 154 2
42 148 531
138 101 366
74 76 904
31 80 82
157 95 372
62 46 252
109 64 411
44 145 804
29 39 898
155 63 260
71 128 761
63 51 255
122 101 110
118 122 168
135 87 377
32 121 538
76 35 738
113 77 424
86 88 764
30 24 489
102 67 743
57 73 962
61 58 984
75 97 203
120 52 692
73 125 452
154 52 408
132 67 489
137 84 109
74 112 718
3 157 850
91 39 112
107 58 590
23 144 556
108 72 198
99 25 222
59 129 131
57 154 791
104 117 711
19 157 251
7 82 629
139 142 27
145 157 449
104 40 855
149 56 907
104 57 860
119 71 518
122 150 25
114 13 51
124 151 266
73 17 253
7 41 735
146 25 35
155 39 516
15 59 320
20 131 640
145 46 952
145 84 106
122 110 730
27 5 327
30 61 987
49 149 667
77 106 219
97 55 434
52 101 963
78 80 13
156 145 561
52 78 80
103 12 403
116 87 347
67 36 715
76 129 289
16 11 1
132 41 498
147 89 364
41 120 374
156 62 432
150 1 764
35 67 513
40 60 209
142 104 515
0 26 582
92 151 512
80 83 728
103 68 790
6 32 518
84 25 239
133 22 10
20 81 51
18 35 764
150 126 109
118 41 651
20 125 158
8 109 194
51 41 408
31 38 588
65 30 30
145 31 214
115 7 83
30 116 435
149 116 872
130 36 893
32 139 59
151 117 978
116 136 274
62 116 955
116 82 838
36 26 347
40 122 985
78 110 917
6 56 848
80 71 856
76 75 695
130 84 760
132 155 330
17 4 336
50 111 429
131 61 866
7 105 664
127 88 941
118 70 840
141 130 135
122 118 958
33 42 187
64 12 444
95 146 759
136 79 79
23 60 90
153 88 954
136 46 651
77 73 899
73 46 620
63 105 351
3 153 152
121 27 627
46 88 354
139 51 27
10 99 922
2 110 772
147 51 840
11 91 898
100 150 194
144 38 861
66 15 593
36 149 867
143 0 507
71 119 150
113 157 324
46 0 730
98 121 750
64 106 502
81 52 13
76 21 196
157 25 103
154 14 720
38 19 136
88 120 215
32 150 479
41 107 754
134 103 704
73 65 708
150 154 864
72 95 530
2 66 366
75 26 178
154 123 894
110 68 628
28 96 424
43 42 771
6 103 598
68 75 682
74 123 443
4 103 49
96 144 685
141 143 984
144 31 535
117 88 569
153 21 679
53 2 88
12 48 814
100 124 922
48 150 284
138 5 83
75 127 961
112 37 873
22 123 673
34 21 402
105 100 538
114 122 161
20 34 11
132 60 880
22 154 294
117 43 637
2 30 113
130 80 484
1 57 731
136 120 125
90 80 652
110 151 472
108 71 792
80 59 666
1 89 785
27 58 96
136 66 419
96 74 470
38 129 375
26 104 418
121 21 44
16 134 413
58 38 668
32 6 182
36 0 566
6 11 17
47 62 712
132 21 771
81 122 959
155 98 269
151 18 917
69 100 335
146 105 142
98 90 689
0 57 758
151 148 840
42 137 218
102 157 390
16 149 948
66 152 523
62 28 618
126 149 526
83 96 615
58 127 360
17 43 838
5 12 866
131 92 817
111 21 881
75 120 621
107 65 336
70 119 950
38 105 942
140 143 201
42 41 552
91 51 239
21 97 46
100 103 814
75 54 987
135 48 70
136 143 427
100 10 145
133 93 864
69 13 363
155 153 914
65 5 659
110 128 500
102 140 204
31 88 255
66 112 132
37 87 460
114 22 403
71 34 849
57 84 589
85 26 528
147 9 425
154 47 855
149 15 655
67 130 199
120 12 641
54 113 511
18 4 904
55 157 171
40 119 223
39 28 271
10 104 44
137 110 960
67 149 910
43 74 170
12 35 753
43 89 797
54 4 504
6 98 824
12 65 459
144 38 382
28 2 335
69 79 618
41 87 630
99 121 477
5 30 938
108 12 993
12 118 643
43 36 940
22 100 612
114 120 786
17 31 850
110 136 112
16 46 382
75 51 536
4 46 566
19 46 357
28 4 108
67 138 695
73 44 807
105 132 377
142 154 925
91 16 865
127 106 81
13 71 760
114 19 523
25 102 838
48 144 282
14 136 594
14 131 842
26 65 429
28 44 105
31 90 883
40 69 5
140 138 769
54 40 179
31 85 488
138 55 260
156 3 170
112 96 424
90 81 770
2 15 281
94 27 490
83 45 427
119 125 802
106 38 801
21 112 784
36 53 631
58 39 984
117 9 168
99 65 956
66 72 125
153 154 33
157 132 325
32 27 296
50 148 698
42 119 443
18 27 900
65 100 600
75 66 910
81 71 39
116 147 689
134 20 541
114 70 992
145 83 651
116 134 721
154 123 92
99 80 782
152 108 450
121 52 293
2 22 94
133 129 697
52 153 634
137 110 488
124 35 780
84 0 405
40 79 73
0 118 135
76 107 273
13 148 742
42 56 572
110 59 807
131 155 627
20 68 543
13 42 188
86 62 34
133 134 184
141 128 421
7 46 214
93 73 27
116 97 650
133 155 33
69 16 743
117 114 641
88 56 526
93 109 739
127 156 770
1 88 823
104 135 686
16 115 554
65 71 342
137 109 193
42 133 737
71 44 225
23 27 648
12 122 395
93 147 900
19 60 748
93 64 129
97 16 779
148 34 857
0 64 432
98 134 300
94 142 647
80 72 128
47 74 1
54 86 424
67 121 41
74 117 933
93 53 245
4 5 750
115 35 326
121 95 568
90 130 783
71 3 519
31 118 589
112 63 107
151 109 246
36 79 643
131 147 324
55 46 396
10 42 940
136 146 801
135 55 685
39 32 40
101 150 356
72 76 439
117 114 784
92 96 16
70 92 355
104 2 279
117 89 2
119 145 506
157 154 48
133 120 334
125 8 651
112 30 191
79 144 830
116 21 209
0 115 117
102 106 964
148 101 471
147 53 493
40 42 215
61 5 303
119 152 866
48 66 309
117 14 559
95 82 99
133 129 447
111 83 207
2 29 741
25 33 21
117 31 810
120 135 350
31 8 513
154 13 261
107 124 648
144 154 37
66 26 910
38 139 851
16 59 967
99 49 82
156 134 975
16 81 44
83 81 202
152 63 429
104 75 769
134 54 862
101 25 686
85 30 63
45 86 79
102 17 630
120 48 124
49 23 703
118 3 746
117 128 150
66 41 252
27 133 286
53 25 628
57 119 714
137 105 170
79 130 74
147 127 849
21 149 240
157 77 719
71 29 449
11 129 434
77 41 159
4 63 823
64 42 916
6 45 654
22 90 48
42 62 587
33 131 91
51 16 598
148 77 65
20 132 554
125 93 856
82 37 772
65 88 353
133 28 129
74 126 179
146 75 641
128 26 813
65 46 836
135 126 62
147 50 153
98 89 992
11 43 840
62 144 386
122 75 972
87 129 625
136 139 159
138 157 831
106 81 602
98 10 582
114 27 663
91 133 985
142 130 299
28 99 94
28 102 223
4 135 510
18 7 2
140 147 563
45 1 671
124 29 197
105 45 709
106 89 22
55 123 483
143 149 73
34 67 635
131 133 500
14 61 828
48 151 916
6 18 529
144 26 830
38 100 820
155 127 942
82 157 857
23 78 671
112 150 683
31 52 517
108 147 497
78 118 861
23 36 731
73 132 896
38 64 525
146 4 746
20 28 388
46 27 28
147 42 185
1 87 556
86 77 613
79 66 528
109 145 302
112 17 488
42 18 408
46 139 877
29 44 568
70 156 165
71 50 81
97 10 613
11 129 441
80 23 59
66 28 426
113 89 281
84 39 963
73 146 498
138 112 7
108 28 352
95 98 339
144 106 161
48 31 121
58 81 751
2 113 529
146 76 565
128 154 386
70 21 362
26 10 731
111 12 768
23 69 719
76 137 414
87 155 59
131 20 268
129 33 816
118 151 624
1 48 266
8 41 768
112 100 201
83 60 405
121 23 145
76 151 282
121 46 254
98 117 466
97 7 90
13 48 202
4 132 604
60 10 608
106 51 468
134 143 344
24 109 52
112 64 445
108 87 397
136 73 618
134 139 379
138 129 497
105 100 848
140 2 333
101 59 716
37 73 588
68 148 734
97 87 983
132 43 318
49 28 521
35 51 609
106 140 878
154 109 930
37 143 65
138 134 35
81 69 720
96 94 340
19 82 511
99 26 78
35 20 919
49 11 915
21 86 571
135 54 6
91 115 55
94 89 147
71 10 181
2 124 2
81 50 822
153 97 471
29 100 952
115 13 72
135 156 984
53 92 204
83 110 713
1 86 351
113 6 918
135 97 455
107 93 35
39 69 510
7 114 721
89 55 32
6 74 632
117 152 873
85 137 216
134 147 184
110 58 398
92 146 925
55 78 387
95 55 422
43 128 812
102 33 546
98 16 162
17 65 455
47 114 663
90 38 30
127 50 662
150 143 827
44 129 182
145 140 489
142 135 370
59 27 252
83 14 94
154 32 362
15 34 791
11 138 921
34 142 906
15 115 209
141 78 482
86 19 944
82 23 11
157 105 863
152 139 252
117 75 850
58 12 456
34 94 497
37 29 757
141 142 887
21 55 635
68 20 218
64 19 525
53 129 794
90 108 632
71 35 423
51 84 791
29 111 351
154 93 523
18 70 532
9 106 835
50 144 825
40 39 668
111 75 76
78 14 656
33 55 304
140 110 514
124 65 951
18 152 59
77 139 254
64 100 993
140 122 820
98 80 991
110 87 658
108 102 201
102 109 958
85 119 298
107 152 246
37 96 989
27 17 531
44 102 641
0 94 11
42 89 805
12 156 936
47 145 633
55 44 236
98 90 545
132 35 946
106 24 155
27 130 351
54 141 930
116 33 614
76 30 2
62 6 775
54 121 446
69 121 912
69 120 642
58 18 286
140 73 103
153 46 953
35 6 240
59 47 88
46 95 658
141 6 370
46 120 193
38 30 866
60 87 656
88 81 134
70 113 345
15 60 625
136 3 754
19 27 676
128 103 170
96 50 719
103 19 390
19 9 187
43 83 629
32 99 8
26 3 888
106 116 574
39 72 617
16 129 666
15 112 775
76 133 783
129 55 214
113 135 634
38 119 926
113 39 217
135 71 839
30 26 963
48 150 139
57 20 206
5 67 753
45 57 761
37 95 112
115 87 776
29 60 91
145 69 708
82 76 348
21 65 803
16 72 707
105 149 903
95 116 468
58 155 792
115 3 233
116 21 24
135 122 412
5 30 717
74 71 578
68 54 322
88 7 596
124 4 443
131 147 958
72 152 91
105 65 773
113 33 867
109 150 38
137 47 720
108 26 281
149 52 513
92 145 467
100 12 366
151 77 985
106 144 802
37 61 283
5 105 874
3 21 110
124 105 101
24 150 428
14 4 58
73 8 596
57 15 819
21 8 466
96 72 277
49 28 113
115 112 485
94 1 803
76 34 737
150 98 503
61 23 272
9 118 162
113 92 657
85 42 833
156 144 567
94 126 170
16 58 504
64 15 850
15 107 221
47 117 537
143 23 381
27 37 912
27 82 286
13 98 708
93 34 876
114 41 767
10 86 785
141 102 689
21 105 158
32 84 809
130 6 204
36 155 39
109 56 805
53 94 619
23 35 213
94 2 819
9 72 383
35 131 403
131 101 824
51 157 493
113 18 309
8 144 989
79 96 282
143 94 48
123 22 537
24 111 925
142 136 281
69 125 367
36 70 369
97 145 918
45 62 293
18 119 723
96 91 979
18 30 832
108 105 463
102 87 882
73 90 990
1 83 16
145 119 381
139 142 306
48 114 81
70 152 521
99 156 240
73 82 979
14 40 843
92 135 463
78 146 314
115 72 410
72 121 608
21 153 349
93 13 703
40 61 794
67 2 276
32 44 124
33 41 134
153 128 511
126 18 526
118 2 155
20 59 205
84 55 491
76 5 299
6 117 854
45 30 927
95 14 962
109 54 693
103 4 286
95 66 458
128 96 217
149 119 943
97 12 880
61 157 153
102 108 209
97 120 959
19 40 841
127 115 747
156 96 98
43 110 944
90 120 302
56 96 903
7 14 451
17 60 922
147 2 226
39 90 253
38 112 359
114 107 624
138 20 624
31 93 50
128 118 922
73 106 733
148 60 168
108 29 15
25 71 1
5 140 178
123 1 686
47 77 486
103 12 472
128 21 256
43 124 421
2 28 682
29 114 414
120 153 973
37 71 363
36 40 667
69 44 851
0 89 941
68 61 997
29 16 115
15 82 306
35 99 201
142 52 707
72 112 480
135 31 450
21 107 740
111 101 382
138 124 286
101 34 911
91 142 22
4 121 989
118 103 992
157 61 654
56 116 353
59 72 439
71 48 267
155 64 70
149 130 570
16 88 146
76 78 999
135 32 146
79 8 942
7 42 58
26 148 659
126 46 732
57 115 483
49 32 85
37 154 756
153 67 780
110 143 703
60 39 722
59 138 442
29 112 662
147 60 568
144 124 730
155 99 880
122 67 842
18 31 847
48 85 6
38 138 414
154 86 774
87 64 578
71 141 503
130 47 196
24 157 927
70 130 471
43 125 509
137 81 773
128 49 725
59 120 295
96 11 166
42 150 494
147 154 548
98 142 774
59 129 768
87 8 345
68 134 751
112 144 757
35 67 186
15 59 339
99 63 40
24 0 712
95 79 436
100 3 382
31 83 938
128 66 722
80 64 294
37 126 212
130 81 265
122 25 769
49 78 462
141 148 57
47 103 288
78 69 809
152 50 690
62 92 43
16 118 832
92 62 514
62 74 77
125 118 986
120 21 362
132 154 941
103 15 127
86 130 782
97 126 698
93 138 505
78 94 892
43 42 833
83 96 331
2 109 966
32 92 294
74 98 354
92 38 834
139 100 660
74 116 342
8 117 794
75 112 323
99 26 530
34 12 853
121 115 103
132 66 865
142 53 878
38 99 945
37 138 684
86 136 738
154 130 524
61 5 458
9 34 81
51 94 7
69 47 78
155 101 396
128 147 764
70 13 785
97 31 304
153 35 231
5 35 604
105 84 519
29 144 886
83 32 385
102 64 501
39 133 709
46 133 835
41 63 621
23 68 949
11 51 575
143 48 519
4 64 117
133 129 395
36 16 292
72 127 542
148 146 370
73 78 47
132 8 663
0 29 689
16 81 539
111 69 177
79 86 463
71 31 818
77 34 404
64 46 154
130 108 422
133 131 240
73 75 989
77 71 153
4 149 318
101 45 764
49 40 283
38 75 939
103 68 832
118 50 238
144 137 676
119 36 907
52 37 216
72 39 545
122 109 195
3 139 266
87 16 787
68 97 414
89 112 396
93 155 683
42 56 625
77 140 737
16 11 441
11 38 813
156 73 134
87 119 390
137 90 354
127 88 438
88 105 539
49 153 670
108 57 450
21 5 385
107 124 474
30 135 939
146 22 205
57 51 116
27 64 814
116 13 364
1 151 760
156 34 145
84 54 657
38 39 831
119 102 225
144 60 878
82 57 360
43 118 234
123 75 221
33 99 291
123 88 98
58 79 413
55 37 744
15 40 328
51 142 407
34 138 702
5 14 94
22 123 80
29 88 68
149 113 369
9 105 407
120 105 406
99 30 994
24 16 708
48 82 1
63 126 211
1 37 543
41 133 372
149 129 800
24 115 593
101 155 660
3 77 462
113 40 56
65 140 15
5 107 766
26 118 460
91 126 35
115 4 586
61 24 178
26 153 451
96 20 445
36 108 132
3 12 440
133 35 191
49 35 996
54 20 12
93 157 481
81 70 75
153 124 612
141 146 490
105 97 67
114 14 272
18 31 841
3 28 133
88 61 833
50 109 535
54 11 725
85 76 563
143 76 904
60 97 230
14 111 817
133 85 741
8 42 629
128 2 612
35 77 256
96 94 212
79 99 491
32 31 818
87 89 406
60 117 771
15 14 73
95 3 312
30 34 136
127 134 195
30 76 632
86 65 713
149 108 957
77 80 909
84 140 909
131 101 945
35 54 701
80 153 663
114 135 505
119 23 783
83 24 164
56 77 972
156 150 286
96 80 981
157 4 103
59 111 669
148 73 530
66 94 799
18 93 557
135 33 669
78 53 523
53 51 492
17 150 301
19 3 265
124 90 764
66 61 132
19 46 366
55 133 92
72 28 46
39 132 21
41 46 715
35 117 751
110 116 381
82 68 625
114 149 130
92 109 855
14 82 832
138 110 226
101 113 74
25 137 912
47 107 212
112 78 958
145 157 374
59 106 495
105 49 174
61 5 638
33 50 40
95 57 910
114 48 460
154 33 889
27 68 382
148 21 24
156 22 487
97 49 350
60 78 218
132 25 836
14 42 902
47 24 759
83 3 538
48 148 285
52 107 938
84 11 985
123 111 997
30 12 87
53 116 122
142 18 48
51 35 974
47 139 870
156 133 954
10 145 337
38 112 903
76 78 96
86 114 173
54 75 783
142 95 636
104 67 203
142 136 925
115 144 776
135 53 666
44 144 984
150 82 571
144 83 689
157 50 706
79 12 246
57 83 391
56 58 19
43 117 751
31 20 499
71 84 853
117 53 698
97 75 353
13 95 325
140 26 642
94 74 619
127 133 685
29 17 23
137 29 698
38 131 283
8 37 747
121 54 382
138 114 231
110 35 160
48 49 690
144 97 754
98 108 192
144 137 847
17 118 475
28 30 938
28 80 397
100 112 941
101 82 240
135 87 408
7 39 91
23 83 993
73 131 415
90 142 755
42 69 848
140 126 231
30 43 320
128 70 275
106 88 148
68 44 801
25 157 183
21 39 407
84 90 985
140 92 663
142 117 712
113 22 738
2 17 489
110 144 565
78 52 182
22 45 83
131 63 275
52 16 956
114 16 431
57 11 795
77 122 42
46 17 817
134 79 135
2 55 545
115 89 698
32 51 650
109 15 926
90 63 841
139 12 264
89 78 440
13 79 576
31 142 739
126 46 325
150 129 222
125 120 904
53 44 480
127 61 567
155 26 856
99 116 560
124 74 350
46 35 4
70 67 592
35 17 529
55 5 932
82 17 363
14 144 906
118 31 403
16 45 809
128 148 769
51 110 808
45 64 209
83 39 606
120 38 869
99 133 841
22 133 508
71 137 260
66 27 641
96 50 186
93 92 33
68 83 8
96 74 486
129 128 591
130 135 752
7 67 378
32 112 691
91 71 523
127 59 723
46 123 5
118 65 42
78 94 844
41 99 952
6 148 512
53 104 678
13 157 187
94 55 116
113 35 386
105 94 405
58 26 335
136 5 654
65 77 996
0 28 38
15 7 258
4 19 156
53 143 224
82 152 975
83 54 83
140 37 246
130 59 920
96 147 190
85 137 771
136 143 348
93 108 616
45 131 706
106 96 236
65 16 805
122 71 717
84 19 646
14 46 972
46 13 189
83 51 502
143 56 145
34 59 288
11 37 331
61 33 896
135 132 821
19 128 20
135 101 62
70 145 552
42 118 571
25 50 224
16 42 834
153 18 831
16 81 362
150 157 524
90 22 827
156 14 931
95 116 913
44 115 182
157 71 941
153 38 9
14 108 254
70 80 108
110 34 915
140 15 665
79 22 305
52 99 219
121 98 823
84 11 980
104 86 433
35 154 163
78 10 758
141 20 707
84 81 492
100 131 640
121 74 49
76 65 464
69 99 588
18 73 649
121 108 208
4 70 812
29 20 185
85 23 81
139 109 519
107 39 357
19 111 896
127 150 633
101 66 531
48 41 492
101 14 978
15 118 318
94 43 279
19 5 784
54 10 754
120 116 836
149 92 919
108 141 673
10 104 326
78 96 503
147 86 174
2 51 731
127 50 550
114 150 402
115 16 131
10 106 45
31 61 18
89 34 598
58 144 847
19 99 663
137 131 316
4 98 913
117 10 947
24 153 454
24 151 223
141 26 448
82 125 685
7 33 580
5 16 567
94 15 890
46 114 745
150 82 936
28 128 55
13 1 987
74 1 780
89 145 38
80 126 594
81 88 657
10 65 148
1 118 155
19 71 89
108 139 223
127 72 860
95 86 393
98 33 586
10 90 892
87 89 564
73 108 394
69 141 337
31 50 631
39 48 854
102 29 668
155 66 184
138 18 442
67 25 780
115 89 416
106 155 377
27 33 808
33 102 230
86 22 328
94 101 484
97 138 901
55 123 87
121 56 980
52 14 227
54 80 832
6 63 312
55 58 824
3 141 643
53 97 855
68 65 149
49 22 501
35 23 765
70 1 95
138 52 403
140 145 209
35 114 986
128 110 574
114 105 996
16 149 589
102 20 749
53 123 895
51 132 538
56 97 394
82 9 105
150 130 562
102 45 888
141 29 584
133 147 339
143 96 182
35 78 286
156 93 163
21 107 682
46 11 964
57 94 51
125 73 788
79 85 962
5 60 2
148 29 662
96 104 889
119 75 512
28 147 736
146 51 182
149 44 737
26 104 960
97 144 634
3 100 392
39 68 783
109 130 346
143 24 851
53 91 871
39 58 713
118 124 386
96 65 778
119 25 118
71 148 253
106 126 277
28 136 660
49 59 721
109 34 288
135 113 393
123 17 70
140 133 379
7 154 115
57 16 622
116 33 333
6 107 897
123 12 404
109 147 360
8 52 484
69 134 700
104 55 373
58 100 14
50 6 833
150 60 388
142 38 124
116 1 524
13 148 101
149 42 463
51 44 872
85 79 197
47 101 439
78 26 890
23 155 283
103 79 44
57 98 739
118 120 144
21 150 74
48 54 688
98 75 964
116 111 342
140 151 53
13 95 471
37 0 235
138 111 247
132 152 316
46 41 459
126 10 491
125 9 331
70 141 823
81 54 49
134 22 403
68 106 620
102 13 961
133 70 153
11 5 95
131 154 121
116 79 410
40 72 519
135 140 764
140 122 388
86 70 767
130 38 599
39 86 454
115 94 168
148 28 528
101 107 583
150 114 775
67 77 778
89 127 732
145 10 270
120 98 454
26 135 696
135 145 387
21 81 793
72 139 178
156 123 863
123 60 265
54 148 142
66 32 298
25 147 223
39 0 139
145 69 106
52 77 491
152 140 403
60 10 777
49 36 564
129 127 949
44 110 675
76 130 815
137 145 909
75 143 320
97 24 841
134 42 117
32 44 146
69 59 50
34 96 727
10 143 293
92 144 193
149 89 755
17 65 272
41 71 18
1 90 680
35 81 125
53 80 672
65 45 980
103 67 547
143 134 344
63 12 157
54 149 652
136 25 846
62 49 743
17 18 207
0 46 200
92 154 40
102 144 749
47 1 101
128 119 739
140 116 788
14 88 614
143 47 396
136 154 490
97 20 517
83 117 633
15 72 799
136 2 210
82 20 918
156 38 715
139 12 806
34 37 958
8 75 534
153 52 535
116 95 932
41 68 317
156 69 148
72 24 755
99 16 970
45 46 213
51 134 358
78 22 456
106 74 209
157 143 725
7 123 350
87 124 52
108 156 818
75 114 602
42 52 920
101 139 765
114 51 282
105 111 478
59 45 787
6 7 553
36 83 369
11 132 129
90 33 661
128 48 69
90 136 595
104 14 844
41 12 414
9 98 949
109 93 360
154 35 942
7 56 507
91 79 652
68 89 91
57 95 837
62 61 442
111 36 917
128 108 363
125 55 152
91 69 145
146 95 974
41 68 386
46 14 591
83 127 30
125 42 787
70 119 22
12 155 244
9 114 414
126 120 72
97 35 699
132 141 856
51 38 7
6 60 76
79 1 848
154 109 902
34 50 963
5 2 697
74 150 412
120 58 653
28 43 857
46 118 599
96 143 900
53 48 453
74 147 737
80 92 170
152 91 995
75 14 204
120 97 780
17 90 737
6 46 341
78 0 915
138 65 446
130 11 966
47 154 481
53 73 688
61 22 834
131 74 868
66 81 449
65 130 392
57 32 504
122 49 562
46 19 152
142 1 109
80 92 821
82 62 223
86 74 57
114 146 947
74 108 88
86 55 366
46 2 759
132 10 361
10 5 452
129 39 530
10 15 821
41 133 378
2 32 838
69 156 283
59 107 852
96 114 690
33 46 509
64 117 919
41 150 419
3 97 813
128 47 66
133 101 701
27 104 48
1 38 323
92 135 803
38 91 566
98 123 400
140 18 762
44 36 847
146 34 395
18 36 329
68 148 39
18 155 148
16 145 675
128 59 594
81 37 798
139 79 113
8 67 67
38 22 933
145 113 691
25 103 743
6 18 362
101 78 568
32 30 331
6 33 870
64 77 230
63 96 528
115 1 889
14 136 991
72 4 451
62 124 488
96 78 28
77 97 972
101 6 688
10 152 799
86 48 88
100 72 207
23 107 93
151 32 97
8 91 470
100 104 991
75 96 772
156 132 221
100 144 251
79 136 582
3 69 347
78 66 52
25 116 409
116 143 687
73 22 212
4 146 145
27 77 709
130 60 740
119 131 658
144 116 500
122 2 509
54 46 326
98 115 728
6 146 409
117 98 20
49 119 430
156 124 391
7 56 815
93 69 589
9 102 704
76 151 588
103 52 843
139 23 552
39 3 662
125 134 588
75 79 171
72 64 77
157 12 594
46 84 181
26 103 199
146 85 932
84 149 109
133 123 434
41 51 203
147 73 78
32 129 604
18 73 475
50 138 160
40 23 579
38 75 122
68 49 831
112 59 360
67 113 144
8 39 943
18 121 943
134 15 120
68 14 147
91 92 648
30 137 432
40 115 313
35 39 805
146 34 904
79 33 596
76 134 40
104 2 924
9 116 132
153 72 926
62 22 228
138 18 627
55 1 188
107 155 985
98 132 198
157 42 784
67 18 885
152 140 220
110 5 418
132 34 432
99 149 35
125 112 964
107 39 277
83 134 938
35 156 779
121 22 21
144 100 728
11 38 831
10 83 782
57 52 854
52 50 57
3 150 978
138 150 89
22 4 993
86 88 193
10 52 816
97 138 217
1 93 197
37 14 736
46 55 734
127 39 36
8 111 384
53 77 589
36 132 59
42 29 426
96 129 147
87 152 651
22 150 937
68 37 234
68 114 708
22 68 134
97 17 276
62 2 456
18 150 195
66 103 892
81 102 158
57 85 260
34 127 498
141 16 255
109 5 638
93 145 846
149 144 171
119 56 734
153 51 389
113 120 69
135 59 79
151 19 324
99 86 747
38 132 647
116 37 953
119 79 873
145 139 467
145 68 665
139 132 630
124 66 405
37 98 545
10 67 448
130 2 977
145 3 140
135 71 780
78 66 600
107 95 631
48 5 267
77 84 413
104 87 873
91 56 140
149 132 849
25 141 980
77 6 257
50 27 96
120 39 402
141 16 378
148 100 492
111 22 905
61 2 797
141 138 223
84 60 824
78 37 590
1 43 702
104 25 386
11 13 885
109 157 174
91 97 774
8 91 975
27 6 777
55 150 27
84 0 31
43 75 241
153 146 697
51 87 471
123 112 500
119 108 109
143 18 411
115 56 848
94 136 813
17 141 896
131 151 320
27 133 347
143 2 41
107 40 70
116 11 838
95 26 467
110 82 189
43 141 382
31 140 835
108 88 141
67 39 474
103 13 934
73 118 94
151 55 593
19 72 307
9 155 968
94 118 135
34 32 863
43 1 924
140 2 966
34 75 439
155 101 316
51 83 462
0 16 392
9 98 825
47 136 655
19 92 159
95 37 672
53 103 231
93 40 501
19 57 32
7 30 592
107 3 601
26 120 733
70 89 23
154 16 816
136 121 872
52 114 272
12 133 379
150 90 591
107 25 56
131 76 849
82 67 103
42 78 516
139 78 139
121 157 366
112 74 222
144 50 57
33 40 594
137 60 64
80 9 421
129 13 460
74 99 678
42 48 916
82 25 455
81 113 666
154 108 45
136 131 111
43 4 466
99 97 985
23 107 472
104 22 664
23 26 279
103 71 49
99 109 897
50 106 260
81 42 919
119 104 400
19 1 25
28 142 771
61 64 442
28 99 920
79 4 166
69 53 547
152 137 818
123 132 919
84 58 827
142 127 502
148 54 84
37 67 417
122 119 517
7 8 435
31 86 909
63 34 857
60 9 387
134 56 430
102 105 793
112 79 295
133 44 742
31 66 744
81 157 49
63 30 550
73 118 515
152 73 59
144 94 267
129 4 366
76 111 712
7 144 292
49 136 749
62 80 674
151 116 24
7 46 580
21 87 169
147 1 312
9 104 662
120 103 677
51 144 677
72 114 242
68 140 879
35 143 531
138 80 430
138 62 913
103 69 311
38 3 219
84 32 712
115 98 480
93 118 292
136 5 167
135 122 38
147 65 728
18 65 979
35 67 693
157 20 661
72 9 794
123 102 849
147 33 340
145 109 816
76 148 500
101 139 366
128 59 887
136 47 399
36 6 828
91 135 226
18 105 166
152 11 236
45 132 152
29 45 533
91 81 639
40 39 63
29 90 797
108 89 550
92 123 113
131 98 345
13 149 47
110 8 484
23 70 20
67 136 287
78 8 914
83 53 332
126 46 717
21 106 421
96 75 967
4 35 256
85 1 942
42 2 256
93 142 298
106 55 424
44 30 306
106 134 302
54 102 176
25 22 344
143 61 406
4 147 477
3 85 93
43 149 974
22 36 756
117 30 30
36 7 803
40 101 982
10 83 106
112 86 773
101 154 238
41 116 532
146 148 152
105 63 160
4 48 668
118 67 998
88 46 287
44 9 232
63 101 890
78 113 59
137 138 733
77 26 760
27 130 857
54 13 428
31 149 589
16 60 712
136 114 215
3 59 446
59 5 228
128 150 797
12 19 978
155 86 361
75 71 504
65 139 872
139 39 638
85 130 456
107 67 698
90 121 777
157 61 719
135 71 5
44 39 594
6 157 647
108 129 954
125 102 88
48 139 337
69 5 198
0 95 142
117 49 116
137 74 562
50 7 877
26 25 864
66 116 862
45 36 539
56 20 561
1 59 803
147 36 43
91 19 888
136 103 987
21 157 213
95 147 534
71 152 1000
104 15 562
36 129 646
101 31 587
108 66 455
17 3 709
154 84 380
44 114 459
147 151 971
49 120 312
108 77 121
144 142 740
131 8 515
107 140 449
68 117 6
84 28 940
62 152 697
9 76 16
71 76 648
105 33 26
88 130 329
123 43 40
109 36 512
15 26 817
9 106 947
68 146 293
73 157 552
0 60 946
93 97 467
58 112 155
23 55 57
93 4 93
13 128 352
33 50 463
46 45 609
129 57 812
68 156 57
84 25 974
114 146 203
155 95 844
29 157 856
96 39 821
10 132 312
151 74 803
28 126 691
140 8 276
130 143 741
82 141 264
36 105 808
73 68 421
20 106 583
92 81 144
21 14 725
0 147 421
106 115 399
138 124 769
62 25 529
105 0 562
126 130 1000
96 8 544
37 157 112
120 38 78
132 62 680
152 19 705
97 156 900
138 102 201
44 60 138
109 5 808
3 107 708
7 17 12
35 142 901
18 153 988
0 148 859
118 127 457
2 47 532
64 133 403
2 76 288
84 88 582
141 10 547
80 37 816
89 135 901
74 18 688
35 39 129
62 109 409
143 126 423
49 28 245
98 107 639
97 48 660
94 155 305
42 113 507
84 108 540
149 129 545
38 116 461
44 118 364
73 50 739
38 1 362
121 141 153
85 62 243
63 146 907
7 126 862
157 149 665
157 110 449
142 149 19
20 45 389
52 153 711
50 27 89
80 128 87
97 50 150
3 71 436
119 66 83
139 113 738
81 0 436
101 156 282
77 82 563
5 67 129
111 12 279
109 142 439
80 4 138
32 123 104
147 123 294
131 70 200
23 0 933
16 138 901
18 81 177
106 110 32
22 135 570
54 26 951
98 152 468
18 100 811
98 104 282
96 143 881
59 27 79
38 24 412
25 4 57
114 149 592
1 71 947
114 53 215
133 80 641
59 44 949
21 76 463
135 51 540
49 85 509
71 10 368
116 19 392
40 125 393
150 87 274
68 84 699
148 104 198
135 30 714
92 149 600
84 39 255
8 28 202
137 112 256
115 46 574
133 26 127
154 50 789
32 16 332
22 1 324
152 113 982
49 43 332
56 7 175
42 104 27
146 28 262
98 87 488
43 75 351
12 49 495
36 144 296
76 101 825
36 81 159
17 69 430
5 66 794
156 145 546
7 109 923
27 143 553
43 37 593
9 44 927
122 131 47
75 50 335
1 63 843
79 73 914
126 67 300
1 61 138
31 71 56
141 47 685
54 13 847
50 77 338
96 69 14
136 0 193
29 48 990
54 123 45
87 18 79
152 37 757
41 99 295
61 53 401
50 146 784
0 26 3
8 12 71
7 25 537
56 38 215
51 136 500
100 25 787
52 119 83
67 31 554
21 25 602
79 80 351
37 140 995
3 2 143
154 46 846
59 92 321
80 26 656
29 92 77
58 124 719
51 102 665
103 88 885
155 1 334
117 136 595
156 124 512
124 114 299
150 59 957
79 14 378
40 152 481
30 114 3
65 47 339
31 2 372
43 110 337
1 61 200
130 84 953
139 98 653
82 96 359
139 48 33
63 6 298
144 80 535
58 85 664
80 83 804
88 122 808
102 67 373
155 52 914
49 73 518
153 41 625
14 41 656
148 72 274
109 83 577
5 102 509
76 1 857
72 156 500
143 75 509
42 35 525
114 0 174
155 76 279
91 34 535
113 101 970
38 82 994
86 50 851
73 108 496
85 108 688
138 78 421
39 51 88
82 65 476
75 119 974
68 107 58
122 56 884
11 29 237
2 50 548
113 106 354
33 7 599
1 127 357
112 97 448
58 103 867
149 21 361
44 13 57
6 91 745
76 12 438
112 11 377
54 83 336
103 11 599
137 100 623
99 155 372
156 143 879
124 55 61
11 144 139
76 33 598
2 146 796
149 86 673
2 150 48
24 155 351
100 60 4
66 112 775
2 60 610
5 139 339
108 111 937
136 116 899
67 111 402
120 45 560
142 46 508
25 0 741
37 40 100
72 80 151
56 148 739
100 139 976
151 104 684
148 95 421
75 122 343
145 129 988
24 102 493
107 110 420
113 46 21
104 51 449
82 128 95
87 11 898
35 88 679
134 69 341
35 115 788
92 98 83
17 141 358
150 21 790
133 120 71
90 133 465
51 0 534
78 26 617
70 43 328
99 82 889
10 106 462
10 157 556
7 39 407
133 19 833
111 123 659
51 55 686
31 61 395
157 89 52
25 35 144
35 49 404
120 65 79
18 89 720
128 123 860
45 98 912
82 84 962
45 48 391
6 50 520
125 76 67
80 15 48
67 149 705
138 123 851
76 44 706
142 56 665
155 70 634
9 145 60
129 108 413
149 76 613
9 15 888
87 4 708
44 12 35
30 66 714
114 24 740
138 72 982
28 104 370
101 121 42
152 10 921
37 60 940
133 90 771
8 50 933
24 62 538
117 55 791
92 71 898
142 92 935
151 45 69
131 156 475
113 137 531
78 119 367
6 78 614
75 59 972
64 148 97
67 10 389
4 110 798
23 72 913
0 19 81
79 147 806
26 9 434
77 104 684
79 92 156
42 131 454
110 53 911
10 129 643
55 157 866
68 3 362
19 48 18
91 137 486
51 65 698
42 36 256
143 142 757
152 118 893
67 54 86
115 78 132
147 39 741
95 82 622
98 68 324
72 35 297
10 120 961
156 98 248
33 42 744
150 27 833
127 22 621
84 126 631
42 69 966
35 117 699
108 43 212
137 113 228
119 155 596
39 107 663
138 3 92
134 156 136
0 142 533
44 121 71
1 55 690
35 120 453
136 42 344
108 149 525
140 143 933
66 18 50
85 80 447
64 145 860
148 112 569
45 32 121
82 63 509
156 100 461
136 21 193
109 90 334
92 68 295
48 88 168
10 63 991
137 9 863
108 44 372
96 78 564
8 60 24
34 126 499
6 70 767
129 70 987
148 93 331
16 25 204
89 128 14
20 52 493
95 108 798
61 66 19
122 90 781
156 97 363
156 31 485
70 49 546
109 25 711
139 66 720
70 10 567
144 14 608
155 4 328
28 126 215
97 59 913
68 60 783
144 122 645
3 102 699
126 124 283
52 21 291
125 90 45
85 50 458
83 89 227
53 71 855
52 106 312
57 75 868
117 5 532
57 119 640
59 45 767
113 24 474
122 112 651
80 59 93
36 12 144
22 37 962
129 96 344
153 91 237
47 44 724
135 25 607
121 118 733
146 0 128
103 138 647
140 57 799
39 56 813
83 69 722
123 83 387
19 139 325
110 125 19
62 116 449
22 65 545
82 115 557
20 62 460
57 81 56
157 52 189
102 136 254
19 86 739
55 145 963
38 3 966
53 120 874
45 46 729
149 105 683
144 76 975
149 101 233
116 79 814
84 103 595
68 40 933
156 114 933
105 99 864
17 157 936
122 130 765
89 154 319
23 99 118
41 151 983
63 156 377
89 15 78
124 138 912
152 34 199
2 32 864
36 128 569
53 67 749
145 105 759
98 142 519
62 153 843
1 25 106
149 28 682
0 74 63
113 41 620
9 38 795
12 33 791
17 103 357
123 124 774
138 135 209
77 53 229
57 14 776
3 138 573
105 6 200
7 145 91
116 27 938
9 68 809
12 99 738
120 152 494
71 112 654
114 16 278
23 127 996
130 89 891
70 138 131
109 41 227
11 34 212
80 60 571
62 103 691
23 68 608
48 45 493
133 44 141
37 30 978
95 130 712
65 99 64
123 152 463
122 94 158
74 42 15
35 93 968
20 106 102
50 17 392
41 71 246
13 8 265
102 138 653
40 76 932
105 157 105
151 13 853
154 143 258
155 131 203
70 64 787
74 14 363
6 29 595
95 37 442
130 90 216
7 15 485
87 44 535
11 108 599
131 125 408
75 139 958
3 140 489
134 120 88
130 12 68
51 6 190
70 152 7
27 107 343
132 131 882
144 32 890
143 40 144
108 157 926
156 10 651
128 148 844
3 12 692
156 22 619
76 146 380
156 148 835
24 34 85
109 104 329
135 43 298
63 67 632
75 63 58
132 76 283
90 62 895
5 127 358
81 41 356
63 99 494
85 148 889
58 127 788
151 128 57
112 136 737
54 28 923
91 87 801
91 121 685
55 92 563
77 69 731
123 103 803
127 37 873
15 115 426
16 6 563
58 67 669
64 41 123
104 9 404
29 70 324
81 133 612
14 111 61
100 49 892
68 25 869
135 157 422
142 50 337
5 124 738
82 24 715
118 88 31
140 72 305
98 77 295
60 151 840
36 120 424
9 58 948
101 132 268
130 115 430
106 13 860
8 91 100
116 77 303
67 111 597
18 157 786
145 118 925
19 78 401
140 150 361
20 139 618
11 127 839
29 131 150
48 92 888
72 46 101
81 12 756
64 127 218
54 89 23
29 21 700
127 123 165
81 33 445
122 144 749
13 65 52
116 56 254
36 116 867
65 28 696
80 14 12
12 62 538
54 79 867
83 121 140
7 68 372
64 99 320
7 83 282
133 115 2
90 64 939
66 83 804
2 20 315
137 43 605
48 55 828
30 65 362
141 6 701
131 44 968
74 57 517
12 88 293
115 100 816
116 23 109
155 70 612
4 84 262
8 24 750
33 87 447
17 44 664
113 147 56
90 149 51
58 63 175
112 66 689
55 139 967
76 59 809
110 109 205
55 30 812
9 80 160
101 66 2
124 71 645
132 17 214
56 55 244
21 117 66
125 86 609
33 45 739
28 95 997
111 122 681
83 23 862
99 11 963
24 42 123
128 74 75
31 97 190
90 74 793
72 19 144
51 35 108
149 85 821
110 149 616
5 81 638
90 0 267
137 63 433
61 57 556
127 148 10
59 3 417
113 142 409
128 136 697
78 128 345
105 16 246
142 45 710
122 64 4
113 140 137
83 60 201
30 142 296
85 108 907
34 98 515
19 18 434
22 46 912
69 40 410
70 81 203
118 99 86
18 39 427
149 21 740
16 140 281
148 157 839
103 18 742
101 81 179
15 100 290
81 146 573
65 131 22
95 94 213
87 99 751
39 107 973
78 95 751
144 106 820
130 11 247
103 67 180
42 142 589
21 93 577
103 102 232
149 27 288
0 71 512
19 131 982
59 96 368
25 34 84
57 64 32
23 133 782
48 65 129
150 110 445
9 142 265
38 21 282
43 30 402
85 7 814
13 128 209
14 57 378
75 62 491
92 55 341
137 124 469
140 2 461
130 121 736
66 115 48
109 102 890
14 145 798
89 125 670
3 95 88
35 25 703
129 153 908
97 30 971
79 129 32
44 37 312
108 105 517
71 76 287
89 96 1
100 153 934
122 2 719
61 101 608
100 127 438
132 110 339
82 46 60
113 123 259
2 118 791
8 104 50
8 113 64
134 22 406
65 143 77
34 24 540
17 97 537
147 111 698
26 2 473
2 27 454
36 91 28
64 107 518
26 133 889
108 144 702
81 46 471
102 22 118
112 89 376
95 5 548
30 97 663
35 125 410
83 88 384
26 53 646
69 114 680
52 46 378
135 140 407
37 134 853
61 90 531
143 33 255
140 53 660
1 13 427
94 129 808
12 130 557
111 120 421
59 33 167
29 75 904
27 149 468
85 28 966
32 81 703
157 121 926
8 106 877
27 37 336
126 139 149
111 152 82
126 81 163
147 34 144
92 156 721
119 2 153
129 147 351
145 56 61
37 128 967
68 34 166
2 103 233
21 50 200
154 43 913
86 87 795
106 42 338
40 44 88
97 14 449
20 89 224
32 47 633
31 63 778
79 38 429
110 101 290
19 27 670
66 148 7
86 133 357
36 21 269
40 103 947
145 121 936
59 67 319
39 120 922
13 123 528
147 129 518
77 131 336
154 7 610
46 134 178
17 2 502
108 4 535
58 47 26
155 71 259
77 154 541
38 62 401
73 92 518
104 34 944
72 96 607
32 8 364
106 64 600
122 141 356
67 11 862
25 125 138
8 149 787
112 60 149
132 80 303
62 22 262
76 75 772
146 141 508
52 25 7
20 80 703
57 119 968
52 57 233
79 27 9
64 102 720
32 17 583
136 104 995
130 18 44
113 73 885
117 19 889
124 26 564
60 33 541
55 69 234
46 70 539
85 110 762
17 1 661
145 134 621
90 41 686
83 96 338
76 92 887
94 59 252
17 115 325
135 51 869
141 113 562
149 69 769
101 95 649
136 114 93
57 83 238
116 71 921
135 33 26
106 15 993
73 116 342
70 42 923
157 61 77
126 147 236
59 141 322
28 49 357
139 52 573
84 137 229
127 99 255
143 36 553
152 156 671
130 53 512
145 116 604
74 11 911
81 140 686
30 45 770
34 111 99
111 63 180
32 76 960
132 64 98
43 130 265
111 64 1000
138 106 899
149 146 195
12 134 650
64 17 821
150 30 695
87 70 990
19 43 142
91 99 250
121 149 498
63 104 678
43 87 481
94 130 775
138 30 66
121 91 940
108 27 683
34 25 459
90 62 299
42 36 81
88 43 52
65 17 721
29 48 317
53 89 554
4 28 994
85 69 432
117 101 696
16 94 726
104 52 202
17 12 602
55 18 167
148 98 316
27 44 367
39 95 115
112 67 63
49 34 368
88 84 659
48 107 27
149 32 187
42 100 37
119 17 441
96 30 239
77 71 262
101 93 581
134 28 692
35 63 760
42 133 267
76 109 532
55 139 838
100 119 855
94 22 52
51 9 963
154 142 360
155 99 112
156 111 438
131 8 72
124 68 145
105 93 179
41 101 613
27 151 3
89 14 646
89 157 177
68 87 945
79 109 508
83 111 703
83 24 75
83 92 389
98 86 49
151 123 904
16 152 62
24 63 608
89 11 381
49 58 596
75 44 826
63 62 946
147 43 339
132 155 569
157 124 602
87 23 533
93 141 24
50 52 192
72 29 261
133 129 253
139 76 254
139 82 709
104 138 67
13 59 758
76 104 821
42 48 175
46 130 867
69 95 272
90 48 669
21 1 397
59 63 14
79 125 609
111 26 285
23 16 635
57 150 994
8 153 290
151 1 701
3 39 769
80 138 304
94 53 183
133 65 588
99 152 119
11 0 503
88 100 251
41 5 123
108 101 961
131 17 494
153 58 828
33 31 625
125 21 718
111 87 465
48 85 828
9 49 242
17 87 454
115 96 412
79 104 201
125 96 201
123 27 613
24 86 328
118 99 624
46 5 732
123 70 212
75 136 360
33 77 520
43 13 987
49 25 263
114 78 537
36 32 722
44 40 428
0 5 98
156 12 651
33 46 942
31 100 847
155 120 373
76 12 902
24 64 225
87 68 625
131 118 344
27 154 709
66 92 154
116 80 527
121 23 376
138 3 657
43 21 467
126 156 665
155 40 55
144 75 403
152 100 108
76 92 129
103 31 507
105 34 377
153 50 378
70 108 830
85 11 509
53 117 659
52 49 783
123 7 641
127 111 338
122 142 130
5 95 211
88 133 12
62 132 943
47 98 477
136 105 871
38 21 762
35 19 102
133 7 296
151 5 18
144 76 375
151 76 901
123 119 218
81 92 436
20 45 925
45 130 487
98 107 955
94 37 888
75 20 857
77 54 275
5 0 979
130 31 742
43 39 952
118 129 147
59 54 121
109 91 703
2 101 549
49 62 679
57 61 223
88 103 892
64 55 31
82 45 218
146 56 570
13 143 148
143 120 314
144 61 396
26 151 288
36 97 642
139 5 689
66 17 886
66 89 722
54 148 587
3 115 769
37 56 5
107 70 571
24 127 863
142 11 671
78 113 510
132 153 645
39 104 82
121 8 412
58 26 899
103 65 156
136 58 719
121 20 22
13 105 312
121 51 738
97 36 18
135 154 191
151 55 436
20 17 274
63 31 319
12 23 771
52 21 639
86 20 249
1 26 259
51 28 610
32 139 388
41 55 735
113 28 734
57 133 614
58 63 907
39 126 844
58 82 946
89 77 486
52 144 663
67 75 142
56 133 452
138 52 680
93 49 815
8 61 655
148 141 253
82 41 941
140 98 459
60 25 83
130 46 949
15 94 125
94 4 333
119 142 848
60 135 403
61 52 3
10 50 305
73 82 247
64 19 293
2 67 715
127 76 410
105 32 904
83 4 384
43 154 344
133 12 59
9 56 362
47 33 787
149 107 154
63 122 999
65 129 432
92 18 790
88 68 811
44 156 854
62 115 418
15 114 459
63 152 400
132 57 142
79 155 164
129 110 857
41 150 756
10 102 293
16 79 196
7 154 541
152 4 572
89 131 578
112 121 976
69 57 901
38 46 805
108 30 151
116 97 524
65 152 832
122 60 980
6 54 986
99 69 187
140 122 35
108 139 112
26 135 113
15 26 819
91 109 369
107 61 182
16 90 353
2 72 964
60 107 739
127 82 736
111 45 708
9 55 909
75 48 429
151 59 530
8 16 42
22 41 91
103 10 929
62 67 442
9 102 512
156 122 830
30 112 77
120 34 274
48 120 669
147 137 258
55 63 440
44 112 309
57 56 515
103 142 775
37 108 755
66 25 322
102 112 106
21 88 518
115 86 459
130 42 297
75 69 792
20 59 297
142 25 371
110 130 792
9 146 893
44 135 446
65 107 711
126 57 345
97 33 650
88 127 935
63 12 11
89 131 772
95 56 929
77 120 337
64 5 219
82 35 51
24 104 919
80 138 567
46 110 500
48 81 383
30 120 293
117 18 331
28 39 840
66 73 838
91 95 958
145 22 177
114 87 216
70 116 174
126 131 259
89 142 207
9 11 970
122 118 450
153 54 993
40 6 196
141 145 906
1 34 942
34 100 332
88 112 396
73 105 758
115 46 802
149 91 580
113 133 438
1 106 82
54 40 816
6 153 221
7 13 795
7 61 786
129 125 107
95 12 797
20 88 636
133 95 999
33 62 814
75 118 726
96 85 846
41 39 777
73 139 325
17 54 659
115 42 108
3 106 387
9 78 538
18 107 623
50 88 185
125 2 101
13 142 671
154 116 128
112 93 769
104 26 227
19 2 732
133 66 994
46 83 340
120 67 580
21 48 318
33 93 383
143 117 654
141 135 77
98 150 380
28 11 372
27 114 485
64 47 76
64 127 725
15 102 103
152 60 535
6 77 689
57 26 50
49 83 812
121 70 192
43 93 679
143 59 380
148 43 151
125 100 78
112 77 657
46 110 60
117 138 747
33 77 33
134 28 984
55 78 165
97 44 384
143 20 427
6 136 41
137 84 54
57 87 275
151 87 647
35 23 68
72 141 929
149 106 855
151 14 649
124 4 984
132 136 90
93 45 793
30 86 322
135 41 67
121 34 29
112 124 545
17 68 974
63 68 174
80 114 913
87 27 483
11 137 261
85 48 565
22 139 114
142 86 925
77 4 98
46 49 277
91 83 678
157 1 995
11 87 723
27 8 182
26 141 175
75 103 374
62 56 909
141 32 25
55 117 104
32 7 323
11 125 436
68 2 731
148 27 751
69 93 591
100 79 732
65 93 720
113 34 695
25 57 823
48 138 215
85 97 932
121 3 448
152 14 334
114 69 276
28 75 674
30 133 653
107 30 95
8 141 256
100 107 424
76 45 129
74 130 98
26 63 316
116 129 315
149 116 693
45 42 979
99 143 74
43 101 373
93 14 425
1 60 781
19 85 125
120 110 357
152 55 718
96 44 622
46 51 829
67 61 262
17 60 157
32 83 611
132 122 204
10 113 136
19 35 527
27 85 420
32 128 480
37 130 627
98 10 65
121 38 930
135 62 845
108 66 394
132 82 499
42 86 500
122 157 774
131 10 820
141 135 605
134 140 697
4 3 488
34 140 551
81 23 525
115 1 407
144 80 491
33 157 271
20 145 224
125 146 314
103 43 263
136 8 163
29 91 316
34 79 48
70 88 695
51 82 439
76 102 63
34 89 344
134 97 740
90 146 244
61 124 454
116 0 939
109 21 976
28 56 171
92 60 445
51 4 274
61 143 765
3 124 289
115 130 527
59 134 638
60 57 810
72 138 389
116 49 562
87 5 783
62 70 114
63 109 454
41 50 290
131 23 579
92 36 354
0 75 225
129 51 904
97 11 192
82 107 757
113 16 862
148 126 429
137 8 477
27 137 229
103 152 994
135 19 247
131 31 290
136 133 824
117 129 944
118 96 920
156 0 471
113 55 580
134 54 273
42 24 47
72 78 122
60 98 33
54 13 244
18 133 221
53 5 289
152 33 394
52 81 919
50 93 909
46 70 247
43 63 951
57 18 915
56 136 960
100 24 228
68 87 98
25 45 702
135 61 515
101 89 868
0 108 52
72 62 595
60 85 359
143 141 457
30 20 772
156 122 573
80 67 492
75 27 44
136 140 644
122 142 265
98 54 529
77 129 572
11 53 817
11 24 297
130 147 469
31 24 302
124 100 574
88 34 624
116 66 458
16 33 462
102 35 124
96 150 205
94 97 118
99 149 504
137 35 442
128 109 422
25 68 920
100 101 148
72 79 40
105 59 355
3 86 269
113 129 471
18 38 275
29 126 581
63 145 501
73 35 220
45 3 616
78 61 607
25 90 308
58 66 927
42 65 46
149 91 151
119 104 898
63 6 78
25 68 269
62 14 289
144 27 396
89 135 331
95 6 533
82 121 832
153 104 321
21 154 361
107 101 722
15 139 369
146 43 954
70 49 329
148 25 914
83 113 55
7 128 425
21 33 704
32 105 984
27 114 29
89 33 114
47 102 32
70 153 538
39 52 206
135 157 563
97 9 182
43 89 18
127 21 365
3 126 354
11 82 788
141 3 462
80 23 287
135 103 770
117 73 19
77 72 129
120 38 511
77 123 491
139 30 554
99 137 610
101 17 230
150 156 201
68 139 571
88 83 4
81 100 129
136 74 665
46 109 999
8 32 858
31 38 226
46 149 15
18 155 712
70 54 469
99 74 153
114 141 54
142 5 77
42 123 934
5 97 115
54 118 427
143 53 316
130 135 961
64 1 431
76 57 534
117 150 8
144 156 541
135 127 873
138 114 790
88 1 842
127 71 30
27 132 407
98 129 680
138 130 492
109 14 555
95 13 929
88 137 156
45 93 689
16 107 858
106 114 877
32 18 109
133 61 697
40 126 117
37 52 864
136 101 843
62 13 369
99 71 673
60 6 504
105 123 526
16 154 936
62 126 163
122 94 150
57 136 937
111 126 988
46 139 606
151 99 449
40 22 280
147 15 723
143 36 180
33 135 669
121 134 808
11 85 239
118 5 887
70 53 50
92 67 634
86 118 161
156 129 139
72 10 200
41 143 532
89 23 231
147 83 980
10 121 455
114 18 92
10 68 65
29 49 671
55 36 909
124 52 162
96 62 653
7 153 943
4 0 265
93 83 977
57 105 195
22 8 357
155 33 796
78 129 17
132 23 747
156 98 859
78 7 831
83 131 300
50 43 411
62 85 999
155 36 934
66 55 995
153 116 701
129 0 496
89 34 651
89 146 621
44 50 141
90 2 567
58 135 496
157 156 51
153 136 545
36 132 412
72 74 612
26 35 763
26 7 498
4 61 467
146 135 502
80 55 600
113 116 152
53 132 570
149 134 670
51 27 578
134 86 371
60 150 857
86 41 920
115 49 775
5 142 972
3 106 758
89 143 972
81 19 733
55 64 186
123 117 691
156 59 193
40 104 139
96 8 672
47 99 725
22 23 304
148 155 84
155 17 964
101 27 266
3 24 28
62 122 295
97 45 340
58 13 639
59 72 214
131 89 854
6 139 306
12 2 989
101 20 54
22 36 457
45 61 846
75 73 431
39 119 797
110 141 222
125 132 235
2 145 90
47 25 575
100 53 375
132 116 115
83 22 649
53 38 574
119 55 672
139 10 516
40 116 227
70 30 97
18 20 220
23 80 621
2 9 450
99 132 164
137 8 580
71 52 314
88 137 793
111 118 728
77 93 779
43 127 586
122 87 610
17 13 786
125 59 672
16 56 587
0 54 762
133 130 633
137 35 529
14 108 564
43 88 627
115 151 801
13 110 489
41 52 897
59 64 669
79 40 591
133 95 999
30 91 972
108 32 765
98 91 72
14 84 944
101 68 626
44 6 608
85 30 769
13 76 773
15 141 392
109 51 98
139 147 510
10 105 357
49 119 441
136 110 560
150 37 893
112 4 272
30 134 814
75 90 972
91 50 336
16 77 936
153 155 461
83 74 327
33 0 130
131 60 735
17 72 323
18 119 727
80 115 815
31 155 316
65 148 751
45 110 849
36 60 900
24 81 103
157 13 749
19 117 56
67 125 351
92 34 763
12 136 28
37 123 579
60 12 20
73 137 395
112 36 284
86 154 446
102 37 988
13 120 532
125 90 168
157 149 815
31 82 635
157 84 449
15 58 212
136 30 818
36 8 413
152 59 470
99 117 299
63 40 415
18 130 277
132 108 116
50 106 48
137 92 767
1 12 651
151 7 859
108 43 742
130 88 494
143 154 657
11 22 13
48 153 679
39 157 723
66 127 361
67 111 303
17 140 933
127 6 443
92 97 806
122 94 706
104 15 393
80 146 924
68 88 556
7 144 774
98 44 390
142 120 766
21 69 326
124 91 648
136 97 120
5 36 356
67 157 179
132 54 554
10 54 655
20 24 841
20 25 477
7 50 897
112 22 890
78 105 910
90 31 855
144 122 540
20 131 218
156 1 537
48 101 1
42 41 551
3 75 413
137 110 432
33 19 403
20 34 926
40 36 835
44 20 19
91 111 338
41 62 695
3 37 944
95 135 695
37 10 483
104 99 872
23 137 95
100 144 352
104 67 171
44 129 695
43 115 63
140 28 511
46 153 271
144 33 457
12 102 533
61 104 961
87 41 918
85 151 137
136 151 958
104 112 673
99 21 96
100 15 514
37 119 672
134 63 84
112 153 145
65 86 335
43 109 620
55 27 611
152 51 968
96 130 999
23 90 849
75 130 335
105 146 542
121 111 278
150 17 88
142 67 125
53 151 716
56 60 190
28 122 959
103 109 769
62 131 509
81 118 748
112 71 581
25 139 631
85 35 692
68 110 598
5 124 250
72 147 292
76 150 27
144 9 666
134 27 104
72 139 876
129 90 65
113 127 890
50 67 274
130 67 750
140 103 174
102 48 859
155 86 999
110 116 346
48 141 676
79 151 756
26 109 755
144 110 243
103 69 445
108 31 139
118 14 947
93 67 624
51 141 996
151 96 251
138 144 283
74 128 205
72 77 474
61 133 513
12 30 542
123 111 759
143 74 303
114 128 806
119 88 841
0 58 901
106 117 50
68 134 951
74 96 540
114 65 67
68 42 878
153 119 927
127 25 278
152 6 640
127 21 154
66 65 157
102 157 899
89 124 816
80 91 436
23 111 146
22 130 614
20 73 308
4 12 130
122 102 2
152 103 990
80 10 837
93 43 902
24 38 939
74 133 102
154 37 456
50 95 973
54 74 740
38 84 141
138 7 925
120 147 307
60 64 572
115 119 597
91 30 640
131 27 381
19 133 139
49 147 93
110 52 369
154 99 444
128 111 846
129 116 974
34 82 376
155 49 130
44 13 611
127 45 596
113 8 784
97 33 931
107 118 740
157 77 244
57 126 973
121 111 59
42 139 104
89 64 252
132 64 112
74 127 439
16 95 620
76 47 243
57 131 63
94 40 769
22 11 48
147 149 526
134 116 883
72 5 709
82 152 525
157 155 460
94 46 786
58 105 306
126 48 572
63 99 759
35 118 875
32 157 974
111 119 570
97 65 21
138 4 778
108 67 17
66 7 331
72 155 446
41 138 347
117 57 283
6 51 670
86 128 467
56 141 300
95 33 555
26 92 946
68 51 114
8 15 453
152 115 30
129 76 175
40 63 354
38 82 236
73 143 906
116 119 47
85 94 989
105 116 656
22 31 134
25 138 266
2 121 604
118 3 79
145 148 437
51 8 429
134 67 509
45 90 401
114 14 385
121 153 191
52 40 247
46 106 119
9 37 923
20 58 977
138 27 381
136 131 483
1 111 543
69 42 417
114 80 752
28 114 253
109 157 5
49 147 242
11 65 143
98 6 360
58 94 194
39 127 818
49 72 121
118 4 15
107 105 77
96 15 849
60 145 531
56 14 991
88 113 15
70 39 450
147 16 924
49 15 506
140 68 962
3 141 440
130 25 374
5 114 437
146 149 747
3 124 823
143 25 495
1 17 807
89 107 899
10 151 822
54 42 396
135 148 431
123 71 143
22 70 901
121 147 430
101 40 945
46 0 936
131 118 719
114 66 126
5 70 924
17 134 565
28 130 166
105 135 573
82 130 595
112 97 268
131 116 535
38 116 518
28 25 503
153 9 753
155 110 42
146 153 716
126 13 21
36 61 430
60 140 223
28 127 567
153 57 241
117 80 17
72 51 486
67 44 953
79 12 783
145 86 748
44 139 452
43 155 463
115 43 954
39 156 30
7 76 231
97 68 554
70 10 115
65 72 415
138 64 982
6 25 85
9 16 487
94 124 385
70 108 903
0 63 344
132 60 125
73 131 19
39 78 317
82 71 179
11 86 404
58 20 344
33 87 653
118 121 470
32 66 557
112 91 317
62 75 109
19 44 677
154 23 522
151 140 911
105 32 264
62 59 657
74 56 402
68 84 955
135 66 673
63 128 32
74 137 736
54 142 240
86 95 923
35 77 278
83 38 672
41 11 736
79 129 186
93 86 341
101 17 60
107 72 20
155 56 33
102 123 776
34 0 329
77 70 877
99 92 736
44 148 477
39 80 570
81 2 952
95 124 545
90 81 376
110 81 166
10 78 578
151 125 806
39 125 483
90 78 714
156 74 154
44 72 465
72 80 611
79 84 718
119 88 876
33 65 689
42 20 54
50 2 669
26 52 137
152 48 341
84 15 80
155 59 187
93 27 349
18 93 320
76 66 308
112 153 216
111 83 337
116 41 200
112 36 799
113 14 155
39 58 496
63 38 923
71 117 793
126 125 749
139 84 494
95 88 256
76 57 844
102 74 739
17 44 26
16 102 735
21 12 46
102 127 703
64 105 852
30 87 53
42 125 347
8 72 852
28 95 867
106 52 527
34 64 203
107 56 733
120 133 414
8 90 177
42 54 850
27 70 553
53 140 331
141 14 195
15 0 302
95 146 773
128 41 333
9 4 648
122 78 243
116 100 646
39 109 326
19 77 547
130 66 130
90 144 249
70 35 772
58 61 536
4 3 712
91 72 497
8 65 137
76 137 995
40 54 282
79 81 4
13 8 683
139 57 976
129 37 509
148 30 859
99 24 211
107 68 455
121 94 859
54 58 124
75 93 322
138 24 203
43 36 202
105 65 214
157 122 974
46 2 47
140 124 358
87 25 841
122 154 354
34 84 349
130 45 655
31 141 639
44 123 628
32 93 315
135 149 45
94 82 682
97 0 233
79 50 515
66 33 550
118 63 380
0 34 778
156 154 550
122 146 554
99 106 813
32 18 579
74 43 934
127 106 469
71 32 501
31 152 577
54 143 878
105 89 171
151 68 311
53 45 777
47 153 583
60 70 170
92 120 133
6 80 369
5 15 329
35 157 97
62 136 302
69 65 102
97 12 418
39 59 542
64 157 273
58 157 669
60 92 735
103 104 453
82 32 133
152 38 966
29 110 830
71 18 244
70 153 967
5 59 443
118 33 933
26 156 882
15 152 519
137 99 574
104 93 42
130 109 671
35 62 279
7 27 681
103 155 575
129 102 623
117 8 873
31 117 640
100 55 640
67 130 904
72 110 99
106 122 233
7 101 980
148 92 515
71 57 546
22 155 509
144 130 997
92 91 78
41 67 737
152 19 239
63 52 564
109 141 215
84 56 549
35 140 153
150 28 157
66 60 508
118 88 247
123 142 382
92 129 163
130 81 871
104 66 316
101 0 402
44 57 586
147 4 360
21 82 140
138 130 71
104 134 478
46 10 114
65 87 805
56 47 866
30 47 540
129 84 975
131 46 372
3 110 90
91 92 484
107 65 6
40 151 216
143 20 465
75 61 936
61 89 626
5 8 11
83 22 52
70 129 565
121 9 915
32 73 727
147 156 620
131 75 42
151 33 957
34 32 823
37 139 39
126 30 271
16 136 515
72 3 476
90 7 964
34 13 492
9 53 20
147 4 765
43 37 875
142 147 568
99 120 631
22 20 297
132 102 114
53 88 805
62 103 153
156 86 443
152 25 208
106 35 492
145 100 582
123 133 98
30 91 395
3 133 961
59 45 334
66 105 574
155 110 58
105 132 460
67 64 479
48 45 748
51 121 768
0 4 559
64 150 362
143 125 265
110 56 830
127 57 383
1 4 460
137 104 444
91 74 980
41 98 594
147 123 923
119 155 93
10 137 148
31 142 983
113 58 386
124 18 532
147 116 387
116 22 787
121 48 913
3 151 732
20 146 733
36 52 512
67 139 669
99 102 142
51 16 108
151 57 417
60 130 944
94 42 297
3 126 301
110 30 89
53 68 262
98 70 231
35 111 903
50 3 250
101 29 493
118 41 123
74 27 89
36 112 273
101 15 704
54 46 597
9 13 487
153 134 703
28 4 111
131 149 176
6 52 432
79 78 52
145 6 85
34 154 242
44 70 663
132 51 629
27 28 398
86 115 370
135 25 412
91 107 53
133 152 524
27 94 384
52 117 543
103 141 807
90 118 158
31 39 742
122 97 688
134 138 562
124 6 732
47 50 956
42 109 318
34 66 14
152 42 227
36 70 536
29 76 267
73 20 699
111 20 889
23 104 180
55 138 496
137 63 402
10 106 197
50 5 729
37 11 722
40 74 531
29 33 405
142 149 153
109 81 600
92 46 863
20 114 124
1 147 42
127 98 736
89 95 551
156 72 822
86 147 398
24 97 149
144 112 465
107 78 691
55 22 967
73 131 176
39 105 563
66 128 469
157 130 631
107 86 856
15 44 112
59 38 823
6 29 205
69 131 152
94 85 296
58 120 84
146 7 939
55 25 963
130 35 421
43 132 176
8 37 125
98 86 974
70 19 681
13 145 254
50 12 539
82 51 443
12 131 76
69 134 725
90 111 607
4 157 853
95 19 50
117 11 177
141 54 394
103 27 317
132 58 313
93 56 683
88 146 288
10 129 888
49 127 760
140 115 349
11 27 436
97 33 459
16 83 500
101 109 654
90 91 829
92 81 348
6 46 893
134 102 117
129 127 544
40 51 14
71 38 766
117 51 604
48 112 359
64 10 480
59 143 777
69 130 524
76 64 78
80 27 27
5 82 785
156 153 416
16 93 854
54 36 7
21 88 986
116 98 15
53 85 473
59 53 633
108 120 132
155 28 283
117 51 494
29 147 211
156 74 494
113 137 928
37 7 599
48 38 248
146 131 198
139 123 875
120 39 541
60 123 587
85 72 932
95 117 952
51 56 805
109 122 195
132 30 727
85 135 374
142 91 475
19 142 509
65 89 640
28 112 354
62 35 277
42 81 29
145 83 794
58 25 118
32 154 258
45 131 26
12 152 452
86 155 350
31 18 8
35 96 214
100 144 566
128 28 566
86 39 732
28 151 343
54 16 736
12 88 906
139 138 700
39 35 174
70 125 121
92 39 682
77 76 825
5 67 921
124 11 611
49 100 633
12 50 352
17 1 959
51 117 308
122 102 265
24 98 751
33 86 423
37 46 689
89 39 694
65 111 555
32 20 21
145 122 219
143 54 277
128 136 504
156 154 299
48 30 315
124 53 552
116 121 42
31 136 640
155 129 275
71 52 744
40 70 824
47 124 472
148 65 330
149 125 198
98 130 303
117 56 95
15 84 666
38 101 400
53 64 780
98 137 155
72 26 814
21 16 139
10 131 291
85 21 821
7 138 123
98 144 930
114 131 332
137 26 532
57 127 312
87 154 667
97 6 262
136 107 119
120 67 464
52 40 122
47 130 718
14 23 843
5 7 332
106 3 693
66 143 330
