46 63 746
22 11 517
33 8 273
59 12 355
61 49 742
55 81 610
9 29 183
63 65 735
36 17 349
57 60 347
41 56 259
51 50 1000
62 0 174
72 76 70
12 5 864
51 12 252
68 35 99
15 34 303
65 16 441
63 81 449
63 45 922
32 63 249
21 39 366
47 34 512
41 4 23
5 13 438
22 75 547
40 55 260
85 18 286
42 63 629
66 78 723
42 38 255
30 25 758
29 76 582
14 74 211
52 15 895
5 50 895
11 29 947
50 6 195
22 49 58
4 52 772
32 64 982
67 45 839
66 21 667
7 13 979
51 5 298
41 53 99
40 65 336
74 31 298
27 45 200
0 41 101
83 56 66
77 65 85
42 26 392
67 52 412
52 53 744
76 64 371
37 33 889
34 67 62
50 15 504
10 73 519
62 51 182
5 77 367
19 46 763
61 37 506
63 51 14
33 1 524
19 76 948
28 41 231
18 82 232
23 21 367
47 40 845
61 7 783
73 13 616
69 23 541
78 69 86
11 46 659
63 48 9
29 50 650
45 40 795
68 58 520
50 76 975
42 22 806
60 39 985
81 32 549
14 59 841
2 29 985
24 37 277
29 66 209
15 68 457
77 61 161
55 50 114
16 50 304
74 57 201
84 23 492
19 56 652
45 14 77
0 45 307
5 20 512
21 32 822
31 15 585
1 34 395
12 14 175
38 84 388
43 23 770
41 65 85
28 66 545
12 38 397
38 70 848
66 82 502
75 0 641
62 6 777
70 8 729
78 51 296
84 4 232
45 34 244
86 62 734
39 46 439
30 5 328
1 23 60
10 6 837
36 66 10
83 0 40
68 36 541
10 33 517
18 83 552
68 0 519
14 46 854
44 8 824
86 69 87
72 52 964
85 62 704
49 19 251
51 35 443
67 37 49
23 50 450
39 33 797
5 72 909
2 77 736
37 19 100
11 46 816
40 76 528
66 26 410
72 38 885
46 9 780
31 86 851
6 47 204
86 68 137
7 82 826
15 61 469
65 13 874
22 1 983
49 34 524
64 31 505
45 7 77
82 13 270
66 56 884
71 14 352
35 58 785
77 85 237
56 48 996
24 39 581
62 73 808
59 85 256
8 78 29
47 48 867
21 69 919
54 69 246
36 33 94
56 14 313
27 81 764
85 14 584
19 74 693
26 30 446
20 9 1000
30 50 464
13 71 149
79 0 97
79 41 399
7 44 96
56 8 891
42 15 669
85 22 417
73 45 999
63 70 242
22 23 994
74 3 800
23 36 402
32 24 88
9 20 389
4 52 642
54 27 154
74 27 10
55 46 624
46 8 307
45 21 155
65 48 837
42 52 371
59 47 670
48 26 50
37 73 292
44 78 955
71 5 715
7 68 480
74 47 533
26 3 30
1 66 595
62 28 72
72 68 854
70 33 631
76 75 159
25 6 74
35 48 604
64 83 676
44 74 488
15 35 427
69 82 548
57 85 346
21 54 8
24 28 27
24 69 410
37 52 834
72 16 902
4 59 761
41 60 758
27 18 266
86 19 840
41 61 501
71 59 582
20 85 595
22 54 449
80 84 91
10 36 270
53 72 298
43 16 33
29 41 8
22 3 604
1 10 502
70 87 60
17 78 92
71 6 231
39 26 309
74 6 100
54 33 604
39 29 103
68 29 251
14 74 225
7 60 153
35 82 776
38 30 560
29 33 640
10 65 889
84 62 400
37 85 725
17 7 695
51 10 729
66 64 104
56 11 275
21 45 271
45 22 229
68 49 151
49 18 912
9 62 259
8 47 285
34 73 576
52 67 575
9 48 893
34 72 309
36 16 965
34 87 851
78 70 961
35 28 767
12 59 477
45 87 432
14 38 81
82 18 304
63 36 177
9 39 861
6 58 248
13 12 662
2 19 444
63 30 914
84 7 827
57 70 250
24 63 920
22 42 11
83 60 658
47 34 319
56 59 701
40 47 478
40 1 420
63 26 189
51 79 795
61 14 375
33 53 465
28 71 731
35 53 433
86 42 445
29 50 394
59 6 785
8 84 382
34 39 344
38 9 828
73 74 14
69 53 44
30 36 722
66 69 898
16 52 644
65 23 956
67 63 751
40 30 160
22 71 453
40 49 892
41 49 331
64 12 917
58 23 536
71 12 325
35 23 647
11 60 760
52 25 374
47 43 240
7 72 87
81 51 660
33 53 947
33 64 360
44 61 915
65 37 847
64 56 250
17 52 203
24 51 216
83 26 148
51 62 760
78 82 449
51 84 234
41 29 993
5 28 764
86 40 895
76 68 737
67 65 812
77 52 474
55 12 157
23 17 861
26 66 287
20 33 682
24 8 467
9 26 327
67 76 130
17 49 673
6 57 266
73 1 542
45 60 648
55 26 330
27 34 854
3 83 587
45 64 402
79 36 793
34 16 665
3 76 953
6 36 673
0 54 181
14 17 210
44 80 252
7 67 544
23 37 24
66 62 844
84 77 597
28 54 278
13 86 534
17 34 419
4 77 664
46 30 65
68 13 831
13 62 457
1 63 3
45 50 335
13 70 330
70 11 286
17 78 963
3 68 799
26 16 975
33 43 885
75 66 652
76 78 100
18 16 888
65 52 147
23 84 468
1 83 947
31 19 284
58 35 74
78 30 221
36 84 674
16 37 576
16 1 739
39 14 182
85 25 385
19 70 324
47 52 938
6 3 821
66 49 893
83 61 151
60 61 947
27 9 411
13 31 23
66 60 935
33 9 786
19 15 596
63 41 925
84 34 720
7 78 952
14 49 497
82 24 423
24 39 199
20 29 569
13 40 884
76 87 914
75 49 339
12 38 514
63 6 736
39 65 161
10 61 360
12 77 407
64 87 826
86 10 976
29 1 776
51 15 858
53 65 432
57 16 731
75 6 160
10 1 607
47 52 525
8 56 595
85 27 763
82 45 188
11 85 30
37 24 762
35 68 382
38 17 765
3 21 956
4 45 284
85 49 864
14 39 446
84 87 759
6 18 662
0 42 213
34 51 345
44 23 99
43 59 948
77 64 855
8 12 279
86 22 626
21 85 354
15 54 633
6 42 500
21 11 549
8 26 741
57 78 824
73 80 482
2 76 680
39 45 466
18 24 823
23 71 222
35 51 666
42 79 420
30 13 63
16 31 193
25 84 486
35 54 460
42 82 480
71 59 167
53 83 313
87 1 402
76 79 511
47 80 915
55 43 456
25 33 905
37 22 413
9 58 652
34 36 435
13 37 893
17 32 843
2 14 115
72 29 998
51 40 569
12 18 67
39 28 443
87 41 680
16 76 99
24 20 841
64 54 19
85 0 324
12 10 598
49 86 122
20 36 878
12 30 796
4 67 908
63 69 417
31 86 426
52 41 725
10 28 658
0 49 354
9 52 392
44 45 201
8 22 633
56 6 391
35 26 836
63 33 935
33 76 744
42 19 804
81 63 765
4 64 652
61 77 288
76 13 236
5 29 433
55 85 585
82 26 825
40 69 927
61 74 926
3 62 673
5 51 709
65 3 956
37 56 559
30 81 705
32 71 22
1 46 572
46 17 53
16 23 755
77 6 367
51 80 226
32 86 784
40 61 567
9 21 831
83 63 322
43 68 181
59 25 880
29 85 193
64 24 245
35 59 586
82 73 920
55 41 473
42 69 415
25 3 893
79 30 825
85 2 9
52 29 773
30 4 59
19 39 712
58 49 9
40 82 926
82 1 973
63 82 639
42 56 445
11 62 853
66 18 365
69 37 158
47 53 248
44 40 825
47 52 623
75 3 302
63 5 821
85 28 81
51 62 779
76 65 106
21 33 614
6 55 455
14 66 815
75 0 371
36 7 877
10 72 320
7 53 370
36 28 905
27 39 559
15 74 133
38 3 180
73 43 64
43 81 968
62 73 910
44 9 742
57 77 837
48 8 894
71 47 888
60 77 130
79 37 167
29 68 255
48 72 556
51 26 805
71 60 156
59 83 245
31 83 914
22 43 516
32 43 395
54 71 583
73 42 957
57 44 492
65 16 828
25 3 12
28 48 882
74 70 238
70 32 816
86 34 539
51 58 388
65 49 865
28 59 189
68 47 816
83 12 541
63 69 793
22 8 166
8 22 414
13 40 512
66 50 719
29 4 205
59 50 351
8 64 151
22 28 937
67 38 592
59 67 527
74 44 199
86 47 49
43 41 53
22 58 927
4 62 581
8 83 339
72 29 356
25 12 173
40 82 708
39 36 575
56 32 720
70 24 249
31 75 430
59 24 886
5 47 186
75 69 579
67 65 668
83 54 361
31 65 762
63 77 514
86 39 242
43 72 45
47 67 923
7 47 462
61 0 531
1 37 674
59 79 273
30 12 357
45 33 605
2 13 347
74 61 729
67 1 323
24 73 345
10 18 375
5 52 127
84 69 954
43 84 83
81 31 949
58 35 652
87 32 570
48 55 290
66 40 598
29 73 60
33 7 995
12 13 540
29 31 580
84 59 274
16 31 150
36 8 152
45 78 201
85 60 902
2 76 947
65 75 400
51 13 842
8 23 997
16 77 499
68 3 322
58 26 497
76 72 611
76 32 558
16 14 282
45 0 825
48 17 527
15 5 119
83 60 663
11 37 955
40 25 691
56 72 108
81 41 776
36 61 863
0 79 215
70 87 931
62 4 289
52 69 271
73 85 482
78 29 566
53 73 967
84 5 973
70 9 204
71 66 335
34 2 533
57 29 693
67 21 371
18 9 687
56 52 18
28 82 500
67 55 272
71 69 898
63 77 256
17 5 231
75 36 59
16 4 840
3 74 341
8 23 528
60 28 365
48 39 291
72 18 102
86 65 457
66 71 879
39 62 986
41 85 838
79 4 112
6 73 665
6 65 854
21 45 939
37 84 451
18 69 569
78 84 825
2 67 990
54 84 762
5 4 62
77 74 713
59 6 92
23 55 934
42 76 699
73 43 848
54 35 274
41 47 126
48 31 241
2 45 211
42 1 275
54 37 477
26 36 258
47 76 101
74 50 931
74 76 316
54 63 721
24 71 347
49 76 554
29 58 790
15 43 63
31 79 921
3 65 387
1 83 885
78 67 474
28 10 896
53 63 911
3 20 300
45 35 704
21 8 431
85 83 713
14 8 3
7 79 530
11 35 457
41 1 321
63 46 191
49 79 543
59 83 614
2 14 791
1 82 775
49 71 306
26 17 581
21 71 94
14 77 9
9 13 472
48 85 447
5 59 843
69 75 403
80 74 841
21 15 846
31 11 385
84 33 295
14 59 625
73 79 843
26 3 546
2 40 854
3 41 595
31 49 319
82 41 724
6 9 6
83 77 778
50 49 825
25 66 781
78 86 894
47 71 589
79 30 198
65 77 725
55 18 422
27 85 950
75 6 118
58 40 911
68 46 325
72 24 358
4 31 371
51 55 884
57 16 11
85 1 663
52 37 588
80 83 308
46 72 438
55 27 582
3 13 911
72 8 849
16 9 456
82 41 836
58 69 132
56 55 210
2 10 718
83 56 929
36 62 326
1 74 441
3 72 939
43 31 900
87 39 381
26 79 354
41 17 555
10 43 155
2 23 630
58 12 737
35 62 357
39 23 371
23 86 755
85 66 486
28 77 305
63 71 651
32 17 343
58 29 95
67 41 911
74 21 315
70 73 401
14 71 115
79 55 856
53 84 827
45 46 377
7 60 495
46 15 743
85 50 138
84 5 145
48 33 343
46 77 288
18 35 533
41 60 82
6 15 922
5 2 953
27 40 569
2 86 638
36 29 218
43 11 502
51 5 943
70 72 86
24 58 903
47 5 607
72 81 609
43 70 122
65 40 344
46 66 37
20 80 286
49 18 453
44 52 125
24 44 338
11 37 951
44 19 194
3 34 508
4 52 775
8 19 85
87 78 729
2 86 638
67 30 271
75 65 104
76 28 788
47 54 604
66 84 857
4 29 653
25 8 502
20 52 588
0 21 699
77 25 901
53 3 2
84 8 802
47 41 123
63 75 765
65 69 921
22 75 877
71 43 368
43 24 758
66 74 869
26 30 200
78 59 862
11 63 338
43 31 266
46 17 209
11 38 111
4 76 81
64 65 468
28 16 18
18 67 685
3 26 255
45 8 123
20 73 209
57 27 644
58 35 691
14 37 458
56 17 478
56 85 877
5 12 317
48 37 391
65 5 33
32 77 558
85 33 555
21 16 764
21 44 902
42 24 589
64 55 217
62 51 148
18 45 336
37 12 93
80 68 602
39 40 292
8 74 544
10 30 471
33 51 643
36 56 293
56 86 379
26 41 228
6 10 624
21 0 214
30 9 733
87 29 187
63 36 181
41 73 921
48 6 623
41 42 637
3 76 543
12 78 529
22 32 560
59 30 690
67 7 252
40 71 553
53 30 450
44 4 746
65 40 359
67 31 756
22 0 776
34 0 805
71 56 970
14 81 87
20 53 436
46 71 535
36 16 45
63 57 505
51 11 343
85 53 971
80 14 268
4 62 987
69 3 81
20 6 139
8 18 366
13 86 954
7 6 520
6 47 298
13 35 688
21 57 813
56 24 430
13 6 302
6 66 216
61 7 771
58 15 778
17 12 590
14 57 766
85 69 749
49 0 560
33 67 412
8 56 117
79 73 252
41 71 891
12 66 590
46 69 856
34 31 593
29 73 328
3 86 127
64 71 544
24 28 423
59 87 863
38 36 965
57 14 10
5 39 725
35 73 146
65 58 839
62 74 758
28 63 181
79 69 472
82 36 45
7 86 3
48 23 115
69 35 570
26 27 956
40 64 551
60 30 891
48 71 491
28 8 733
64 46 707
79 19 916
61 10 39
5 62 240
8 79 203
32 45 890
33 53 842
2 22 138
15 21 828
82 80 427
9 59 937
47 61 520
82 83 839
60 43 113
50 66 837
10 40 488
65 80 322
24 62 311
0 70 442
12 48 91
3 39 270
6 16 747
82 2 504
49 73 265
59 81 971
37 39 336
3 20 985
52 37 881
28 10 432
5 64 494
76 44 688
48 7 74
71 19 752
19 14 616
77 48 811
70 42 355
61 82 151
50 39 177
19 47 638
39 40 740
32 59 74
3 9 690
4 49 17
39 6 168
75 50 765
65 67 91
14 16 756
54 29 920
82 71 838
36 40 509
22 36 133
58 20 180
44 14 40
40 22 769
61 1 668
77 50 928
44 49 315
24 12 320
37 69 286
56 25 897
62 43 687
45 66 519
18 1 285
2 21 948
54 84 823
69 49 54
44 38 672
0 66 609
44 19 491
10 75 845
58 65 334
1 3 913
36 28 967
48 37 178
65 21 61
70 55 353
41 78 479
82 49 498
34 68 233
60 7 857
17 0 876
67 16 211
58 73 271
86 59 942
28 81 841
20 44 731
43 5 25
83 11 176
69 50 919
39 74 383
72 44 652
65 82 34
59 41 903
6 54 955
31 11 893
28 85 180
17 76 510
72 1 130
24 33 586
46 10 294
65 39 491
74 21 354
10 87 900
43 76 235
22 75 389
71 65 903
69 29 145
0 27 639
80 12 49
52 87 353
42 11 839
25 57 671
51 30 839
17 58 204
31 56 813
37 56 756
80 29 940
8 53 635
24 67 827
79 0 748
4 71 203
68 47 577
80 44 761
3 68 573
79 38 869
78 2 125
46 62 804
59 76 863
76 79 833
33 17 168
27 12 677
4 30 421
15 10 589
24 33 293
47 60 916
16 87 863
68 60 122
33 20 125
60 80 995
63 7 340
48 14 474
35 28 940
64 42 514
56 62 323
86 43 661
68 77 252
6 32 531
31 10 300
21 86 135
71 79 386
14 68 262
44 15 405
84 19 436
52 65 650
1 39 996
12 64 150
8 21 673
48 32 60
29 23 747
30 9 588
34 9 997
62 43 635
66 68 711
75 34 923
31 10 856
75 49 535
85 34 263
32 57 186
52 81 918
56 63 995
55 81 720
21 12 96
38 19 247
31 40 369
8 15 168
40 10 429
43 61 863
87 50 697
69 7 234
36 86 723
55 83 53
52 74 881
43 18 730
36 47 338
29 60 867
0 61 448
24 4 821
45 63 786
1 34 569
62 75 459
29 57 488
79 70 35
16 46 373
44 25 265
33 53 43
68 74 728
20 10 220
87 75 355
77 59 992
2 22 762
23 22 646
18 83 611
0 21 60
75 68 201
58 60 665
73 33 614
15 50 738
61 72 316
25 16 156
26 87 60
3 61 200
60 82 25
14 63 303
58 17 828
78 2 496
4 72 880
7 17 420
44 32 182
19 58 700
59 78 465
39 34 667
22 1 633
1 87 422
75 27 422
13 2 903
86 69 300
68 52 394
70 50 627
12 86 193
58 86 472
57 83 689
50 41 689
79 46 311
76 75 34
4 49 572
29 57 794
87 37 395
75 50 479
80 55 603
67 75 894
68 64 586
22 65 553
82 22 672
10 43 363
13 46 391
60 32 199
42 5 476
55 4 451
22 39 259
71 21 369
48 71 732
42 81 967
44 39 860
62 12 769
39 29 128
53 27 169
14 58 991
32 11 46
64 51 26
75 83 895
26 34 51
54 78 906
45 38 566
52 22 483
50 52 900
18 5 516
72 50 356
77 56 199
27 74 601
75 87 873
72 57 166
13 31 85
66 34 787
50 10 580
48 15 159
34 21 700
66 36 114
21 33 516
77 2 49
83 41 455
5 32 29
66 10 725
33 14 794
71 51 455
53 71 886
64 2 720
17 22 596
59 82 648
70 81 240
72 54 268
87 23 46
49 12 425
12 52 319
32 56 646
85 7 780
84 9 964
76 69 282
31 35 645
63 26 766
25 37 437
41 31 975
3 5 887
19 12 33
56 72 111
28 73 571
80 23 912
80 2 448
65 67 745
39 60 501
43 59 657
48 26 981
66 34 248
64 59 62
76 49 734
12 35 297
13 81 462
78 19 63
34 55 480
75 71 780
23 76 639
34 19 167
47 44 82
39 20 451
67 23 492
44 62 503
76 72 159
44 26 596
30 31 296
24 51 453
55 27 689
5 7 401
4 43 935
68 23 409
49 79 805
68 61 734
48 59 134
24 9 720
76 44 618
22 44 975
74 58 398
42 83 642
57 31 778
58 60 138
81 35 674
75 57 634
47 38 997
18 36 273
6 86 188
82 41 520
46 38 819
75 60 422
38 73 350
44 39 516
63 26 900
55 19 327
25 12 688
5 16 112
25 9 463
28 21 651
34 82 885
79 71 784
50 54 356
5 11 984
1 73 984
19 56 915
23 0 713
73 49 547
55 81 639
67 35 366
29 23 459
16 73 575
13 69 126
46 35 932
48 37 75
28 35 601
8 19 361
27 47 105
60 46 520
58 69 857
14 72 768
82 10 44
55 58 328
27 50 205
68 17 22
72 52 996
46 34 741
36 37 487
49 53 488
67 71 569
33 73 455
72 23 813
80 51 461
15 22 965
34 32 293
17 53 588
50 52 874
81 83 553
32 14 180
87 12 830
74 80 670
7 5 631
80 58 955
20 61 23
38 69 916
27 6 17
34 38 927
24 12 363
72 41 82
59 36 423
61 71 993
40 61 766
73 43 888
31 63 435
83 86 45
26 44 926
9 31 770
47 3 931
59 81 759
7 18 744
37 47 634
79 12 167
5 44 374
50 69 73
70 3 475
20 3 346
15 25 611
31 40 929
24 41 217
1 46 597
65 16 813
41 66 761
2 42 175
69 35 419
75 15 247
17 30 124
74 21 49
43 13 597
15 45 626
14 28 290
68 47 893
11 74 939
29 57 226
57 15 896
81 8 829
62 46 979
61 19 68
36 19 228
53 77 960
68 81 752
78 79 764
47 37 51
84 15 717
34 14 791
10 69 193
5 62 302
41 2 622
65 26 938
76 61 70
6 3 99
84 64 301
73 71 856
8 56 919
6 13 408
23 28 598
4 76 293
69 42 789
60 64 1
68 74 641
54 26 259
33 35 991
77 10 499
5 84 481
82 12 795
33 84 206
47 58 257
41 24 703
48 42 437
11 62 277
66 42 90
0 46 220
83 67 843
83 54 26
33 83 997
34 23 31
22 15 45
6 12 61
31 28 20
41 39 659
85 78 390
63 43 451
5 70 878
0 4 796
49 47 500
28 42 622
9 23 497
79 22 886
23 20 764
0 35 690
57 2 223
63 42 967
69 20 368
46 16 558
7 56 43
61 38 936
55 4 618
6 10 348
12 15 1
27 16 811
68 5 773
49 8 381
31 40 229
15 56 235
15 34 275
6 87 557
23 25 839
20 79 382
75 36 750
78 18 537
70 53 659
0 39 55
56 80 900
60 13 785
70 13 602
0 64 793
42 52 122
82 85 430
37 47 840
15 37 807
17 15 811
30 54 654
22 52 772
15 65 872
18 62 582
2 34 418
78 16 367
15 25 312
48 59 201
66 74 97
0 2 202
35 79 489
79 48 814
1 19 974
86 67 480
51 56 16
38 34 305
4 24 365
51 43 12
50 20 907
40 18 642
16 31 59
50 15 200
79 55 312
38 54 878
70 18 460
37 62 891
40 0 608
3 21 884
12 3 911
11 58 565
74 78 882
85 31 695
7 19 604
18 10 776
6 66 437
52 3 776
20 48 446
84 22 70
14 77 589
2 19 524
69 2 388
26 20 898
30 39 486
63 67 65
16 58 338
66 23 445
79 41 141
6 31 921
12 71 909
77 8 7
61 24 163
64 58 561
44 62 20
18 67 183
56 55 508
28 3 721
85 68 667
33 84 696
32 39 862
56 75 512
35 2 145
21 18 545
18 37 45
32 74 923
48 77 82
17 8 904
40 25 18
65 32 74
14 15 95
13 21 339
14 15 684
82 0 119
83 23 505
46 73 988
63 75 78
23 48 796
43 65 622
64 32 456
79 6 48
10 51 808
33 66 571
48 2 307
50 72 569
48 72 366
87 43 56
50 32 794
41 25 937
52 28 930
4 81 969
52 35 214
29 8 196
35 58 777
77 38 105
70 5 921
13 87 771
13 52 500
84 15 402
79 59 255
42 33 604
84 1 96
29 50 752
61 82 676
43 17 137
3 71 270
63 59 948
64 69 181
51 1 942
45 3 826
71 18 868
11 25 660
62 19 419
87 20 994
39 59 417
73 87 789
67 39 218
84 63 293
29 3 401
16 48 631
36 51 962
77 84 477
40 67 123
60 54 40
58 0 353
74 70 715
77 76 466
3 79 65
85 39 367
56 63 973
80 38 985
72 61 666
47 79 695
16 82 607
53 62 477
31 48 51
80 73 32
73 35 28
77 75 185
84 52 752
69 50 666
51 10 887
46 36 795
40 30 375
49 53 4
64 14 50
59 56 428
18 33 711
31 75 345
56 4 530
3 18 909
30 79 896
7 71 347
56 55 237
44 40 133
36 3 539
44 43 391
63 58 770
15 56 960
15 19 653
46 1 743
70 49 852
55 63 899
17 51 524
19 7 718
51 55 210
51 46 650
16 52 341
82 34 582
73 81 773
59 26 731
79 18 305
9 45 813
22 79 503
22 80 508
67 28 235
85 6 702
2 75 325
33 27 431
80 54 200
63 78 371
64 59 521
59 43 823
80 18 946
59 19 591
11 34 351
13 34 387
56 46 762
45 12 90
7 43 730
15 37 112
24 78 441
38 17 830
11 45 26
14 52 315
52 57 162
11 28 542
71 83 917
81 87 372
19 1 118
85 56 805
70 27 751
74 86 231
44 59 637
43 12 268
26 55 62
73 84 37
56 63 621
76 83 737
1 46 29
57 15 857
33 0 770
84 11 648
32 86 171
58 42 125
5 24 608
2 67 227
71 6 728
54 64 934
9 64 60
80 78 631
53 15 914
79 27 960
59 7 352
43 22 570
72 77 665
2 62 720
43 30 915
35 33 314
67 59 950
28 69 174
76 81 197
47 42 318
79 67 673
18 72 192
43 30 992
44 33 572
70 80 94
4 72 411
18 72 107
74 67 991
27 74 321
54 40 182
70 32 625
51 62 812
46 30 646
59 29 885
75 80 743
57 12 593
52 63 966
40 25 958
57 4 162
34 73 617
4 45 34
26 58 612
87 7 631
67 47 703
61 41 771
61 24 262
61 78 845
79 62 102
27 58 770
9 11 755
80 68 134
27 41 290
16 40 282
17 84 549
22 10 987
40 75 878
56 50 733
2 43 855
25 34 630
3 16 786
14 45 652
46 70 308
32 40 409
37 87 248
83 75 71
36 10 141
48 21 620
42 69 522
45 30 556
4 82 775
74 8 997
32 69 18
84 81 900
59 37 967
45 42 96
30 59 79
24 74 9
9 45 411
44 46 111
38 23 408
31 53 299
35 66 311
58 34 971
72 6 816
35 24 785
33 21 808
9 21 216
77 20 517
17 78 325
5 17 696
57 14 624
78 86 85
76 67 351
61 53 911
13 86 63
38 3 719
25 35 308
46 85 26
50 27 156
18 2 211
60 87 855
54 71 756
72 33 936
12 14 726
0 22 757
38 50 614
18 54 695
38 22 733
69 51 894
74 56 123
50 9 931
34 33 380
10 25 606
45 77 69
37 79 593
67 78 530
59 80 491
60 32 477
62 11 252
7 25 525
76 82 537
54 31 819
62 8 758
76 49 245
35 31 769
79 56 291
56 61 686
19 86 630
60 33 303
87 43 512
82 46 363
38 71 599
87 22 82
26 11 105
79 2 863
18 73 201
53 64 127
70 68 28
34 61 703
41 44 509
65 42 622
83 71 35
52 27 351
15 71 910
17 41 853
83 64 905
14 39 524
15 3 87
20 52 907
40 65 209
58 70 842
49 69 130
38 25 692
59 48 148
11 60 732
66 29 517
46 66 632
85 12 606
10 1 81
59 9 731
18 53 283
22 42 487
81 68 914
32 25 402
38 25 973
60 65 748
79 29 360
82 77 984
19 14 592
31 45 105
53 28 659
57 3 927
8 5 163
76 12 872
57 38 507
62 65 881
64 37 699
15 48 626
61 70 313
83 15 211
31 85 912
84 62 658
61 60 673
29 14 820
8 35 433
81 38 534
30 4 582
77 0 795
36 75 908
14 38 89
0 62 274
30 60 598
56 26 957
21 29 891
58 12 136
57 32 984
