9 10 966
23 24 929
0 15 764
2 25 236
19 18 844
8 24 608
1 27 9
23 25 260
21 7 846
18 27 140
6 7 779
4 10 195
20 3 906
15 4 562
20 11 127
1 15 478
1 27 351
17 24 274
7 10 318
7 14 629
17 1 362
6 1 43
23 25 359
5 22 392
20 25 633
15 20 232
24 3 781
25 18 735
26 4 751
23 7 71
18 11 611
6 14 85
21 24 803
17 0 730
18 0 651
27 21 106
14 10 421
7 26 310
7 17 450
22 19 434
10 8 571
8 13 188
8 21 819
7 11 110
25 26 752
25 1 422
5 0 354
22 21 304
1 7 607
26 1 628
9 25 843
6 9 150
16 21 799
0 22 926
12 13 126
20 19 270
20 6 188
24 26 63
2 17 312
25 6 169
0 13 904
20 22 421
23 21 605
27 2 892
7 17 172
1 19 814
22 14 785
20 22 651
7 6 455
25 3 792
27 25 306
11 0 503
24 7 696
7 12 897
12 9 123
9 21 424
9 0 677
5 24 499
12 21 369
0 11 402
25 19 206
5 22 566
21 24 519
18 4 339
26 20 747
3 21 271
20 6 867
24 23 978
10 26 417
17 8 736
20 14 298
16 12 245
16 18 833
11 8 710
3 24 854
7 16 672
23 19 947
17 4 763
4 18 448
9 22 187
13 17 646
22 12 720
10 27 448
4 13 661
12 16 882
5 23 185
4 8 713
10 16 112
2 0 769
20 24 241
2 17 802
2 27 486
20 2 379
5 21 879
5 24 463
24 9 873
26 1 577
6 20 254
2 5 458
27 21 481
1 14 524
6 4 615
3 26 821
0 23 390
10 4 465
7 2 610
3 4 166
20 21 980
7 3 924
8 25 946
8 12 702
22 3 270
8 5 422
18 22 631
16 20 727
6 24 163
16 18 700
23 4 773
6 26 329
18 10 93
10 21 278
22 9 738
0 18 72
2 10 640
16 27 320
18 5 982
14 0 628
20 25 199
27 13 600
8 16 35
13 4 775
6 17 554
7 4 910
3 23 622
7 18 937
22 6 416
11 20 786
12 14 377
1 14 536
25 7 643
0 22 239
0 14 38
17 16 248
24 25 123
19 15 735
6 16 407
6 1 326
17 10 616
21 22 993
6 21 232
26 23 37
10 9 254
12 2 924
23 1 597
27 11 411
23 10 475
24 16 433
26 7 639
6 15 233
13 23 438
17 26 786
11 9 330
8 22 913
0 26 695
26 16 552
26 4 734
9 2 792
18 1 238
26 10 298
25 20 880
13 25 363
13 16 2
24 15 105
17 6 188
6 12 991
8 5 353
25 26 943
7 10 450
1 8 497
5 23 982
9 22 816
13 0 130
