73 28 942
3 80 203
87 65 658
41 77 136
72 39 93
87 29 698
55 26 552
67 26 236
32 84 879
57 94 935
36 17 579
70 79 820
6 3 111
46 70 899
8 52 676
44 97 30
96 66 345
70 80 495
38 41 839
16 90 658
22 32 104
39 10 459
84 58 12
41 17 395
99 56 477
96 44 370
15 1 676
13 10 674
7 69 656
86 98 92
32 79 392
86 5 999
29 32 167
16 91 656
102 60 285
30 25 524
27 63 445
59 28 429
14 77 451
22 70 144
41 65 509
93 37 565
63 23 517
91 16 981
35 82 132
66 40 438
43 9 802
100 11 871
54 47 692
18 45 725
42 89 154
87 49 522
85 83 101
97 23 584
101 66 692
16 100 735
83 93 15
96 98 295
22 39 851
48 62 354
93 25 339
15 3 608
80 3 184
3 62 115
84 1 240
80 81 517
87 91 866
34 42 935
97 48 298
26 73 468
90 25 474
84 49 210
102 11 797
30 58 2
63 46 555
36 18 811
64 49 32
49 64 243
60 75 199
99 10 932
18 89 365
67 59 177
71 88 572
34 72 645
10 11 701
61 64 672
50 13 628
17 24 949
91 41 730
17 10 395
59 46 828
66 30 868
67 50 492
91 95 70
53 50 972
65 83 64
43 26 581
64 57 631
11 25 540
77 17 10
66 4 169
96 10 83
41 34 416
13 10 571
36 27 181
86 89 482
22 12 826
93 46 441
33 23 529
90 64 191
65 18 821
57 54 465
18 94 465
5 11 576
57 38 889
26 17 112
59 7 301
44 21 789
16 22 514
21 68 505
81 8 809
59 43 263
58 71 411
54 9 549
44 51 639
23 48 344
76 10 744
25 94 474
1 93 890
65 44 786
80 33 144
28 66 458
44 97 484
88 47 917
95 90 112
76 33 122
13 5 687
21 59 714
2 16 85
71 65 67
76 31 50
62 3 862
84 36 105
88 77 729
94 43 361
77 46 725
43 62 199
94 19 37
90 5 264
89 84 308
58 87 817
82 34 593
84 31 313
40 61 698
66 92 61
65 56 39
26 36 233
90 98 947
10 54 943
23 93 727
64 102 90
2 64 889
87 34 402
60 75 244
56 42 441
37 65 272
67 7 432
49 34 913
93 74 880
77 78 373
58 14 569
46 87 861
94 31 103
12 82 812
12 48 656
3 83 528
35 17 172
58 51 693
86 34 719
43 3 370
9 61 690
67 36 713
61 18 597
83 64 551
34 96 830
56 52 525
75 69 453
97 83 136
81 31 541
1 16 171
83 76 103
10 78 441
24 39 530
26 54 224
94 75 301
61 72 466
57 53 236
40 44 799
64 101 171
62 33 325
93 37 300
20 21 224
19 29 569
57 76 284
35 60 981
84 46 269
74 68 596
41 46 772
34 53 333
74 93 995
91 22 792
68 78 562
7 83 184
3 88 616
79 98 481
51 71 631
62 40 252
39 58 278
31 93 329
6 79 467
14 73 591
24 88 611
14 42 651
19 26 188
46 13 598
47 3 812
1 87 941
94 48 34
5 4 199
3 69 973
75 36 717
32 100 201
73 55 591
75 85 406
64 63 90
77 39 266
99 80 199
38 28 981
78 31 667
92 22 89
42 62 942
48 27 279
40 3 742
87 45 915
99 25 234
16 48 14
51 100 369
54 7 785
101 37 665
10 57 844
49 19 159
48 68 143
64 1 415
38 95 307
12 60 285
62 41 700
67 59 987
29 12 849
75 37 360
94 74 852
4 60 572
43 1 367
39 25 566
83 87 554
13 42 50
47 87 550
87 26 4
88 53 433
16 42 90
24 77 371
13 34 59
24 77 329
87 58 909
94 57 740
5 0 990
92 9 694
31 67 229
12 79 915
78 79 452
98 62 443
80 4 358
26 99 816
94 6 365
32 55 549
100 25 341
35 11 539
0 71 92
28 51 371
75 70 111
86 89 8
78 66 184
102 35 380
55 76 97
45 32 740
9 94 16
7 58 561
69 20 351
63 98 228
89 94 242
86 79 289
21 80 452
100 72 685
64 29 335
30 43 178
47 58 446
81 41 391
52 89 543
63 82 100
96 68 371
11 13 243
78 57 275
95 78 658
60 57 795
52 73 476
96 87 379
74 0 425
93 36 155
11 100 852
51 94 679
53 93 211
26 23 166
15 54 238
89 2 867
71 8 591
2 77 120
29 6 271
31 1 575
100 90 68
42 33 752
59 85 55
79 58 644
87 31 698
67 1 370
6 8 512
58 11 217
63 76 607
91 72 504
66 71 664
67 60 303
16 50 535
4 90 514
27 82 187
6 7 309
58 82 325
6 69 739
86 52 762
13 37 787
79 72 690
22 14 534
49 67 284
7 102 579
71 88 344
9 68 615
4 59 599
21 13 218
31 14 778
65 78 198
35 10 524
7 9 164
85 21 971
20 95 886
57 9 92
52 83 150
42 54 185
83 90 82
67 84 563
90 89 877
56 23 125
60 13 697
22 63 391
36 69 420
14 45 393
5 16 984
86 61 405
67 41 20
6 24 998
25 36 781
11 54 521
93 95 973
93 10 791
27 6 876
20 69 551
22 78 890
43 17 614
51 61 874
15 2 131
69 39 935
53 61 857
0 87 856
58 14 908
39 78 638
17 10 398
6 46 68
13 79 778
12 32 817
68 70 4
91 25 951
94 83 509
5 16 133
54 36 241
85 55 605
17 68 703
17 6 3
95 26 902
3 2 74
92 11 404
1 13 643
68 6 767
66 32 421
70 96 448
63 77 82
19 47 977
78 25 435
87 17 112
37 26 853
40 0 388
19 75 814
91 4 61
11 24 442
12 96 16
83 11 890
49 12 580
11 92 306
23 35 165
3 77 635
36 20 194
19 97 669
46 79 244
63 7 933
20 61 864
66 98 299
68 59 278
61 97 825
13 9 338
98 68 679
38 60 553
5 86 556
99 92 565
31 37 30
0 76 197
97 93 466
91 94 99
91 77 730
87 71 155
11 64 132
79 53 775
93 92 694
14 47 358
80 95 15
82 88 611
95 18 446
10 12 814
68 46 769
78 64 405
96 25 561
61 37 519
27 9 400
1 22 980
86 87 666
6 65 988
29 18 954
40 18 428
1 18 565
82 54 397
42 59 664
100 47 747
90 17 614
17 77 739
59 61 291
38 53 406
72 5 693
20 59 461
4 81 313
87 15 685
36 100 110
50 1 288
101 55 394
47 35 478
62 78 205
66 69 847
84 36 651
77 30 345
12 65 133
46 58 853
82 24 109
67 40 401
47 96 985
67 100 795
78 12 846
25 65 651
23 4 244
9 11 387
97 38 533
34 98 677
29 7 874
49 57 639
13 90 92
72 87 197
66 9 201
81 52 878
93 84 790
25 85 324
40 93 330
87 25 37
77 54 17
83 70 638
13 28 929
79 90 302
78 6 830
61 65 760
5 56 851
5 46 65
82 64 468
56 93 694
37 79 255
53 0 251
77 88 354
40 56 383
94 51 317
54 29 391
37 92 124
3 52 351
56 50 154
62 83 896
34 45 565
72 16 984
55 76 742
18 30 591
5 71 83
3 60 556
45 37 516
98 32 759
35 82 257
33 102 722
49 63 96
32 18 371
87 28 215
31 67 132
94 45 974
24 86 33
24 74 749
79 21 866
59 71 215
26 17 174
8 41 828
35 21 766
44 46 918
27 76 510
87 99 382
11 9 460
59 9 416
82 12 245
68 85 348
49 54 669
2 32 34
15 19 903
101 12 318
80 83 432
90 64 444
17 78 137
54 44 520
73 34 28
13 86 555
54 2 306
38 90 808
45 19 413
12 41 115
47 55 346
70 14 181
26 97 625
42 66 43
60 43 125
82 83 370
18 93 991
18 20 122
15 16 667
24 75 361
94 82 493
5 10 824
6 19 512
81 74 595
60 22 196
36 81 87
33 97 339
59 98 292
58 89 641
78 69 63
5 3 541
36 41 963
83 32 865
64 99 344
47 62 529
10 40 168
99 38 337
6 63 410
7 95 362
19 17 951
80 1 360
20 77 880
49 54 710
4 66 361
101 30 354
74 91 43
99 73 357
36 61 411
88 74 36
18 40 747
24 19 141
24 85 342
88 49 502
54 86 223
22 2 37
20 83 198
99 68 921
58 6 733
88 95 972
82 94 679
10 45 382
13 8 917
20 72 430
53 79 898
65 62 776
6 17 551
2 78 59
48 32 710
46 37 606
21 74 437
97 22 588
39 88 313
20 78 511
102 24 419
69 35 363
3 77 447
50 14 540
20 54 178
45 68 518
39 57 42
30 57 468
31 102 964
95 99 407
15 72 760
98 32 143
20 66 553
4 11 475
6 36 691
42 7 930
21 15 647
37 2 237
21 32 825
53 59 178
89 64 424
86 43 630
87 43 301
12 23 208
66 8 221
65 9 284
29 22 94
88 51 353
76 26 72
33 69 476
92 19 740
97 47 727
32 47 591
28 30 373
51 95 833
9 70 713
1 34 724
18 12 459
53 65 476
10 5 219
75 12 321
17 56 837
97 51 769
62 99 987
58 92 560
93 55 908
11 69 821
4 14 144
39 71 441
42 54 840
45 2 575
21 76 888
6 3 12
24 88 640
18 86 817
19 22 613
70 56 557
74 68 254
61 65 412
61 93 524
34 80 583
34 68 533
67 16 114
27 54 668
64 19 209
102 101 209
59 27 277
90 99 582
85 23 349
50 2 809
1 5 925
52 90 286
97 33 311
85 86 339
15 61 959
91 63 597
96 4 994
45 76 476
44 73 522
57 10 953
4 5 869
26 80 347
9 55 932
35 13 811
73 35 269
66 73 553
32 54 345
33 27 316
10 94 852
49 55 431
33 83 85
44 93 301
87 102 470
42 92 756
41 79 719
70 31 480
59 56 988
69 51 121
25 41 462
86 95 495
30 10 393
73 48 292
26 21 720
97 59 64
63 71 321
34 36 493
75 43 526
22 39 258
41 34 490
84 79 449
44 101 892
99 97 761
45 94 338
75 96 416
64 61 916
19 27 705
6 24 479
61 51 717
44 55 435
3 33 745
77 62 997
91 20 714
78 88 876
91 76 886
54 27 801
67 42 805
87 43 921
22 9 281
34 16 29
18 101 83
40 83 992
62 27 256
37 71 324
61 77 927
14 20 811
58 85 830
83 55 289
98 14 238
6 50 684
4 59 573
55 79 422
71 33 218
33 68 248
35 39 806
40 13 542
7 51 603
64 50 627
69 42 18
45 13 810
69 24 608
96 16 329
35 84 252
84 89 387
56 80 629
26 80 930
60 50 4
62 27 828
29 50 283
80 55 435
11 4 198
49 11 431
67 34 479
62 88 811
9 97 569
70 67 25
45 101 21
69 90 412
86 37 970
81 98 202
62 60 431
82 2 345
65 12 166
36 49 477
41 39 385
21 13 219
26 33 865
14 32 501
65 61 727
89 83 513
85 73 430
38 64 444
26 84 688
12 33 458
59 53 375
71 57 550
16 37 916
83 22 691
3 1 44
19 93 859
93 78 7
45 8 817
92 98 591
76 23 378
39 53 969
25 14 977
76 12 671
57 52 312
42 86 348
44 96 243
33 74 356
36 7 501
91 23 122
9 2 988
60 27 453
15 51 108
75 79 317
40 52 717
40 41 989
26 18 613
34 80 713
93 60 156
87 12 651
86 29 704
94 36 612
68 81 494
29 35 48
7 79 431
15 82 854
33 102 31
67 95 939
44 3 985
96 12 316
17 29 343
58 85 328
56 58 632
6 61 367
20 27 258
7 47 503
58 8 14
56 17 202
81 92 531
28 6 769
83 32 624
97 81 658
39 6 525
94 38 140
62 41 486
33 86 78
88 21 942
97 65 119
75 32 399
89 64 270
101 42 801
99 58 921
69 8 94
55 57 873
42 81 752
43 0 459
24 57 107
75 93 790
25 83 300
6 50 614
79 91 384
58 50 533
16 64 370
65 96 647
71 31 534
81 39 231
79 25 186
94 65 718
20 42 612
18 10 376
13 14 934
90 12 390
49 93 139
50 23 117
44 55 180
66 57 286
77 100 809
41 100 745
4 15 138
50 57 253
57 55 408
14 67 227
94 1 276
50 31 308
70 14 907
16 101 210
73 48 700
65 43 997
40 24 29
36 27 808
75 28 54
9 41 666
33 1 309
32 99 461
2 57 61
94 20 87
58 15 314
40 81 91
10 26 167
2 89 128
48 92 910
80 9 784
84 36 249
21 74 527
21 60 987
32 82 465
22 95 487
8 100 70
11 78 767
3 42 930
37 46 531
38 57 611
0 51 453
42 16 410
62 58 481
8 13 392
19 57 690
85 86 708
89 35 588
71 73 138
57 48 705
60 90 145
22 19 808
66 91 177
16 40 4
60 85 433
27 16 93
43 8 589
56 58 167
90 33 685
4 47 93
70 56 209
78 87 436
73 65 174
13 61 234
49 11 537
37 46 52
19 26 308
76 80 82
52 88 127
51 97 593
38 28 255
19 11 749
18 0 845
47 16 923
18 77 840
80 22 514
70 51 567
0 91 255
99 72 576
26 21 91
79 66 302
36 22 366
97 45 975
85 99 147
87 56 83
72 31 922
56 20 158
66 31 440
55 76 77
16 89 516
86 88 234
2 99 717
100 43 976
50 64 897
1 85 958
5 92 127
71 4 332
13 80 82
62 10 347
2 37 224
0 25 862
10 40 961
48 43 286
68 101 232
62 102 150
28 54 393
93 23 775
98 52 191
20 96 438
52 68 230
47 44 874
56 43 720
64 14 234
1 78 19
48 95 939
2 14 136
24 51 873
18 28 867
21 20 491
98 12 453
14 76 767
44 55 158
38 66 10
85 61 594
98 19 534
15 39 309
43 17 664
82 9 848
80 98 944
20 21 641
82 70 36
96 13 359
8 83 763
83 1 44
44 41 840
1 57 577
81 14 809
15 12 75
93 78 351
39 82 720
15 13 249
21 22 115
89 40 196
11 85 31
2 25 14
71 34 975
72 75 857
18 89 604
30 86 499
18 95 444
52 46 128
29 37 446
26 88 473
48 42 59
94 65 377
85 78 514
20 23 646
10 94 133
73 97 410
61 80 31
10 3 963
44 90 781
71 50 68
12 21 554
32 95 897
78 3 859
88 4 105
38 8 156
24 78 609
94 43 42
73 41 481
31 54 395
28 16 638
29 26 23
63 93 380
6 72 661
73 61 266
57 79 457
33 5 358
58 4 621
52 14 461
43 75 165
20 44 321
46 84 29
64 33 183
9 50 227
32 45 895
62 88 194
63 20 10
80 26 632
76 30 162
69 42 906
69 101 211
83 35 984
65 90 863
73 64 60
2 64 895
45 98 551
9 17 120
26 25 210
54 14 866
30 1 524
96 60 592
0 70 542
59 22 691
73 19 282
101 53 217
58 44 38
74 0 309
54 57 762
45 39 721
39 58 229
70 32 647
38 71 449
29 9 435
81 101 664
29 88 251
39 14 299
98 91 553
9 83 777
70 67 364
72 42 123
3 50 655
23 42 68
84 37 681
4 48 615
26 39 346
92 67 884
37 84 598
84 66 635
87 47 111
61 7 185
0 46 371
57 70 601
71 63 320
13 69 153
85 74 909
50 79 579
71 2 616
37 61 416
24 69 89
102 5 54
80 67 792
35 76 12
3 85 15
102 28 692
38 58 802
98 51 634
90 93 179
86 13 677
87 82 706
42 100 303
36 85 504
30 26 522
21 68 636
59 25 244
5 43 702
79 65 495
65 16 407
48 31 769
51 22 115
29 80 427
16 58 881
13 65 597
83 52 582
99 59 334
53 23 268
27 83 504
26 86 743
47 23 191
13 51 806
88 5 261
63 43 171
78 86 192
16 98 942
33 14 471
10 16 315
73 38 504
87 92 969
30 89 622
5 40 309
56 31 740
42 76 949
87 85 926
89 81 267
15 78 370
33 32 4
67 80 205
44 46 632
95 96 962
17 43 274
62 70 64
81 91 625
93 69 82
100 94 121
28 68 889
35 102 616
96 34 974
56 13 497
1 78 855
77 15 805
4 7 258
89 100 957
58 16 385
92 99 934
24 51 405
14 69 576
48 56 376
99 68 127
100 7 722
29 15 958
72 4 113
38 48 179
14 56 589
102 51 278
29 40 956
92 91 640
101 37 687
7 3 197
100 59 460
86 24 633
43 7 543
86 8 70
63 100 164
81 100 661
75 80 926
34 5 117
93 37 658
59 60 789
86 31 366
101 70 442
16 22 746
60 53 972
15 50 816
22 56 123
53 12 378
4 20 496
23 50 456
100 15 929
40 10 557
15 75 901
59 72 590
51 27 988
12 61 727
60 85 409
87 28 643
65 83 914
70 78 108
14 3 403
71 24 892
2 87 370
56 84 41
62 100 16
100 88 728
42 80 163
68 42 1000
84 12 679
42 51 720
80 88 982
27 89 906
58 95 265
27 33 710
6 74 971
17 9 923
69 60 272
97 43 837
39 63 486
60 38 913
24 67 536
87 48 799
13 36 925
78 44 735
20 40 841
94 66 457
28 67 741
92 55 572
102 11 820
56 81 453
45 29 71
62 83 297
42 41 743
20 15 853
43 62 211
99 18 34
57 22 949
65 53 438
65 32 898
2 4 594
76 49 505
0 32 594
20 14 350
18 83 653
13 21 60
11 51 253
6 32 128
63 99 858
15 62 631
23 57 394
101 57 483
36 41 195
25 57 228
49 2 201
26 39 847
52 69 852
0 1 302
14 33 359
99 75 968
87 74 37
81 71 433
42 39 202
32 3 197
39 76 868
88 74 916
52 40 568
5 14 669
1 23 563
27 50 930
3 12 19
63 4 980
66 65 763
61 4 431
98 21 123
22 4 940
54 55 243
97 98 871
0 63 568
83 19 941
14 72 785
59 2 51
100 6 679
18 73 881
3 38 847
80 66 559
37 84 810
51 64 47
89 3 468
80 16 741
6 98 332
69 71 272
63 40 722
68 69 805
67 43 158
19 21 673
22 16 746
77 53 187
13 23 81
98 43 321
95 18 435
102 69 924
63 21 965
60 100 78
40 79 543
31 48 467
15 33 659
0 90 644
61 83 445
102 101 551
48 80 597
52 8 881
30 86 345
5 33 444
6 51 621
16 49 224
8 5 959
55 53 348
20 63 298
33 44 1000
84 96 848
13 37 953
39 7 67
34 48 438
14 63 529
39 11 905
16 56 814
43 94 125
60 41 517
1 81 784
11 34 335
12 36 858
56 57 172
64 83 678
14 98 607
20 54 157
52 19 727
71 60 461
29 61 710
55 81 761
79 57 146
69 67 922
76 97 621
12 82 383
24 15 210
41 45 980
6 71 447
3 44 945
60 23 585
82 28 381
29 102 45
69 98 927
41 91 893
99 92 170
47 19 157
17 66 69
65 1 738
93 44 132
21 58 365
89 68 365
101 30 870
11 37 978
38 52 264
97 68 328
91 20 562
89 18 62
45 23 125
10 57 487
36 10 52
48 17 420
58 20 968
46 37 936
54 25 350
35 92 203
27 83 367
95 73 747
65 60 802
14 99 514
40 32 97
84 90 628
19 82 677
55 30 292
5 8 694
16 5 914
49 91 309
52 7 623
84 73 166
43 57 30
29 81 912
83 89 518
58 26 1000
46 49 16
87 86 787
26 32 671
31 88 906
6 31 962
47 54 324
18 8 839
11 52 686
34 39 15
10 71 548
6 65 522
12 54 352
70 14 454
30 88 85
76 86 943
21 25 650
71 63 936
8 87 900
44 1 601
27 77 937
20 32 889
79 22 75
40 12 41
47 90 79
35 91 954
99 24 518
60 43 575
54 71 140
81 68 228
99 43 255
10 89 784
56 67 147
78 57 737
63 86 417
99 48 426
98 93 854
102 53 445
68 99 958
18 25 596
10 18 599
9 98 113
99 77 797
3 48 761
44 46 891
56 9 135
0 15 659
88 74 899
72 100 443
52 18 234
80 43 549
42 44 500
97 6 649
12 18 348
51 61 535
98 96 880
42 32 869
71 22 482
31 78 197
62 57 752
46 95 763
20 7 260
84 101 852
97 44 1000
53 4 994
55 99 406
92 97 987
55 52 953
97 75 10
57 50 332
38 36 332
65 0 249
1 77 450
20 57 418
101 91 961
69 59 86
37 53 420
55 8 473
28 101 501
10 95 130
36 16 902
85 40 852
51 8 928
61 18 929
70 20 984
9 30 970
37 47 166
25 0 174
47 98 396
44 12 262
84 63 677
15 32 108
9 18 6
19 25 554
6 98 921
19 59 73
80 16 761
92 59 762
48 93 446
15 89 870
56 102 305
36 97 380
4 68 418
74 42 474
43 94 668
79 35 692
66 41 500
101 23 228
97 65 888
43 90 525
49 89 301
101 96 480
34 40 648
66 64 628
23 75 666
10 83 594
29 59 463
76 32 686
85 95 795
10 24 630
99 84 664
48 102 490
1 99 427
97 62 912
47 93 449
40 26 441
12 31 228
18 59 285
4 94 954
71 30 789
17 18 964
97 86 896
24 87 821
15 34 470
80 37 296
81 52 628
12 95 231
13 79 808
38 5 434
52 18 73
83 94 557
26 80 369
53 23 131
24 3 734
13 77 31
88 2 807
57 94 173
40 46 51
78 35 226
65 51 217
25 62 234
20 68 248
29 97 662
70 87 542
69 48 889
101 29 708
92 26 946
44 12 757
18 61 572
29 19 755
39 40 59
84 9 42
67 63 700
66 21 791
38 83 922
68 74 4
49 52 961
95 41 485
18 8 194
90 43 505
28 102 609
13 90 263
68 81 343
48 15 721
81 0 837
41 83 739
59 2 823
63 84 201
54 75 409
12 34 882
77 66 387
30 6 692
66 1 631
102 35 900
102 43 413
100 67 851
45 58 754
89 71 106
64 99 290
52 50 272
44 68 567
68 54 344
52 96 228
92 13 67
37 45 537
94 3 784
64 6 374
85 20 310
50 40 479
91 5 187
5 83 712
85 31 262
17 97 955
55 67 881
30 37 313
21 71 242
24 96 734
77 33 718
64 34 226
50 60 448
28 49 761
5 38 62
81 40 675
1 34 942
96 94 691
51 38 57
7 3 574
89 79 759
7 72 915
25 61 213
51 11 951
92 1 531
40 68 450
47 38 674
85 4 743
85 20 170
30 96 942
55 49 65
47 93 416
77 72 220
32 72 42
100 50 697
24 30 290
53 19 744
10 62 49
2 71 318
37 41 668
21 58 15
6 45 818
3 31 95
98 8 846
94 30 396
93 82 613
62 81 787
56 9 674
65 9 60
68 83 348
88 78 145
37 89 82
96 26 236
19 9 510
30 11 746
12 66 852
3 61 579
75 91 838
0 71 188
67 36 522
87 7 636
36 38 689
60 39 205
24 67 14
4 85 687
30 76 237
75 52 713
59 24 259
0 10 726
81 94 181
69 62 921
48 62 150
63 30 432
46 47 296
32 101 225
100 2 42
35 41 12
54 98 626
3 11 382
20 1 411
39 97 635
39 35 716
69 36 705
55 57 946
52 3 362
59 102 117
98 93 3
67 0 671
38 0 819
85 34 219
81 46 566
24 1 44
82 33 487
101 78 931
29 42 749
13 58 805
25 60 235
10 99 68
85 9 913
78 6 285
92 78 404
76 72 802
1 67 143
31 77 260
93 39 975
54 13 438
1 54 922
8 62 740
86 73 393
30 13 856
68 13 936
63 57 384
78 35 505
24 36 807
35 11 867
90 34 399
34 65 471
28 37 673
43 66 247
72 29 707
31 91 866
47 86 867
68 81 246
54 33 22
96 34 305
17 34 127
50 101 40
26 49 408
74 0 413
100 65 607
87 63 845
55 51 80
67 30 248
28 52 103
51 27 950
92 30 435
101 84 315
15 1 31
84 83 882
1 75 917
25 36 877
13 28 661
0 45 885
6 0 105
25 100 47
83 68 339
7 90 651
30 67 48
36 77 516
46 80 130
69 80 90
56 36 35
74 77 685
30 16 562
87 101 103
71 95 494
39 81 162
75 84 237
57 42 464
99 43 843
4 15 237
58 2 256
46 20 79
3 63 742
97 3 720
95 67 557
76 73 998
18 82 27
44 9 886
19 55 231
22 10 238
16 93 754
79 71 558
79 82 99
99 54 354
80 90 83
67 24 36
84 72 88
18 64 626
72 81 19
44 64 913
99 31 155
57 5 618
99 84 890
24 21 491
82 48 738
94 54 633
50 13 168
28 56 143
90 25 34
102 96 246
16 53 115
45 2 473
36 20 231
12 98 245
51 24 454
37 27 798
5 1 592
81 84 688
41 35 656
25 81 105
55 51 357
53 25 9
18 0 999
11 29 385
50 74 806
79 31 317
95 11 977
42 73 515
57 16 985
69 58 459
15 62 14
53 65 388
102 10 432
46 88 690
33 6 421
77 23 126
80 8 653
70 2 177
48 93 408
55 46 187
46 18 803
52 78 352
16 59 357
28 24 559
22 74 906
57 11 852
57 92 643
80 31 143
57 60 494
85 101 857
42 67 286
102 86 752
65 37 404
44 68 817
83 51 513
65 63 834
53 6 395
21 79 649
0 71 95
3 59 778
65 75 588
5 72 339
88 2 660
83 32 126
51 27 813
69 6 47
15 93 422
32 74 859
86 12 168
25 12 994
81 36 602
1 20 987
66 46 674
16 26 425
48 87 461
31 99 298
100 15 451
83 22 192
91 40 274
85 61 303
75 101 74
11 64 284
66 52 41
5 58 991
52 0 498
1 60 96
21 89 947
60 69 716
46 86 573
47 40 907
29 0 104
77 44 972
61 3 498
11 60 902
10 45 186
86 25 846
35 46 407
18 23 851
5 62 697
78 15 759
1 67 854
44 34 162
44 27 419
39 64 226
4 79 613
67 52 678
70 89 519
13 92 214
2 36 206
90 102 661
0 74 349
52 3 865
50 64 480
29 70 661
44 42 101
15 31 666
66 64 560
22 24 907
1 63 474
38 42 867
70 82 663
101 27 949
25 85 874
75 9 141
19 26 986
78 20 312
37 75 483
29 55 990
19 32 128
30 9 860
4 34 684
78 76 444
38 89 12
59 42 435
0 11 183
57 72 381
88 39 703
86 59 674
32 57 127
42 7 111
4 1 145
63 55 967
27 18 83
41 74 129
6 46 36
7 2 329
15 61 710
52 15 173
8 92 573
89 0 125
19 38 169
72 19 724
33 75 615
50 30 349
5 12 839
16 82 801
55 20 782
22 61 780
97 26 628
68 22 890
24 77 598
32 25 445
74 66 90
86 69 464
101 47 174
99 75 530
34 47 768
49 64 87
6 84 140
99 14 969
67 16 729
62 53 384
48 71 198
37 17 248
38 6 774
83 30 758
57 31 446
53 75 554
70 33 373
26 17 454
56 54 640
89 64 882
73 76 158
0 28 509
64 87 590
28 39 363
16 25 705
85 86 33
70 38 267
74 56 459
50 87 66
93 10 745
47 79 821
9 47 307
0 80 111
23 69 55
97 60 163
47 57 714
5 4 837
59 87 248
95 20 930
18 27 720
38 84 106
82 2 31
27 53 318
100 86 948
86 37 483
3 63 222
91 29 710
53 6 836
51 64 242
65 64 311
81 91 612
56 41 5
36 44 495
6 73 734
36 3 969
97 79 962
54 73 166
89 85 663
17 81 520
43 38 960
41 7 364
88 58 3
37 84 539
93 92 130
25 45 776
73 88 25
12 82 366
98 77 426
7 25 762
77 56 746
54 64 14
21 59 624
7 69 19
7 42 765
67 20 70
9 43 103
100 102 697
47 32 954
48 63 416
56 22 874
68 51 293
47 40 26
40 83 108
75 43 781
17 19 571
52 48 916
6 97 655
92 58 191
87 91 37
19 48 179
74 100 618
71 26 325
28 58 901
91 71 180
39 6 580
94 31 409
77 37 941
84 52 588
94 68 511
101 77 882
45 49 629
37 13 94
18 87 235
100 10 685
17 84 656
15 45 731
100 66 146
6 101 256
47 80 747
27 52 418
90 53 488
63 70 862
7 85 99
55 42 648
62 58 645
89 79 550
85 69 386
96 61 98
72 9 458
12 50 326
53 21 326
91 3 270
15 52 693
55 2 189
55 89 495
11 96 376
99 20 458
35 21 686
38 96 274
50 14 761
39 54 104
54 40 631
24 4 12
86 42 680
0 16 598
76 99 51
68 10 810
61 6 452
14 4 138
21 53 383
95 35 970
66 21 641
5 44 137
93 94 671
25 21 632
30 77 107
32 43 827
17 98 102
33 34 125
35 55 617
79 14 984
64 40 584
73 6 309
9 97 661
16 22 344
78 72 538
71 69 224
46 19 797
96 48 123
55 7 686
83 13 656
73 69 969
46 90 80
1 21 541
0 36 160
9 72 481
1 60 602
47 91 850
102 61 365
14 49 586
88 75 588
56 98 456
39 68 614
93 63 998
38 8 414
80 78 233
86 4 15
32 36 581
3 62 136
99 12 940
45 90 563
85 6 844
86 100 916
80 54 193
4 0 16
77 61 57
30 81 25
7 60 387
44 17 771
88 92 671
1 76 290
22 60 9
95 10 459
74 40 924
29 63 654
68 5 513
73 93 756
94 70 453
78 38 928
16 21 732
39 77 369
13 35 163
60 87 703
60 26 744
76 80 924
49 6 221
101 32 89
25 29 540
31 94 442
89 0 249
92 2 938
91 31 526
16 48 983
32 86 864
83 28 593
81 39 130
16 99 929
54 80 277
14 1 241
70 45 199
37 47 444
98 95 690
59 9 795
81 89 864
36 34 254
26 100 629
63 6 613
34 76 124
85 65 401
47 64 137
62 68 492
48 39 205
40 24 564
20 85 554
96 59 604
41 35 369
98 24 221
45 73 451
54 12 801
50 73 216
31 1 247
99 5 601
80 32 336
3 21 827
56 42 15
28 94 203
27 74 371
93 24 137
49 16 285
16 74 560
54 65 783
102 20 691
24 69 67
53 0 136
35 89 763
64 37 23
96 2 516
60 91 663
21 0 888
44 43 722
101 55 419
9 60 139
18 24 392
27 88 455
77 97 933
16 30 271
99 45 213
91 82 421
99 53 485
71 28 39
101 34 87
91 62 726
33 9 324
52 101 43
42 8 897
82 17 979
60 100 330
90 3 9
31 73 920
102 31 923
25 31 205
97 71 163
101 85 425
86 34 570
58 77 220
30 57 351
17 51 894
76 29 671
32 5 807
96 26 412
13 32 893
71 0 966
21 29 766
69 84 329
98 76 782
42 74 477
82 99 987
28 62 753
14 97 751
59 70 723
43 75 390
63 4 483
66 26 661
44 58 851
93 15 508
26 90 798
51 74 105
5 76 871
63 64 132
74 50 297
56 78 757
28 25 207
86 54 207
62 9 992
43 73 882
4 55 265
24 34 539
22 88 554
42 79 327
85 99 907
13 88 947
72 47 304
17 78 280
97 89 701
78 24 549
57 74 823
63 10 73
54 2 11
68 43 497
70 88 493
12 64 382
97 81 270
20 27 690
38 51 826
21 17 480
7 62 818
88 16 612
23 68 86
96 92 14
83 30 411
26 97 841
50 85 608
31 85 162
51 52 741
12 85 593
69 78 126
81 89 833
54 35 781
73 18 904
53 67 817
92 72 525
90 18 368
12 24 273
22 3 380
1 15 713
59 34 879
100 2 117
59 66 24
7 48 350
11 79 324
37 98 774
16 4 821
77 73 872
56 76 101
88 72 250
86 64 506
97 58 68
12 22 903
91 20 343
92 50 326
16 32 910
41 5 667
102 71 112
25 80 496
83 22 134
4 22 192
59 26 358
8 42 977
78 45 130
46 51 372
75 49 211
56 73 938
95 93 654
36 26 720
56 84 992
36 33 188
28 37 472
41 63 679
25 100 879
18 70 331
11 68 495
88 6 459
2 9 66
82 10 527
21 96 516
17 20 892
81 9 939
96 17 520
59 25 168
4 53 254
82 87 886
0 73 12
96 40 180
62 81 590
78 17 10
102 26 920
17 76 924
42 94 435
16 18 768
32 50 487
47 43 241
66 27 931
20 73 54
71 87 762
75 11 584
60 83 390
63 81 668
20 62 584
102 75 130
6 58 983
54 95 178
31 2 100
17 7 242
97 91 315
48 86 316
1 48 379
17 24 393
98 92 159
40 43 692
61 36 281
14 2 43
13 79 98
54 5 379
51 100 403
11 91 710
45 68 956
22 90 989
100 68 31
90 64 68
86 101 309
45 20 209
65 83 774
49 17 21
33 44 946
5 55 970
77 0 75
22 65 323
101 63 418
27 1 237
36 18 524
21 70 82
60 61 575
70 20 111
93 35 173
88 57 618
75 37 807
55 19 106
45 63 508
81 40 668
30 52 322
100 76 908
19 76 855
99 14 654
44 48 765
6 29 621
1 34 170
18 24 292
46 30 860
71 64 979
36 28 998
65 48 796
11 100 750
26 99 987
18 47 773
98 84 445
35 92 747
47 6 774
26 52 472
62 87 308
24 88 552
8 7 109
46 2 729
41 35 212
22 31 818
96 2 595
2 35 669
31 41 464
60 16 104
34 72 239
3 54 274
47 35 592
46 16 859
83 1 147
29 84 735
97 5 725
47 30 472
25 42 435
34 48 42
81 18 17
65 55 438
16 84 453
63 62 931
77 81 728
16 27 339
71 26 761
12 70 709
87 8 260
64 14 183
42 75 598
79 27 158
49 63 184
74 7 820
73 71 962
94 60 909
43 15 12
7 24 125
11 43 619
43 10 49
59 43 25
32 71 387
32 69 998
31 81 881
93 51 953
42 86 718
93 95 259
16 25 589
81 21 941
93 12 672
51 31 564
55 100 732
74 38 619
27 49 741
61 102 137
24 80 912
93 4 643
31 69 438
19 38 825
48 33 117
9 0 102
102 20 933
90 7 222
48 39 856
100 43 211
80 69 666
19 71 789
37 30 258
51 44 135
12 68 267
76 63 442
50 97 251
42 49 855
31 100 250
50 83 436
2 98 676
13 74 795
15 0 616
17 65 490
21 71 846
66 96 594
15 91 608
91 78 106
78 50 823
92 23 662
2 15 726
9 11 522
40 77 67
7 54 339
51 30 765
21 74 565
60 39 792
57 95 512
15 70 423
34 65 755
49 60 994
57 48 705
19 72 278
79 73 53
28 0 845
72 82 40
102 87 137
89 30 772
33 48 607
54 8 816
31 18 416
55 54 197
99 62 272
35 22 740
102 100 145
94 29 454
19 2 65
3 46 858
83 81 563
66 69 27
94 73 881
10 26 982
97 84 871
59 22 637
41 50 807
52 64 314
99 46 933
54 35 288
25 83 160
32 28 986
99 10 526
50 74 812
87 2 867
27 77 1000
21 88 678
23 62 882
93 18 77
22 16 394
30 27 716
84 62 506
57 18 826
55 86 80
11 82 582
37 27 435
56 61 633
64 93 642
8 51 885
99 95 500
99 8 458
30 22 903
99 97 937
77 75 600
74 67 63
86 19 761
51 35 890
70 90 46
68 55 412
75 35 580
96 24 163
13 24 653
35 38 877
91 52 118
10 83 988
4 23 742
99 89 243
47 3 80
4 6 988
6 11 299
61 74 674
11 86 587
38 48 408
65 0 141
87 90 162
84 73 303
31 44 580
75 56 330
69 15 768
61 69 806
86 53 892
97 100 101
98 54 776
49 55 438
71 26 567
15 64 984
20 43 969
26 79 780
33 39 839
15 26 757
97 74 661
47 42 91
55 93 960
42 90 633
52 22 397
29 96 301
18 15 532
60 66 17
4 66 805
44 96 641
12 62 976
64 89 886
7 31 617
90 75 971
60 24 894
1 5 955
71 74 803
29 54 138
24 67 303
39 99 599
74 3 472
38 5 510
