40 55 791
68 29 294
3 19 926
53 13 190
58 16 542
30 24 895
33 18 799
1 52 327
20 73 600
3 53 32
17 62 741
46 31 174
47 59 895
33 40 291
3 25 863
66 38 53
17 18 758
74 30 891
47 59 70
3 61 979
66 3 151
20 27 536
53 11 125
18 10 717
25 40 152
43 52 615
58 21 385
0 37 505
63 45 198
6 28 732
36 37 172
71 59 160
59 57 201
14 15 28
2 42 284
43 41 102
0 14 463
8 57 387
22 18 633
55 56 888
73 58 141
67 66 559
45 73 4
73 48 457
49 38 151
48 37 160
3 28 651
13 0 554
15 56 479
49 47 165
23 33 913
72 46 53
61 38 940
49 45 235
60 36 883
30 14 254
62 22 226
56 67 20
10 37 638
20 11 766
35 24 415
0 59 251
7 8 669
23 32 996
29 25 965
56 32 680
60 33 903
54 63 769
31 49 643
74 1 540
51 58 286
39 70 791
74 50 726
62 16 786
16 70 962
44 48 343
36 4 532
21 39 904
3 64 884
57 51 341
52 48 113
16 10 145
61 48 968
50 64 17
57 13 890
36 43 561
18 58 370
21 74 20
66 47 878
39 74 307
43 36 116
72 38 140
6 61 603
41 1 741
44 26 352
14 55 543
10 33 210
15 42 809
26 12 21
42 31 461
45 38 531
67 4 193
33 43 669
24 51 321
41 37 182
18 50 537
40 33 450
28 50 741
58 44 319
27 17 269
37 46 574
69 19 375
56 25 196
17 62 793
35 32 254
31 43 576
3 55 767
52 63 504
66 3 625
55 10 415
19 22 164
68 21 582
29 34 337
24 52 483
74 48 447
46 41 984
71 62 789
59 60 702
13 31 724
56 18 628
38 17 795
33 63 781
17 71 804
72 15 514
11 59 269
14 50 485
74 2 47
17 65 496
45 49 662
37 13 304
5 48 355
38 36 773
67 44 217
6 27 221
72 5 313
7 34 661
7 61 215
13 28 6
23 11 647
33 2 995
4 19 243
36 58 267
63 27 191
69 10 421
42 67 124
11 45 773
70 9 27
20 74 600
2 20 22
7 33 501
21 6 858
35 55 940
33 60 661
20 62 492
9 17 98
34 24 66
29 33 999
62 0 292
43 9 731
52 14 401
69 57 54
67 35 4
7 18 669
23 12 48
56 31 679
71 59 857
23 68 143
40 21 333
38 54 426
29 33 592
4 33 356
8 53 339
55 43 94
55 68 248
23 71 795
54 60 58
51 56 95
29 49 685
32 41 666
56 38 969
42 40 583
0 45 529
62 1 959
53 62 510
7 0 975
41 0 124
73 32 939
32 25 397
51 2 897
36 11 930
29 14 941
46 61 158
71 4 668
7 70 884
42 11 888
45 4 977
32 17 235
28 48 383
39 21 185
32 17 709
67 21 146
5 19 433
23 44 49
48 16 101
45 3 269
40 17 539
67 3 754
27 47 27
55 71 415
14 4 649
4 30 968
16 10 630
6 14 893
3 67 61
14 51 446
34 15 366
51 13 85
24 40 737
47 33 371
11 8 993
40 6 86
35 73 676
8 38 480
52 50 917
8 59 453
36 32 493
28 19 89
48 49 477
33 59 385
39 74 260
10 32 205
32 11 344
9 66 267
57 23 902
0 71 146
16 72 13
55 62 342
36 10 519
20 70 457
5 8 923
53 11 736
4 15 963
24 49 538
29 19 772
72 61 690
65 11 333
50 32 404
56 17 200
40 20 130
68 51 505
16 26 797
24 74 263
32 56 554
24 40 925
1 66 386
70 49 249
43 51 524
25 30 827
6 62 330
17 63 631
70 13 137
37 5 243
44 37 75
41 68 179
28 38 956
65 39 234
19 59 711
70 23 892
1 55 722
7 16 568
61 8 634
7 3 855
51 29 87
19 55 959
53 45 833
45 17 705
36 54 546
59 47 940
11 20 82
64 54 947
3 24 343
62 74 890
58 9 468
64 6 822
27 64 373
74 41 38
5 33 414
25 22 504
6 63 193
65 37 283
52 19 593
72 12 81
31 36 645
35 14 637
34 48 859
21 68 753
13 51 706
58 14 599
0 26 43
55 67 311
53 46 877
59 50 681
57 49 776
41 14 56
9 59 838
51 30 175
46 4 390
7 59 222
64 22 589
51 7 717
73 44 103
5 52 352
51 44 458
10 61 790
38 60 914
16 70 961
32 68 184
5 30 235
16 74 579
61 48 897
35 17 214
20 14 321
50 37 22
50 57 128
17 69 895
7 53 828
0 37 172
32 16 123
47 39 404
27 62 16
24 43 604
43 45 792
44 59 883
12 1 653
58 1 740
65 67 245
60 63 617
26 9 531
28 6 872
17 39 684
56 17 871
64 2 745
13 59 827
17 4 767
28 51 906
59 65 225
14 42 696
71 49 713
19 51 108
34 39 658
20 6 82
19 2 818
29 24 801
0 38 161
66 16 166
1 31 374
21 57 29
32 72 931
39 44 320
7 56 771
15 53 377
39 38 795
12 35 193
17 37 710
11 63 316
68 39 852
32 36 551
25 60 416
58 56 30
74 24 546
64 13 551
45 39 498
52 42 480
13 7 179
65 48 278
41 43 443
12 20 273
25 49 269
54 20 685
59 42 609
20 58 571
36 13 27
71 63 106
31 65 188
5 26 458
47 45 872
63 62 18
26 61 315
55 3 564
61 4 271
40 48 884
8 49 449
48 55 29
24 62 710
49 9 592
8 1 688
58 43 770
8 14 286
35 37 526
27 11 808
2 43 206
16 52 409
35 42 468
43 53 181
51 4 906
48 70 688
42 21 198
5 1 850
52 43 869
66 57 215
14 36 201
28 11 333
55 24 500
39 41 486
42 68 123
35 48 65
44 52 356
73 66 661
5 56 993
8 44 914
74 14 323
39 61 284
18 62 748
10 4 417
72 13 509
37 58 878
33 30 765
23 74 92
12 2 442
14 37 873
10 9 948
22 47 441
25 6 877
25 29 51
9 69 936
72 68 95
6 22 800
69 67 683
69 47 777
30 14 737
68 67 932
3 66 251
74 59 121
62 1 528
16 7 117
38 15 927
32 69 272
0 5 820
54 43 667
27 26 983
54 7 914
58 46 791
35 51 295
22 17 521
48 7 290
55 32 899
60 9 688
69 16 707
29 61 142
7 1 939
66 47 342
31 6 84
26 8 446
25 49 519
41 53 178
51 15 934
11 46 909
73 62 318
32 53 831
12 63 351
54 0 102
58 26 325
21 30 280
62 29 467
6 0 842
44 17 90
68 51 502
49 71 390
28 10 514
37 36 544
37 24 52
7 26 525
13 41 881
70 65 86
20 2 971
31 47 667
24 50 227
68 41 486
42 1 79
18 7 784
60 8 149
58 4 201
19 7 461
74 6 372
8 69 195
64 13 54
52 73 999
43 73 143
45 7 277
14 17 2
53 29 494
62 7 857
64 33 993
29 74 37
30 54 846
65 15 136
68 74 502
19 62 701
11 68 619
33 15 358
61 49 572
67 25 362
2 19 330
21 67 285
31 66 56
22 14 743
62 15 337
52 42 192
57 63 220
20 10 553
19 13 751
57 41 591
21 38 35
33 18 222
51 8 656
27 46 438
58 12 10
69 11 124
46 36 224
58 26 483
25 7 579
54 74 548
42 37 153
14 32 962
23 2 900
36 37 859
43 51 584
71 10 287
22 67 77
18 38 604
22 12 721
44 46 352
41 56 343
31 35 964
49 74 689
16 36 100
74 59 328
54 15 178
64 58 676
61 54 676
8 21 475
30 4 25
6 40 741
6 64 372
17 11 862
41 1 661
65 67 538
0 6 638
4 26 988
48 63 712
58 39 18
12 54 764
34 50 121
44 42 98
70 7 952
38 39 695
52 62 898
28 4 894
22 65 460
24 49 788
35 1 420
6 62 729
30 2 797
48 71 274
13 52 612
41 67 493
61 57 915
31 35 910
25 72 393
62 72 628
74 48 86
39 25 996
14 51 244
7 61 345
64 45 114
48 61 867
59 19 565
1 30 855
63 67 215
48 51 799
69 5 993
37 59 752
22 27 397
41 6 876
28 69 978
3 47 857
36 65 890
61 68 152
71 26 331
73 43 986
37 55 737
8 22 761
1 67 662
3 66 914
6 46 80
60 47 437
19 41 36
7 59 919
65 51 892
58 32 345
9 23 705
53 22 676
65 12 212
33 2 728
15 7 874
9 35 523
46 16 304
23 55 684
68 27 476
34 49 507
66 6 669
21 59 995
67 44 593
44 1 715
13 53 448
18 2 936
72 39 394
60 72 605
4 56 107
50 14 42
38 21 324
24 42 319
28 41 288
69 10 738
31 52 304
18 23 915
40 73 912
4 69 501
37 9 148
64 68 158
4 72 815
49 40 113
12 42 815
29 57 766
43 35 719
57 32 812
13 11 229
14 49 245
4 10 463
38 40 800
34 38 728
33 61 219
15 40 959
10 69 946
6 57 62
13 15 937
15 30 314
64 12 697
23 41 885
57 9 961
5 61 527
12 59 283
54 60 809
39 53 865
1 27 45
21 69 331
47 28 573
29 47 70
21 61 130
74 57 54
28 73 270
18 20 822
12 74 607
17 12 357
22 52 975
73 27 719
39 22 675
45 40 268
20 51 362
47 52 20
38 43 442
29 65 784
60 12 845
48 69 765
49 17 737
49 70 568
5 9 236
39 32 966
42 43 735
21 33 474
70 60 769
61 72 433
42 8 562
3 60 558
36 49 573
67 18 990
35 17 116
15 7 535
17 2 537
35 17 274
41 34 858
56 29 156
51 56 150
8 67 347
27 4 681
42 66 686
18 61 422
39 67 969
56 48 236
64 28 868
2 59 221
7 46 217
19 18 421
74 68 179
20 0 31
44 38 453
60 6 758
60 34 65
60 74 391
70 35 86
7 25 700
57 1 536
57 26 905
40 61 265
13 56 848
58 48 590
38 61 541
21 59 712
6 21 251
39 5 890
60 13 345
64 15 856
19 52 764
58 12 731
43 30 769
13 38 601
63 33 160
11 10 883
71 58 118
35 48 554
39 40 798
27 74 505
51 11 497
18 37 923
41 16 317
56 24 163
9 59 810
49 51 853
55 24 308
40 13 609
17 35 178
61 7 213
51 20 756
5 43 78
68 36 9
34 21 558
47 9 429
9 26 569
28 14 916
38 3 84
68 66 251
17 25 609
69 9 231
8 37 990
39 49 716
67 46 832
25 14 75
42 13 915
61 30 288
34 48 446
53 38 869
54 74 326
19 47 797
52 6 797
26 37 3
71 40 557
23 16 213
44 35 340
61 74 947
18 23 779
16 44 445
24 50 964
56 66 225
47 62 654
28 16 540
71 70 568
48 54 53
71 39 75
66 12 237
34 61 362
32 53 336
7 62 374
25 22 858
1 68 512
54 45 65
63 14 438
43 73 646
26 66 469
12 11 456
53 39 870
72 31 102
8 25 803
1 53 158
7 0 183
8 42 613
53 26 693
19 52 398
13 39 98
37 17 529
46 15 771
28 25 213
66 21 882
46 6 918
66 65 894
59 10 802
63 17 950
20 58 527
32 6 931
34 60 794
44 23 972
1 16 556
64 68 405
73 5 530
60 65 234
56 59 747
0 45 634
18 60 418
57 13 543
61 0 278
50 15 431
37 45 323
51 61 390
54 50 861
63 8 671
45 46 709
26 56 963
57 35 233
47 16 366
59 34 615
56 41 863
14 3 398
58 26 299
57 24 956
33 42 742
42 70 68
29 43 348
69 46 439
29 24 985
47 33 889
13 39 523
46 5 498
34 56 382
49 3 133
51 44 382
69 16 241
22 0 619
48 2 939
64 60 292
61 48 582
29 50 426
68 17 63
70 47 850
0 1 897
3 67 295
41 20 394
30 14 238
50 67 126
37 55 621
2 62 263
68 22 634
40 48 634
59 4 824
72 6 592
35 6 889
32 72 644
32 23 564
44 39 225
73 27 648
18 43 732
56 64 714
7 21 799
33 19 411
74 49 803
0 4 340
26 29 982
73 44 225
49 61 399
7 37 230
27 72 973
50 4 465
71 50 185
18 30 437
33 67 335
17 51 627
60 61 989
69 37 572
40 32 920
17 27 331
36 53 845
39 33 554
7 25 449
40 0 559
46 13 843
29 58 704
34 46 249
59 6 961
29 28 673
11 66 783
44 5 514
3 14 703
59 3 455
16 4 871
25 6 20
12 55 392
6 67 304
44 24 34
12 29 713
47 15 793
45 24 617
35 9 463
2 1 789
71 52 342
3 52 679
47 25 347
5 35 313
74 28 900
8 24 44
14 58 995
70 24 179
28 36 226
16 21 687
9 49 620
53 44 500
58 30 95
36 73 509
15 73 100
44 30 696
36 39 86
40 71 799
22 45 171
4 40 907
34 12 54
62 51 914
36 72 394
35 5 301
20 12 958
52 74 149
42 12 508
41 12 491
2 30 44
51 28 835
32 13 234
69 72 784
43 67 534
17 55 669
57 46 952
3 31 568
53 40 98
69 30 530
53 67 158
4 1 168
28 61 976
59 18 198
62 31 601
3 50 13
37 32 215
57 30 429
5 14 785
3 42 686
35 33 461
48 43 131
5 11 892
35 7 400
28 47 863
34 2 313
32 53 320
4 67 53
4 60 703
63 33 438
17 68 759
38 15 832
6 55 469
74 4 808
46 41 370
26 64 569
32 57 46
22 56 701
13 18 913
49 0 105
65 19 74
55 5 827
59 24 218
73 20 826
27 7 729
49 71 600
10 3 949
56 1 798
9 55 260
55 2 446
31 5 977
51 22 169
2 29 665
69 35 799
0 38 423
32 40 484
54 3 695
46 15 138
38 46 861
32 63 888
63 72 338
67 33 255
56 5 806
45 62 949
63 25 264
1 66 853
38 4 5
28 51 853
10 54 970
23 11 717
56 45 457
60 20 8
37 28 702
33 31 986
11 28 106
8 67 334
64 56 384
50 35 982
33 5 399
29 57 941
9 17 305
68 33 967
63 70 16
54 28 574
39 11 145
57 46 856
51 12 496
60 46 806
66 60 451
34 72 368
12 39 683
32 29 522
63 44 18
63 41 809
2 18 889
56 34 672
12 9 452
57 16 160
27 70 304
74 35 323
6 17 601
20 43 368
23 45 629
54 43 544
50 9 90
57 63 983
2 60 796
20 12 473
23 60 269
65 4 362
0 22 616
18 43 547
17 28 350
70 33 854
31 73 237
40 48 830
27 46 784
46 14 893
65 27 27
26 62 720
50 57 457
68 37 114
26 6 925
29 60 134
43 3 804
48 37 243
71 74 782
49 55 1
15 36 648
47 9 536
40 26 645
17 20 377
43 72 927
40 34 789
65 49 903
4 60 257
14 28 241
44 12 841
68 13 795
27 50 254
29 35 504
38 63 474
54 11 258
12 65 437
35 20 37
18 41 727
68 59 164
42 38 464
17 27 344
67 31 928
57 43 704
40 20 773
69 2 677
22 17 405
68 55 875
74 35 636
45 3 650
3 20 380
20 8 450
1 18 630
42 38 921
50 38 606
22 47 814
12 40 753
20 31 215
67 5 300
68 64 521
17 32 497
53 28 103
72 60 745
58 5 177
26 52 188
72 54 661
9 60 881
28 57 243
61 49 758
46 30 701
13 23 974
13 36 457
42 62 168
65 20 646
35 65 151
23 42 758
48 73 711
15 64 585
13 40 123
14 72 568
9 30 881
27 29 790
1 61 76
44 9 954
61 70 953
69 0 772
62 38 624
25 54 92
65 45 586
5 51 364
16 72 745
9 73 656
47 26 18
21 32 25
6 23 556
27 61 99
65 60 166
64 50 837
40 39 903
7 11 29
72 51 243
28 14 347
53 52 173
43 17 643
58 64 167
29 6 286
26 25 559
5 38 522
25 54 720
73 55 610
22 57 921
4 74 410
25 71 701
61 60 719
9 12 478
52 66 967
36 6 778
51 26 937
65 20 845
33 73 531
68 74 789
74 57 324
65 1 280
39 8 216
13 22 347
47 66 960
2 39 78
1 39 515
28 53 459
50 17 89
13 65 813
26 0 875
38 22 109
54 65 963
10 58 462
50 32 183
67 61 408
51 53 234
67 69 885
61 22 462
30 63 734
50 42 966
35 12 772
31 17 504
30 38 702
59 44 325
15 51 850
56 12 155
28 54 861
73 51 827
41 68 221
20 10 473
13 58 457
58 29 236
16 55 346
42 53 964
18 40 35
74 25 185
44 32 37
48 58 412
24 49 343
49 20 960
4 62 794
45 17 664
46 69 914
23 63 206
26 10 478
66 1 776
72 19 423
28 39 72
60 18 58
50 42 548
68 65 927
6 69 367
57 38 702
70 50 654
58 21 493
39 23 16
35 33 470
52 1 675
47 60 274
59 19 323
1 52 92
60 49 168
51 70 507
23 0 531
39 20 473
23 32 432
63 29 156
47 58 980
30 69 649
12 15 786
26 28 407
31 4 334
44 19 179
72 19 393
7 2 568
57 3 68
30 64 746
35 2 729
61 39 462
0 51 731
50 44 495
10 1 976
60 9 772
34 35 310
73 47 311
50 58 808
9 61 440
42 44 511
5 11 174
67 32 450
70 34 671
64 10 719
34 54 793
38 31 996
19 16 605
6 54 414
2 36 47
20 30 86
10 63 418
30 35 827
73 24 422
8 19 708
27 7 469
25 22 625
66 43 445
68 73 78
36 3 691
38 9 822
60 74 614
51 73 923
16 29 658
68 20 365
74 48 735
48 32 595
65 14 270
8 12 196
70 16 805
33 14 859
62 57 782
52 31 73
27 20 316
7 12 331
33 10 477
27 40 958
14 28 406
36 53 603
22 39 105
13 32 83
57 72 239
41 30 644
10 6 729
10 34 971
56 51 202
60 56 42
3 21 8
41 39 471
6 31 587
24 68 631
49 36 353
16 62 336
5 73 17
6 7 154
9 64 438
59 45 249
24 3 183
36 0 566
49 38 489
68 16 601
51 4 566
74 21 119
21 45 69
44 64 438
58 57 97
16 1 134
0 54 682
53 38 590
11 68 134
62 58 798
17 10 28
73 23 448
64 70 845
28 58 599
44 28 599
49 51 479
28 38 792
61 18 598
46 58 930
31 74 223
47 28 510
30 0 736
1 58 372
0 29 345
67 46 189
45 17 771
16 40 511
44 64 578
40 68 362
70 15 444
12 39 536
36 22 304
49 55 367
33 18 247
59 23 48
30 38 604
74 58 65
39 46 168
50 37 211
46 5 980
50 62 404
45 32 816
32 17 635
19 2 512
11 23 605
7 24 131
59 61 735
37 45 53
43 55 91
44 25 693
51 61 853
28 58 998
56 49 306
15 8 65
66 51 34
67 15 579
41 3 216
44 3 288
32 53 424
63 45 43
28 22 506
3 38 61
20 60 209
25 63 464
19 35 780
44 66 914
17 28 704
21 42 711
74 17 977
5 17 885
11 22 561
41 62 428
69 14 491
70 32 111
18 46 285
4 30 344
39 72 706
48 52 953
53 69 195
39 69 936
74 47 922
58 30 102
46 34 568
66 74 603
69 10 810
