122 166 545
134 38 218
4 70 80
56 134 548
22 79 332
95 104 18
26 40 235
16 3 649
15 22 174
93 38 506
25 78 299
105 176 131
174 8 946
98 90 984
100 47 375
163 182 450
19 60 461
116 174 180
41 68 371
161 61 434
73 44 38
29 126 973
161 171 955
100 15 539
74 117 82
94 105 517
108 24 304
83 0 604
86 180 984
151 132 59
76 108 731
154 58 253
24 175 279
163 10 893
74 130 276
113 94 607
125 80 6
64 98 787
57 93 476
123 68 239
106 76 742
154 157 320
115 6 579
132 57 928
17 154 783
71 3 203
152 155 262
29 180 798
121 126 165
93 17 651
69 10 9
36 172 776
127 85 638
48 9 394
136 11 949
84 40 693
29 107 882
33 158 152
126 156 855
179 148 960
109 183 455
33 26 431
21 174 125
106 156 215
97 16 679
164 182 366
116 110 413
103 119 717
83 8 463
113 158 910
93 31 291
78 114 384
20 6 302
117 14 962
123 90 847
149 175 669
4 1 863
48 45 348
133 88 450
38 177 280
69 112 492
160 93 50
182 71 491
183 78 920
156 95 816
163 60 903
87 104 962
149 65 440
173 75 752
177 130 5
139 35 672
39 162 369
57 166 39
166 136 951
94 96 168
142 132 276
7 173 635
45 33 541
90 23 47
178 65 988
133 110 424
72 63 928
62 10 404
152 165 440
17 127 329
156 61 469
45 110 860
127 157 558
81 154 846
179 93 799
136 154 668
153 67 756
3 44 933
18 166 604
40 111 972
182 0 105
154 141 840
65 147 553
178 86 101
4 77 816
62 33 879
146 27 65
96 39 647
154 183 469
118 68 323
89 136 840
34 134 721
107 117 417
125 44 488
138 166 261
183 120 38
56 105 56
30 127 294
73 59 270
43 36 969
22 56 859
78 85 963
115 126 981
13 158 628
22 39 632
4 128 359
26 181 744
116 125 163
35 52 949
175 128 589
54 23 382
102 45 832
117 109 316
109 123 857
127 82 116
142 135 731
20 15 665
172 17 340
161 18 352
113 165 872
8 54 279
135 45 833
87 80 580
101 106 308
173 61 890
71 183 962
160 18 755
14 182 926
179 138 94
147 103 787
167 85 594
93 160 414
115 73 76
21 75 849
109 92 501
22 125 909
142 2 798
59 32 912
58 59 179
13 30 449
95 73 944
46 55 991
121 53 435
118 70 811
88 25 271
107 46 217
105 142 285
79 41 479
73 157 262
76 119 514
72 150 141
2 113 479
109 83 172
170 87 91
100 51 753
140 170 421
183 111 202
145 52 523
50 153 619
29 118 795
81 48 497
32 51 865
177 0 387
131 152 781
178 0 836
69 29 742
28 25 575
48 33 68
129 115 281
102 58 615
42 58 841
64 130 243
126 120 700
116 94 462
35 143 643
62 32 644
73 68 47
130 74 772
50 173 912
159 101 722
1 108 913
168 140 86
113 115 872
86 160 14
51 181 153
139 37 20
125 8 723
177 166 878
78 109 832
53 169 197
71 7 271
161 88 446
0 116 945
161 28 207
51 31 119
128 35 742
113 91 38
14 22 387
65 103 112
171 46 602
41 157 480
165 84 373
6 69 962
15 100 456
71 91 803
109 41 761
118 135 8
73 86 556
152 41 731
90 49 346
57 139 173
46 131 62
176 175 551
142 17 909
168 113 853
65 63 29
74 106 569
31 182 891
114 144 221
68 142 589
71 90 743
104 175 540
135 174 687
118 132 339
78 157 585
108 153 151
71 144 756
3 138 994
96 1 71
172 94 550
16 160 759
138 23 981
61 144 302
169 121 943
155 182 68
136 57 220
112 19 496
93 146 910
138 15 746
26 6 211
130 10 582
51 170 815
97 3 411
17 84 285
150 171 962
70 43 216
62 58 182
159 65 799
90 46 565
31 135 940
62 5 142
101 175 985
7 74 201
104 26 979
13 130 138
48 112 519
172 128 725
101 13 612
170 72 969
120 19 253
132 150 507
42 177 293
21 163 393
113 48 825
113 175 71
143 134 754
86 121 795
46 150 554
4 14 519
47 158 842
83 67 206
71 86 686
100 18 833
112 153 904
117 151 629
124 179 312
48 123 254
45 47 213
16 65 127
9 161 712
170 83 337
86 5 956
30 66 954
90 111 293
104 65 180
129 37 966
79 103 404
114 50 917
97 104 776
97 6 684
39 76 511
28 176 804
33 117 46
12 148 67
91 154 584
59 38 82
130 94 831
162 53 850
137 171 379
117 126 111
105 118 812
137 32 240
60 77 606
98 65 409
145 165 371
142 27 705
153 20 231
91 141 766
128 125 359
109 0 71
58 179 331
182 171 548
139 151 267
57 140 494
140 2 702
87 23 565
95 29 395
46 165 825
7 106 137
1 157 408
126 129 727
84 55 745
97 134 420
98 125 435
155 83 357
62 98 492
47 57 289
157 43 676
132 81 697
71 106 218
42 134 777
9 38 54
169 48 508
118 13 708
82 116 438
104 11 600
46 55 414
64 146 598
2 79 974
82 141 985
58 99 514
44 43 139
71 139 80
113 99 527
171 21 749
43 56 328
182 179 973
14 126 726
16 152 386
125 21 73
113 127 165
25 13 958
169 80 293
121 59 968
14 28 380
118 175 469
182 52 922
4 24 717
93 157 752
115 109 787
41 37 842
74 91 192
44 111 505
111 98 164
106 175 177
154 87 890
176 90 108
156 48 544
118 133 679
147 170 650
18 138 941
78 40 605
84 154 369
164 122 820
180 149 144
21 110 358
13 66 988
57 52 444
95 183 508
117 174 284
135 119 237
169 90 409
19 129 884
29 31 962
77 80 744
20 143 981
89 80 738
157 18 239
61 164 187
50 113 833
112 42 913
104 87 460
151 85 101
118 11 838
171 178 77
74 117 172
38 97 273
73 69 830
123 51 675
12 173 555
30 18 466
106 25 42
135 163 609
42 82 775
161 101 306
51 60 598
101 15 889
15 6 547
110 64 499
126 22 735
75 36 606
167 172 882
112 38 873
46 175 813
127 77 545
26 173 96
87 141 921
34 16 588
159 136 458
41 90 948
38 87 115
148 98 988
181 131 679
106 13 377
58 133 272
88 182 297
99 179 60
22 165 139
98 152 527
119 24 877
111 4 527
106 44 894
49 114 162
178 34 786
140 180 765
67 78 442
76 10 896
179 138 957
149 122 13
139 105 179
169 133 95
71 25 293
46 117 471
152 75 701
142 32 808
40 16 681
121 22 282
29 101 716
114 43 295
79 152 112
170 110 16
160 170 512
180 16 750
22 86 610
120 76 704
35 180 263
85 42 156
171 23 829
56 174 119
111 155 5
91 33 431
63 79 587
48 1 171
11 35 670
11 74 28
39 81 542
69 155 221
148 97 171
91 163 287
50 107 222
129 181 257
172 162 250
27 45 4
72 32 98
53 61 708
101 104 696
143 115 368
75 26 698
182 97 433
23 10 578
171 79 444
70 28 206
16 152 473
126 159 257
42 109 432
108 137 160
4 146 839
80 22 858
12 95 880
107 156 621
39 160 692
82 38 477
99 16 902
15 11 58
65 173 253
67 181 333
113 109 579
43 97 898
86 11 550
73 119 86
40 37 611
114 32 348
93 122 929
48 93 357
143 58 341
20 121 145
138 146 512
17 31 40
141 33 300
155 145 283
178 98 852
95 135 590
181 148 573
60 136 282
139 65 193
173 141 937
61 175 69
58 120 161
118 57 519
21 17 223
172 144 838
158 15 662
75 35 303
178 152 911
87 120 446
98 74 976
151 173 23
46 86 169
38 15 773
157 136 449
147 79 739
86 155 230
97 180 257
41 31 803
116 157 617
57 6 870
1 138 15
183 94 487
115 103 552
128 100 104
46 159 432
68 167 721
17 164 101
24 51 292
132 14 222
76 152 240
137 36 203
155 183 860
26 5 66
108 142 2
170 180 942
5 47 800
32 170 507
5 125 261
151 92 139
68 46 896
114 39 925
92 103 896
165 84 406
159 90 372
47 60 787
151 40 176
25 53 168
63 2 928
0 52 347
57 163 767
3 99 557
44 1 834
166 72 814
46 60 712
91 176 543
135 146 997
180 97 560
34 50 326
70 3 913
133 143 368
37 34 890
131 152 579
61 39 35
164 170 687
107 106 9
54 15 13
163 176 278
126 62 866
148 71 818
175 114 91
57 183 636
130 83 164
34 7 630
10 39 254
120 23 574
171 149 476
159 81 92
5 14 139
170 128 842
57 136 799
74 128 71
168 17 701
102 87 592
100 131 166
161 168 205
101 183 464
78 81 329
112 101 474
116 50 264
89 134 832
70 108 316
155 24 238
51 179 270
92 59 273
20 165 558
162 41 733
5 105 256
69 144 376
54 120 812
162 17 258
133 101 353
157 18 783
21 49 431
2 28 390
66 61 676
118 109 903
84 49 931
110 44 363
130 89 274
52 118 302
28 4 605
39 40 903
27 166 288
81 60 768
80 110 440
47 142 572
87 63 801
127 51 866
56 86 139
161 51 628
162 95 829
45 13 626
45 74 962
70 43 274
3 29 37
36 23 500
104 146 159
19 17 547
164 55 626
67 148 246
47 161 932
6 37 202
54 56 729
6 121 83
109 156 743
111 157 507
149 12 350
101 70 13
180 151 737
100 121 575
125 152 450
160 164 844
130 20 611
54 95 877
95 32 634
112 49 868
30 148 488
7 88 482
115 136 125
48 148 100
134 74 512
174 158 135
178 52 386
66 150 41
54 170 943
49 34 208
72 124 252
110 102 257
46 153 586
58 118 692
164 104 459
117 72 764
121 102 282
173 52 192
140 146 761
148 67 917
46 78 944
14 57 238
1 130 237
67 93 935
157 156 252
176 162 314
131 50 735
76 164 435
128 14 419
48 73 381
138 170 833
56 27 750
163 116 659
25 20 874
137 119 623
133 158 712
162 35 941
41 138 686
104 109 106
124 90 960
158 136 215
26 3 812
54 157 615
63 6 11
131 136 364
35 132 749
161 168 263
175 103 876
113 60 234
109 172 774
130 145 931
59 20 319
181 137 967
26 93 220
32 137 262
4 94 46
155 109 224
23 138 930
9 4 999
173 146 805
43 157 398
147 105 74
64 82 577
111 150 969
69 155 814
97 110 290
70 145 153
146 69 139
82 44 885
104 149 277
136 134 267
112 135 67
56 7 582
139 33 898
42 51 385
3 129 456
90 122 920
163 182 930
94 2 538
46 118 452
106 54 704
144 151 218
125 64 324
96 48 557
181 131 23
31 141 344
40 118 438
172 22 400
177 109 785
165 85 914
114 169 323
182 74 822
141 45 178
107 76 833
140 26 431
40 39 57
165 148 102
171 74 332
93 177 23
106 36 256
33 121 909
118 129 977
14 66 713
56 65 470
57 148 455
177 1 926
23 178 864
37 52 842
151 99 419
85 177 910
129 99 377
20 8 96
154 137 288
115 51 390
120 52 191
94 74 893
41 158 741
169 44 855
11 109 287
71 128 360
12 41 98
70 151 317
42 110 402
124 24 628
43 10 355
170 142 974
36 151 485
23 89 578
42 131 309
178 29 590
51 179 622
50 113 253
147 14 376
104 130 718
38 15 950
145 11 614
101 58 232
23 149 708
10 6 365
49 92 414
54 159 64
29 40 517
132 151 407
78 97 122
146 128 613
66 19 384
95 39 545
146 104 873
63 80 444
53 7 612
78 105 639
130 41 434
88 148 65
22 77 929
110 77 102
114 167 913
2 160 692
6 122 715
66 29 209
128 16 465
22 157 704
163 9 978
67 43 826
109 94 772
92 96 490
137 46 287
75 87 183
63 81 454
176 118 571
51 82 721
134 84 871
132 99 720
99 106 812
175 88 693
69 122 104
105 134 368
153 160 85
104 59 243
39 85 257
108 125 644
91 103 999
154 83 950
120 88 592
68 1 425
59 183 889
25 128 210
84 67 702
53 10 14
139 120 195
141 94 485
24 133 536
49 24 751
158 2 611
172 181 475
46 118 289
89 112 218
111 101 704
136 99 679
88 23 609
73 37 220
157 87 550
142 143 1000
183 146 559
18 99 649
17 48 414
110 14 65
95 151 419
108 137 854
41 91 625
25 75 369
64 107 301
7 39 246
117 128 697
49 124 669
48 91 998
44 161 51
43 65 618
112 144 960
14 128 149
34 72 152
165 162 708
91 116 348
71 0 273
5 102 730
89 43 26
116 146 216
47 158 525
122 99 223
116 120 714
110 72 883
94 155 548
85 73 390
162 56 322
138 114 693
44 46 402
52 152 374
125 139 387
0 60 989
138 182 683
101 39 515
153 37 69
42 120 325
110 24 179
82 137 778
41 71 959
58 55 339
27 83 82
101 175 173
96 85 313
147 158 897
155 168 107
79 111 969
167 91 736
157 71 917
98 71 72
172 25 12
64 49 765
121 34 843
137 20 597
41 10 980
100 135 371
20 23 382
4 112 503
86 63 683
70 162 203
121 114 190
8 172 480
47 8 918
44 76 221
30 4 156
68 16 154
132 151 108
174 131 510
64 129 346
3 138 940
33 59 3
61 160 681
2 138 190
155 73 684
105 45 734
19 152 635
55 71 326
182 112 602
100 167 675
138 0 967
169 17 510
67 112 238
32 156 416
146 130 226
90 123 4
183 70 318
75 56 325
140 180 445
24 149 133
30 59 999
127 124 365
157 33 349
85 124 105
168 81 935
80 38 453
33 64 960
123 104 234
122 51 524
95 84 446
69 24 254
102 178 267
42 117 164
105 107 271
136 70 130
124 8 492
70 83 345
90 120 251
38 46 164
79 104 266
178 85 479
140 130 866
129 61 604
122 14 172
28 39 324
101 66 579
53 48 686
66 156 464
143 54 244
5 1 174
39 134 980
19 44 236
32 78 520
100 20 184
3 168 444
155 27 113
160 9 706
2 126 575
17 74 551
116 85 379
134 105 766
121 98 733
146 178 507
18 144 372
160 151 239
38 92 969
83 181 503
92 7 407
71 115 804
150 76 24
174 10 993
119 84 17
68 35 582
20 86 106
56 103 485
37 2 682
19 24 984
47 152 49
156 128 11
101 54 554
114 115 627
64 113 940
122 38 253
140 65 167
118 87 364
154 107 497
28 76 565
120 44 955
163 167 124
179 108 792
158 6 8
76 54 882
78 0 315
143 71 52
169 131 888
47 62 858
145 33 809
180 26 53
60 170 923
31 41 348
58 55 697
24 44 368
118 1 12
147 96 904
112 5 691
144 54 463
44 48 444
134 137 694
155 87 62
99 34 12
130 181 943
183 63 86
23 175 959
99 28 353
72 106 244
68 120 449
29 104 657
100 28 451
76 105 490
118 17 586
158 40 554
117 29 900
31 168 692
120 17 93
125 75 584
12 13 632
158 104 130
169 33 560
96 41 901
7 122 718
70 72 412
161 116 207
99 9 421
165 29 8
68 87 203
15 79 242
153 159 666
28 78 389
168 174 69
64 71 970
40 176 8
12 76 131
52 165 917
99 162 689
120 38 452
1 182 2
174 109 533
170 68 631
15 135 443
134 51 235
47 123 937
171 129 162
109 159 993
101 107 848
158 5 858
139 145 62
23 101 344
92 81 316
181 61 979
84 172 434
146 171 249
26 126 858
30 43 532
45 58 628
14 103 59
104 58 787
155 176 520
31 86 75
172 94 567
123 178 993
144 109 621
104 15 347
78 15 725
166 137 296
167 170 609
151 28 614
106 149 685
133 140 204
79 147 819
112 115 573
82 14 805
92 150 748
40 22 573
121 149 471
131 73 27
175 172 782
47 16 716
42 137 354
24 124 919
123 46 460
177 110 817
28 99 485
115 123 216
130 52 676
159 127 287
104 144 734
23 123 72
149 49 598
174 31 249
119 80 839
29 14 461
90 54 117
9 79 392
89 39 276
121 181 126
133 182 54
1 22 999
48 8 729
72 151 557
169 80 976
129 138 427
96 78 698
115 34 964
111 98 478
45 33 103
179 109 662
9 28 23
35 42 687
13 93 938
15 83 510
91 49 239
33 69 81
70 13 558
59 51 471
59 148 644
150 47 15
161 9 894
58 89 308
43 110 609
164 75 556
89 25 316
57 26 368
66 121 286
110 5 319
74 113 801
129 66 215
144 48 663
6 172 236
38 42 405
27 5 984
170 86 243
8 181 972
113 104 150
94 168 689
56 89 87
27 155 761
181 115 133
47 80 608
164 66 121
44 90 817
25 157 76
29 177 193
21 163 361
6 42 910
106 127 980
159 18 1
154 69 162
26 73 919
172 168 89
52 163 726
73 35 335
175 33 189
106 52 536
150 113 480
86 151 665
63 175 445
121 181 161
83 113 104
169 105 133
38 117 262
44 136 214
63 177 988
24 103 187
135 39 495
74 143 637
147 101 133
27 108 418
117 33 439
82 22 58
172 78 141
78 144 984
27 90 674
62 133 629
41 5 760
168 169 982
113 41 804
38 105 251
60 141 790
26 92 824
91 21 404
36 111 608
122 95 978
139 19 619
87 50 919
6 110 56
2 103 730
31 60 991
76 95 967
153 144 70
167 93 531
24 27 653
66 44 936
65 13 630
107 111 881
85 52 419
82 104 918
13 156 501
9 82 448
15 120 82
98 137 213
144 39 545
46 112 522
177 178 313
4 12 533
130 9 842
173 132 134
87 182 10
21 156 816
134 63 399
109 105 49
15 78 572
38 55 851
78 57 908
0 1 756
12 1 465
112 123 143
24 60 689
73 17 817
169 154 326
25 119 930
93 101 238
18 90 219
82 74 129
117 45 877
15 116 513
105 131 162
78 34 397
75 174 404
64 26 410
149 19 704
72 40 810
126 44 787
113 44 987
44 90 405
108 87 629
70 117 186
62 86 983
137 46 279
102 89 951
87 173 190
6 131 479
33 126 399
135 167 574
75 150 333
35 179 299
148 87 473
122 124 183
55 166 751
105 20 17
58 153 872
158 7 611
13 136 850
137 2 689
4 51 522
146 30 45
174 114 4
1 50 310
50 162 919
141 125 784
123 44 983
102 182 109
68 87 362
144 45 261
4 59 590
80 99 140
149 10 554
57 175 879
130 152 807
24 94 409
106 30 618
118 32 211
95 106 314
96 149 861
49 58 435
75 55 447
77 100 150
176 144 308
133 9 659
17 107 301
171 43 483
121 56 819
62 72 887
124 81 676
99 143 506
128 16 334
118 146 644
9 17 628
80 108 481
104 63 812
7 65 419
73 24 52
85 157 884
148 152 817
144 75 977
45 97 386
113 85 710
64 166 336
6 4 520
165 45 798
162 84 244
125 63 106
105 60 346
3 163 304
24 44 476
96 122 774
121 136 887
81 91 658
47 66 750
177 73 649
150 144 140
136 79 755
9 169 761
40 4 419
32 137 529
30 152 120
11 154 502
60 61 526
169 162 209
126 5 514
117 60 398
76 16 751
152 181 619
51 50 536
145 11 897
170 54 630
87 88 307
130 49 575
38 13 48
181 175 866
170 152 6
55 132 768
178 42 817
47 99 141
139 140 837
29 52 821
130 106 249
173 114 120
180 71 155
163 3 290
86 8 887
88 144 614
11 39 979
113 75 343
82 137 50
32 70 534
174 76 199
99 135 575
77 177 261
13 102 452
21 176 392
37 83 474
52 51 761
43 115 837
148 0 617
116 157 876
21 152 195
101 55 38
60 123 8
17 65 781
11 51 728
24 145 560
98 83 152
25 162 634
146 67 4
20 50 643
154 41 847
138 25 994
121 49 553
115 96 82
129 38 887
63 21 6
63 137 920
35 93 54
181 69 963
140 143 672
91 85 247
14 69 471
58 21 713
45 183 845
44 28 646
18 19 452
163 131 230
63 32 397
10 121 422
3 56 683
18 60 146
106 4 855
23 136 320
117 71 548
110 48 873
142 180 35
94 34 799
102 0 215
175 83 987
138 111 984
167 129 322
120 14 270
72 109 385
108 5 325
20 31 400
132 143 45
32 162 236
137 72 595
67 161 554
43 136 957
46 13 284
150 80 767
104 105 79
127 75 423
88 142 906
111 0 678
86 16 319
7 174 877
79 163 547
4 41 474
34 162 735
137 129 773
154 35 882
124 50 818
28 59 924
176 124 7
84 110 505
1 74 502
163 79 263
77 58 285
108 152 115
90 131 360
100 7 141
2 134 945
80 53 64
166 99 831
103 119 680
162 105 497
23 47 343
46 153 77
134 92 199
53 37 735
177 115 610
139 161 633
28 154 334
112 98 589
131 123 208
55 158 424
38 18 603
170 82 765
148 69 788
48 66 588
96 51 165
145 107 974
30 65 334
45 44 151
134 55 722
108 57 130
11 23 587
156 110 682
181 166 276
90 156 149
29 167 246
140 57 718
62 120 768
135 134 480
129 108 866
181 110 813
55 171 317
32 73 547
160 113 762
32 3 881
142 13 364
93 121 408
34 12 384
9 32 722
106 26 177
148 134 371
9 111 215
15 51 582
152 134 645
173 12 631
110 91 885
125 143 577
32 54 758
112 33 587
4 65 112
67 5 332
18 168 725
147 73 243
126 1 980
102 149 67
56 43 707
160 2 772
86 84 822
70 141 943
136 153 160
163 88 927
60 86 49
125 140 562
158 96 121
2 181 670
128 67 19
124 114 170
125 120 285
158 118 996
94 58 258
49 175 518
56 55 131
87 172 501
52 80 529
45 173 220
26 15 610
53 22 6
170 172 457
58 68 619
62 40 446
145 48 200
134 160 878
17 170 428
131 98 259
90 154 405
82 8 327
121 84 588
40 58 256
75 160 621
147 163 425
170 68 454
112 165 770
42 41 914
160 47 273
81 103 804
2 35 570
21 38 134
4 130 373
135 163 485
120 130 926
62 82 807
129 27 534
137 67 792
58 43 177
181 40 888
154 152 307
44 104 310
142 138 726
77 173 648
92 129 101
41 69 39
102 6 591
0 107 992
17 170 531
83 54 76
134 47 246
28 8 989
26 182 114
73 181 714
169 159 533
24 73 813
32 48 114
38 9 823
135 49 392
112 70 981
118 115 472
46 141 445
110 78 548
107 163 961
46 114 500
27 65 236
82 151 394
183 88 853
5 171 22
117 160 965
2 43 414
59 62 720
101 100 258
111 23 865
64 34 294
115 30 368
22 40 517
150 174 489
117 122 184
169 120 719
161 11 163
29 125 327
31 126 299
7 53 597
122 169 230
179 61 73
119 78 801
65 178 247
97 102 38
157 57 95
156 105 231
96 122 444
100 119 496
135 24 930
118 94 234
18 38 241
147 110 444
117 89 165
160 42 599
14 123 162
72 20 807
16 170 601
117 180 62
108 145 352
10 88 217
140 30 120
142 3 180
65 28 57
39 108 556
86 34 428
69 177 498
97 153 498
146 102 426
82 108 137
9 113 782
13 134 786
167 109 882
58 112 781
183 3 717
173 134 968
25 162 759
75 39 832
97 7 19
159 81 428
173 7 389
25 101 199
54 168 88
86 92 458
167 36 241
146 70 227
166 16 912
14 74 810
78 132 948
103 173 880
176 113 102
36 38 860
109 55 420
118 42 40
50 115 405
164 67 281
176 97 927
21 55 581
140 168 467
75 106 565
0 81 676
32 94 150
137 52 211
27 16 888
156 76 816
179 130 74
148 138 583
5 26 867
70 128 18
164 23 112
43 58 664
73 87 255
22 125 436
183 176 136
90 78 851
17 72 57
46 30 351
100 21 459
103 172 16
133 14 609
178 86 618
77 53 925
142 5 121
56 32 969
90 150 759
169 6 923
104 99 268
0 95 3
143 84 57
30 127 912
149 25 279
171 33 835
55 30 462
58 88 995
139 20 150
69 126 171
22 28 781
26 175 699
98 183 763
31 146 965
18 12 268
59 126 283
157 164 290
74 24 66
2 175 313
6 133 144
87 62 878
41 175 121
172 137 819
97 64 200
8 178 709
133 28 515
72 159 885
103 166 573
75 102 692
107 68 235
133 177 214
9 63 407
30 81 975
80 44 347
151 24 504
133 96 297
116 162 512
165 103 553
139 34 787
108 109 523
18 109 979
95 100 567
72 32 901
130 18 429
93 150 483
14 122 217
99 121 176
134 56 979
141 153 100
181 168 554
30 48 536
121 32 101
16 130 677
161 101 191
132 65 648
91 86 590
13 0 105
35 97 284
117 57 632
168 20 292
147 95 658
49 62 421
74 84 141
58 24 792
150 17 337
66 55 28
101 121 854
15 108 940
85 69 621
118 59 570
63 104 198
42 138 42
43 122 398
132 126 976
119 36 259
168 49 868
33 100 878
150 149 420
75 60 906
176 183 374
20 142 60
159 28 49
21 60 548
69 100 489
81 16 469
150 101 542
140 89 90
40 160 145
129 104 985
155 127 905
4 162 664
13 122 950
58 171 951
54 89 780
133 179 385
183 165 408
172 39 437
24 162 876
68 139 783
72 163 806
48 14 426
111 10 674
134 68 329
49 91 891
127 1 978
144 114 871
53 3 40
143 83 579
11 68 28
127 25 568
161 93 142
89 110 674
95 147 893
94 155 540
95 121 663
119 135 879
59 41 475
28 90 439
175 68 251
84 172 930
126 0 154
28 19 579
149 168 363
126 182 629
168 39 536
114 58 674
153 164 615
131 124 623
165 112 656
59 69 890
163 87 580
168 125 831
6 91 876
112 134 204
6 42 115
105 165 763
97 20 523
159 97 474
6 90 149
23 135 142
160 157 763
166 117 116
100 87 42
114 66 623
183 121 457
132 167 758
174 157 135
60 47 932
70 14 964
102 169 329
157 116 656
14 22 842
103 4 473
107 121 731
7 69 235
170 89 311
41 119 584
149 142 669
147 4 747
93 57 791
114 14 611
21 133 608
28 116 958
176 149 535
178 135 471
138 106 284
85 172 526
163 114 937
124 105 236
21 25 765
147 20 259
166 5 853
127 60 31
20 163 180
144 28 185
141 83 873
147 111 696
97 126 375
60 138 821
142 26 749
103 31 70
78 133 165
24 101 538
137 146 581
158 16 14
112 175 921
67 59 258
171 3 228
82 83 51
118 146 657
173 164 576
40 2 953
160 3 312
156 55 339
138 97 290
4 119 521
74 173 305
16 1 356
111 116 468
38 110 249
75 123 601
8 103 6
120 125 382
137 23 358
61 20 36
38 120 428
51 22 487
86 167 931
62 98 781
41 126 940
54 157 251
154 117 686
41 80 203
98 83 488
115 4 191
177 18 480
136 8 253
104 111 562
5 54 581
182 80 184
166 102 597
32 83 867
67 8 914
119 116 618
155 4 225
108 7 536
18 33 973
56 23 385
169 33 925
167 160 161
15 0 10
179 166 150
123 175 549
3 109 878
50 57 884
2 98 804
4 73 639
31 136 536
71 67 672
146 178 266
101 175 565
73 57 504
143 129 517
133 132 76
23 46 841
35 182 670
132 148 978
67 36 471
176 96 626
21 134 385
1 73 832
133 156 711
75 108 267
31 101 112
144 4 973
87 138 838
16 11 491
82 137 306
22 65 178
160 32 275
66 56 856
98 178 471
50 67 20
80 5 13
103 105 69
82 168 35
84 59 463
54 17 691
9 71 531
76 142 555
33 6 896
4 6 906
123 160 388
179 157 111
146 123 768
129 59 826
87 93 187
128 26 251
165 32 966
170 179 677
99 123 840
21 89 299
4 121 918
53 131 629
132 26 640
89 138 690
106 61 750
138 152 121
74 133 802
64 41 302
140 124 174
175 99 660
157 140 511
84 105 294
88 141 537
183 129 741
70 20 538
77 55 19
39 34 394
106 182 34
84 59 290
119 106 414
51 26 98
161 61 982
178 125 774
36 133 319
87 95 396
166 3 621
167 77 812
5 34 164
134 64 44
75 150 414
183 147 228
138 82 962
122 34 539
128 181 934
11 72 297
33 133 68
69 38 848
115 77 295
70 33 709
91 118 129
31 99 972
168 157 824
100 23 680
89 37 138
46 148 849
128 175 446
32 128 942
78 57 290
67 44 176
39 60 15
121 150 898
102 41 679
6 132 413
46 66 223
48 125 99
164 135 645
97 55 736
152 37 587
115 139 649
136 73 771
153 61 425
177 136 778
14 74 12
31 164 949
151 11 584
64 38 579
172 143 762
116 143 113
26 84 192
69 177 41
170 117 298
99 56 166
174 160 391
159 150 851
122 140 898
126 102 270
110 58 356
21 123 56
139 43 945
113 179 597
89 15 796
101 102 295
12 45 826
160 101 194
172 66 450
2 124 588
168 1 71
95 57 11
68 12 234
182 107 350
178 2 214
97 131 966
54 176 457
143 69 133
30 45 706
42 13 131
21 180 971
7 9 88
80 42 768
39 75 221
7 59 577
61 63 156
52 138 788
6 8 87
181 104 775
63 137 537
146 31 120
151 176 261
77 148 415
9 168 126
117 114 537
72 26 888
46 64 692
120 178 860
104 143 86
48 152 195
55 22 758
71 142 240
109 123 414
147 102 180
148 153 182
28 170 209
10 149 932
68 148 315
39 165 814
60 18 26
137 83 306
73 32 654
47 168 375
88 76 249
180 140 408
47 100 590
96 103 135
116 181 325
10 84 967
150 89 467
159 126 622
165 146 69
73 149 583
47 158 858
112 167 589
176 60 653
17 145 145
97 1 559
77 106 99
27 155 252
26 141 817
35 95 86
109 141 964
67 109 296
11 168 932
179 50 933
183 99 191
173 44 906
31 161 202
13 79 76
154 31 732
145 90 685
148 46 664
134 146 860
155 124 255
177 90 434
154 138 846
32 72 398
81 69 805
47 12 615
174 23 448
168 32 603
1 110 673
69 21 485
146 66 74
131 118 362
57 29 634
111 25 888
51 140 125
55 100 591
123 98 476
51 13 609
5 92 352
164 30 479
153 19 353
178 181 583
157 19 69
163 2 848
71 149 691
71 47 692
67 9 418
86 10 86
26 84 303
44 2 515
27 124 457
119 78 897
82 27 281
60 95 143
161 30 589
77 178 18
39 55 959
43 75 39
166 22 281
136 0 213
118 157 748
11 110 668
106 24 438
78 26 265
62 171 187
89 171 180
14 175 121
181 168 955
156 164 717
173 116 617
117 153 535
72 9 513
167 141 208
54 49 962
168 98 886
70 113 675
65 100 172
4 14 795
37 145 977
6 71 116
51 23 28
8 6 56
10 71 648
63 97 47
115 74 807
22 120 732
66 14 642
43 133 406
61 82 770
92 140 296
52 127 840
114 141 252
19 55 59
139 121 238
116 117 95
116 0 570
34 46 835
138 119 533
168 133 177
89 80 879
59 3 720
82 45 14
39 71 9
122 116 577
43 117 269
37 38 565
65 95 682
98 52 217
24 163 760
57 125 283
158 85 619
39 155 580
9 84 671
81 122 695
29 147 33
25 37 372
48 156 222
75 71 597
68 94 768
117 47 629
30 82 833
172 164 174
173 164 967
115 100 772
4 183 354
48 19 223
172 180 216
34 58 323
17 160 599
166 33 782
179 59 890
149 80 160
109 36 178
169 82 894
183 67 947
119 155 659
65 96 661
58 32 835
98 111 389
26 70 47
113 119 769
129 136 616
180 170 219
93 35 304
32 167 834
155 25 197
136 134 672
27 153 635
134 166 587
126 18 542
40 32 989
79 66 652
48 148 704
9 150 359
46 113 212
125 64 730
116 17 125
23 143 211
175 97 919
132 61 574
8 15 146
58 21 195
148 5 622
167 101 33
158 58 319
164 49 972
159 152 857
123 50 99
86 19 467
153 90 952
176 45 555
74 3 792
112 35 348
178 171 822
3 19 390
109 81 301
92 172 788
11 40 981
23 2 881
112 6 81
41 36 376
157 91 84
108 154 187
159 131 536
14 18 764
126 31 837
97 28 51
30 38 9
128 138 887
20 113 751
24 105 629
181 39 482
157 127 514
118 144 8
7 2 587
139 149 762
89 50 370
141 11 758
66 133 746
165 43 262
144 179 144
81 88 568
87 55 623
56 7 897
156 36 527
43 176 935
76 143 3
50 54 267
159 141 701
10 67 46
76 47 164
106 32 781
89 113 115
72 56 940
15 157 927
110 33 157
114 112 776
123 155 728
181 96 666
172 68 231
165 11 502
116 131 335
64 154 663
107 18 649
141 175 506
107 176 317
43 130 246
98 59 48
57 34 811
152 117 654
134 149 952
83 89 230
90 7 410
137 107 944
79 106 153
26 166 903
151 98 891
149 121 474
83 49 691
112 109 973
165 123 597
13 120 329
177 114 386
182 172 994
164 58 517
57 138 677
83 139 976
16 39 47
64 153 727
96 47 577
121 24 502
162 3 569
123 47 736
105 5 543
108 62 301
31 86 579
86 113 498
150 123 106
60 75 584
132 112 286
143 75 125
0 138 439
135 92 95
132 112 613
107 93 798
53 64 99
31 106 569
93 62 285
160 10 479
94 145 448
46 166 517
160 104 577
127 18 947
164 26 651
8 128 7
94 44 418
115 24 29
2 84 117
101 151 635
95 25 661
25 110 84
30 67 714
59 123 608
20 90 726
78 13 180
129 106 454
12 46 764
117 1 418
103 122 244
70 44 99
73 136 462
86 139 242
40 58 872
102 152 240
27 42 253
50 125 740
75 54 619
49 26 957
97 130 108
91 43 51
83 50 171
64 1 570
59 84 287
152 129 430
109 63 817
79 57 582
154 73 70
21 57 109
164 122 635
152 30 364
138 137 116
121 72 231
151 101 232
18 106 79
30 43 404
56 149 249
128 121 199
96 149 647
22 13 255
138 31 417
3 78 948
118 95 76
111 31 45
4 129 552
120 49 713
134 164 584
119 50 447
43 173 253
173 77 341
144 180 634
35 150 991
160 26 894
172 117 675
31 85 957
87 152 108
109 132 1
150 174 610
152 79 719
66 113 180
150 175 200
90 138 125
93 107 30
156 171 471
75 127 499
93 167 326
183 72 646
109 86 540
82 7 255
30 47 524
162 130 462
156 176 708
114 100 227
110 41 973
139 112 673
80 123 953
75 62 964
26 77 866
156 121 784
30 33 361
25 130 550
118 70 599
55 140 165
16 82 764
24 31 90
151 24 588
7 98 539
38 29 423
19 83 694
115 169 595
51 1 506
148 12 476
77 153 447
88 37 813
111 135 471
56 33 871
65 82 291
103 26 147
34 56 961
71 134 14
60 165 587
180 83 359
28 13 247
74 131 965
89 148 622
29 152 77
160 50 149
178 152 773
93 101 288
180 66 753
11 140 998
5 42 664
82 114 201
49 61 86
105 20 363
92 170 826
112 37 330
79 127 312
61 67 842
68 96 182
157 123 409
26 166 807
117 11 443
53 158 362
134 165 621
76 151 689
88 111 308
58 80 426
126 101 685
162 89 515
7 47 165
77 73 230
116 155 914
31 168 732
128 123 806
30 177 792
66 116 741
131 102 157
162 115 981
104 162 901
24 147 587
160 44 777
89 32 821
72 169 918
96 55 36
90 95 925
67 42 8
20 34 810
35 177 858
10 118 741
171 21 453
124 84 747
168 89 551
95 120 675
138 41 94
111 59 707
30 172 687
96 131 324
77 30 176
101 99 674
23 28 612
9 104 337
1 50 302
28 82 263
85 180 160
152 3 807
131 88 136
26 150 975
18 103 396
165 159 780
148 37 837
78 173 590
56 148 423
11 15 558
17 81 377
155 100 447
151 103 402
22 23 586
16 8 592
178 118 443
5 71 455
50 113 277
134 3 57
123 149 403
152 80 994
53 155 499
21 127 326
96 95 803
48 37 24
169 23 26
19 129 352
62 79 421
41 52 91
81 36 818
85 147 696
49 60 189
20 85 56
22 104 980
82 158 712
66 63 735
149 48 607
174 159 564
179 158 321
80 13 11
143 163 296
89 54 900
87 44 382
41 148 793
101 93 862
128 137 334
133 51 567
92 2 662
139 74 501
156 67 254
19 50 680
20 105 658
33 44 263
32 140 538
147 177 408
59 134 92
104 162 621
11 181 704
132 91 550
88 176 597
62 15 280
125 63 114
158 151 438
38 165 965
44 122 790
52 51 288
39 20 11
140 64 284
31 78 785
34 107 106
18 152 861
138 102 248
19 141 907
6 182 560
87 12 161
103 96 175
84 30 726
69 65 232
77 55 920
84 58 729
96 103 407
61 81 579
92 4 280
180 50 212
23 169 443
140 102 309
47 42 872
91 76 253
11 40 945
170 26 544
86 112 600
8 17 223
58 67 382
129 80 796
72 162 886
57 120 722
113 174 943
6 119 653
15 35 283
130 172 858
179 122 968
102 158 65
94 80 548
89 44 954
168 5 891
86 59 748
21 70 285
88 177 789
121 20 525
120 124 370
61 136 776
168 91 327
96 34 722
23 7 425
183 0 653
111 164 413
29 91 928
158 45 600
13 112 994
55 61 447
124 114 745
26 2 480
100 125 994
74 55 991
107 147 713
130 120 821
65 88 562
133 88 560
39 134 478
87 146 393
15 169 622
56 55 917
55 81 823
149 20 614
122 2 833
67 163 937
25 164 718
64 77 663
157 118 386
158 101 201
124 38 535
29 160 537
42 90 580
7 12 696
158 64 552
9 62 896
8 40 757
32 72 656
10 122 527
13 67 87
160 8 958
167 149 160
159 136 875
97 101 14
178 85 241
107 3 108
51 157 489
2 173 422
126 107 756
122 14 304
149 6 967
49 114 871
179 54 689
109 40 762
68 90 277
51 34 678
58 16 675
113 178 621
143 131 401
4 157 217
158 129 479
61 163 47
106 88 760
163 145 629
138 83 702
98 24 137
41 58 356
23 40 674
61 133 84
156 95 385
83 3 788
18 135 730
3 24 547
56 101 3
101 1 164
163 125 634
59 47 321
175 80 77
105 106 315
33 77 584
81 20 522
47 121 833
162 79 931
139 121 715
63 117 290
161 65 405
46 3 425
85 20 296
101 37 594
150 103 630
104 134 753
84 99 777
43 6 277
131 28 3
120 42 364
98 168 321
31 139 119
60 12 318
176 159 945
116 132 755
87 52 298
173 33 236
101 18 862
9 72 265
181 123 917
164 69 589
32 137 498
76 160 337
154 3 579
51 172 463
175 51 656
2 11 354
40 111 124
89 132 460
35 136 569
98 108 473
167 10 418
138 147 488
19 118 564
4 30 382
175 92 612
130 124 501
102 25 595
178 42 4
18 81 80
147 45 110
110 168 905
165 83 904
28 58 290
21 41 459
180 70 284
57 96 766
117 157 112
96 121 358
31 102 706
77 89 961
96 32 559
34 170 980
84 125 659
90 118 683
178 25 787
132 85 82
140 155 594
133 120 98
136 104 958
10 173 14
149 61 948
57 152 426
145 41 657
158 26 125
79 146 546
101 100 605
42 40 454
88 36 383
126 7 643
47 112 716
153 170 662
156 75 981
0 42 3
179 97 200
128 109 495
64 131 563
45 72 335
10 141 506
162 5 902
8 173 199
4 11 714
171 80 83
148 59 283
128 79 45
46 92 169
80 104 897
171 75 995
53 141 613
82 41 697
181 160 79
3 97 295
144 81 163
88 131 163
164 178 888
166 177 370
121 93 698
169 79 581
125 158 544
11 112 144
157 26 221
132 167 929
21 80 407
110 75 658
155 64 42
60 100 92
53 102 435
69 180 623
112 117 140
30 130 884
76 119 936
122 115 709
165 122 573
119 40 555
68 112 63
147 32 838
50 88 798
178 107 715
157 97 617
167 11 478
34 138 132
16 54 599
169 85 670
164 36 777
146 68 512
153 48 792
124 7 255
75 173 826
63 168 905
63 122 721
158 64 540
76 41 14
116 57 305
98 164 378
48 117 378
109 168 952
77 144 778
167 59 128
48 126 701
165 10 126
50 75 964
2 105 886
106 130 790
39 157 289
52 78 389
83 160 708
181 86 585
34 163 826
5 1 860
77 53 4
46 77 502
5 92 889
63 120 108
171 109 22
131 10 18
183 181 856
100 89 25
19 151 457
167 66 242
171 90 805
61 152 448
125 103 305
174 173 692
154 134 692
97 125 24
45 137 224
125 59 769
19 157 299
156 79 672
44 42 268
153 148 186
70 108 296
170 122 141
134 111 968
145 8 758
78 77 366
55 11 627
93 0 327
129 86 206
171 161 773
45 125 492
67 13 154
166 121 981
46 59 864
104 171 960
149 92 66
32 21 912
40 166 16
137 165 169
60 172 641
32 119 774
67 156 158
94 63 699
173 17 746
143 43 355
58 164 127
82 92 766
1 108 744
55 135 839
164 118 440
118 153 665
31 166 428
122 125 639
162 116 322
116 94 468
158 114 496
140 31 749
42 48 135
100 71 281
24 132 392
22 132 896
115 93 307
93 32 344
104 41 128
41 31 770
1 172 334
106 167 60
68 77 784
140 112 794
99 30 582
158 155 926
86 43 643
20 42 926
135 103 922
21 26 885
13 85 919
166 156 688
102 30 426
17 136 191
10 16 759
107 76 569
11 175 387
70 154 944
77 59 59
8 77 830
159 25 143
91 170 990
126 84 73
167 154 894
167 74 425
22 149 981
16 151 124
111 35 893
175 124 358
82 63 629
48 85 746
172 22 96
112 164 736
31 152 229
171 28 691
83 15 110
12 6 709
150 128 387
142 9 613
6 88 63
106 15 413
48 21 610
64 182 693
103 125 932
171 64 601
43 69 711
171 178 175
52 110 347
13 155 512
56 174 634
145 4 542
31 0 325
63 181 963
124 154 717
1 115 343
135 62 598
99 7 376
137 65 843
113 134 695
79 177 40
129 81 188
183 126 327
62 3 356
50 23 804
119 165 938
61 50 86
175 102 705
33 64 558
87 4 362
79 135 195
0 24 282
178 44 637
56 112 931
170 36 775
59 50 767
118 57 828
46 183 185
123 0 690
73 132 198
70 170 440
69 64 682
48 18 354
23 110 792
43 137 302
16 180 339
42 75 558
5 154 989
71 69 857
119 43 368
137 150 110
71 93 804
68 8 381
7 80 721
82 136 809
159 129 778
144 88 274
91 52 488
143 33 492
123 135 139
18 109 216
104 75 527
18 117 100
96 30 966
157 98 868
6 86 560
143 148 127
168 51 890
167 102 821
105 78 765
150 108 724
176 172 630
166 170 853
136 80 918
3 0 548
3 109 430
143 62 743
44 26 609
42 25 165
92 86 553
68 61 970
73 58 821
98 10 514
119 87 607
80 37 64
75 158 407
109 146 265
7 41 560
33 163 870
40 92 862
73 154 10
75 35 655
178 172 383
123 64 122
158 125 992
9 142 565
131 143 271
119 53 759
84 159 383
141 69 681
126 22 497
74 73 673
64 174 9
12 100 197
72 36 614
105 112 856
19 85 461
98 28 515
57 137 315
97 12 740
104 31 117
82 105 702
161 105 654
165 47 538
40 160 884
108 9 213
40 67 973
179 31 700
100 151 426
97 25 154
33 87 851
81 75 919
15 47 53
11 21 913
4 159 999
44 15 431
37 60 244
168 44 699
86 6 771
24 136 406
155 98 162
110 157 353
159 62 70
116 141 889
141 114 660
57 58 13
54 132 798
5 173 900
102 69 936
127 24 140
116 31 215
18 70 629
128 98 308
69 113 360
26 30 360
63 72 628
16 44 823
107 30 178
97 16 80
9 37 107
156 28 39
67 76 164
109 101 813
74 60 249
101 21 527
168 138 876
62 138 861
39 170 640
60 6 404
9 116 972
76 107 251
93 5 735
162 122 900
181 39 462
157 162 439
74 150 282
168 74 67
2 49 500
30 164 338
119 33 958
15 180 90
86 157 405
51 147 413
34 179 466
77 85 493
87 136 475
4 95 998
97 175 671
165 154 472
143 84 457
181 94 934
43 118 744
129 100 574
71 174 698
97 131 593
120 2 238
15 112 855
156 125 13
10 75 683
129 143 395
174 86 780
64 90 484
49 19 748
145 94 679
140 25 522
72 63 722
38 141 240
50 182 287
21 61 784
76 6 372
108 90 806
12 25 329
58 63 878
92 14 377
179 35 267
183 79 197
91 85 987
6 100 939
34 176 450
178 154 351
99 102 914
100 108 879
129 10 50
20 46 288
183 116 89
74 83 312
39 52 51
119 27 866
178 37 558
30 139 551
6 92 559
148 34 19
120 56 568
145 26 711
80 144 898
177 105 641
181 157 791
74 64 860
100 29 942
150 172 700
114 53 280
107 179 667
91 89 797
175 137 122
99 160 128
180 88 252
89 73 419
36 39 469
32 93 700
99 8 964
25 37 664
12 99 447
142 12 849
30 173 959
49 175 608
63 128 310
97 55 397
24 121 230
20 158 275
73 26 226
46 137 240
128 125 829
106 139 566
181 139 199
33 75 168
33 168 654
120 71 113
160 25 986
32 38 825
127 53 894
108 114 741
33 93 506
175 87 939
77 155 792
182 11 38
140 132 719
148 132 659
103 42 832
10 50 270
110 170 783
146 113 126
152 49 13
59 37 180
183 171 11
56 1 98
49 29 569
27 51 851
0 125 13
66 142 5
103 99 520
120 151 871
154 34 785
56 102 422
128 23 914
65 125 266
159 170 812
21 43 872
34 77 270
127 162 300
104 94 13
144 118 205
15 75 596
15 84 416
11 71 767
30 137 528
97 17 846
43 6 50
48 149 273
176 151 691
174 129 555
57 157 751
136 132 867
0 89 344
137 144 240
77 52 365
146 97 181
182 159 139
53 62 989
8 41 593
27 36 220
168 8 669
6 106 153
99 18 263
8 38 844
56 127 484
166 126 770
21 24 899
81 42 685
119 91 302
97 121 724
111 94 238
149 65 116
167 66 677
133 107 796
41 46 172
182 93 504
182 18 389
178 146 633
167 40 361
112 167 301
142 117 682
2 179 799
12 8 828
58 77 712
145 103 509
173 180 400
79 155 403
152 140 735
50 119 549
156 62 185
139 157 326
108 132 909
70 63 131
168 0 909
177 51 672
80 42 239
16 0 894
127 182 361
145 32 150
113 151 614
124 118 102
98 96 765
142 62 564
155 30 362
3 21 693
133 134 610
80 163 948
12 91 375
133 46 695
84 113 245
83 182 679
135 144 398
44 145 299
47 36 440
165 157 89
63 25 827
148 119 458
178 33 665
37 132 668
29 48 271
104 76 253
76 40 400
16 148 653
143 75 945
151 103 980
33 66 897
70 21 725
118 178 966
126 30 665
150 84 715
138 106 552
107 85 714
127 2 99
1 94 924
143 16 353
110 3 266
142 83 135
11 162 2
94 154 782
180 182 768
12 65 18
115 65 855
132 124 175
19 26 770
124 111 490
96 74 890
145 81 153
68 165 200
91 117 691
51 11 413
132 116 841
29 120 96
60 2 885
22 137 448
115 32 348
137 5 847
56 147 987
93 132 352
135 77 339
174 49 230
132 44 720
40 91 340
180 72 267
10 49 230
21 113 682
98 47 149
70 149 658
90 58 986
78 104 601
122 147 360
120 36 693
39 121 465
122 6 145
91 96 675
31 13 430
110 98 28
172 60 715
58 22 137
164 97 818
180 84 586
82 109 116
68 167 834
143 71 288
36 49 566
138 182 699
81 29 347
143 87 254
101 172 17
45 177 606
65 83 247
135 127 317
12 76 834
176 103 135
137 128 896
91 88 77
162 182 254
49 176 96
98 15 269
96 60 962
42 136 877
166 9 718
63 4 392
178 78 85
99 88 940
40 67 850
33 65 755
31 134 943
6 91 665
182 179 379
177 110 536
82 16 727
179 42 966
118 75 504
1 23 668
179 32 21
157 111 749
14 75 794
167 7 446
74 132 847
64 22 884
9 84 895
151 89 529
122 54 680
27 119 797
140 170 818
92 103 242
154 29 864
176 105 109
128 116 86
156 11 95
112 127 550
116 33 752
89 114 530
29 130 830
136 165 834
116 72 877
133 131 471
80 16 158
9 138 758
125 11 707
120 33 309
160 158 125
174 154 157
118 84 824
115 2 276
70 128 806
178 44 779
6 142 537
77 22 543
45 67 773
150 147 811
141 142 867
113 7 667
141 75 410
101 167 599
89 30 317
22 81 174
166 67 800
111 179 898
7 132 536
101 71 587
68 77 471
2 106 329
138 120 501
181 70 866
41 120 397
61 76 832
116 11 434
98 121 805
139 57 717
111 167 24
160 76 640
124 81 734
116 81 458
141 3 30
137 52 651
84 0 812
32 110 36
130 174 839
177 98 495
153 66 749
126 46 644
127 145 974
49 153 243
8 176 302
102 142 807
131 133 119
81 109 6
105 81 686
171 176 284
52 166 653
171 45 835
37 14 393
110 170 146
147 155 736
170 115 362
133 97 417
7 51 587
14 70 867
74 56 60
118 50 808
168 176 830
135 46 593
155 75 746
8 79 840
104 172 85
59 119 471
38 40 276
94 152 852
153 134 291
174 123 748
28 166 321
159 27 592
103 116 615
51 72 612
39 113 896
130 169 835
94 108 659
0 181 188
30 111 586
24 93 598
150 67 643
110 10 687
41 31 329
3 149 525
150 134 460
166 148 95
166 52 601
85 104 915
66 62 994
47 169 423
39 64 914
3 179 899
98 89 76
69 166 148
178 28 943
47 16 241
97 106 896
12 131 868
59 84 247
52 125 255
151 146 390
99 119 255
169 175 69
3 30 772
140 152 282
132 70 945
11 28 318
12 23 776
9 163 810
16 155 305
109 41 294
161 65 459
180 152 74
160 76 571
5 87 271
36 136 995
72 6 280
103 17 833
43 40 496
121 158 261
15 150 759
20 153 704
1 57 934
5 46 787
86 8 380
51 49 262
25 26 570
148 136 372
155 104 56
84 25 9
172 66 151
82 140 611
149 95 457
132 54 123
157 9 550
170 126 974
24 22 129
31 38 873
170 70 976
130 166 135
59 125 881
88 51 354
155 71 607
135 18 815
113 82 347
56 167 932
25 79 473
92 18 383
73 28 570
26 39 82
101 179 26
92 127 689
114 78 383
40 96 930
124 165 917
121 160 948
22 153 489
63 132 794
75 58 560
133 41 502
114 82 161
142 47 266
4 16 105
30 113 906
7 66 553
37 171 181
92 95 496
14 128 937
112 75 928
8 123 736
127 129 802
135 178 429
169 32 420
99 32 52
42 13 264
61 44 129
24 53 811
144 142 984
179 109 82
46 137 453
163 54 318
132 42 23
40 112 211
12 168 117
183 19 588
73 91 857
107 11 443
131 61 106
64 104 752
84 50 221
70 160 787
77 121 450
113 171 623
103 64 539
103 121 416
121 177 641
33 45 737
26 66 32
162 159 688
36 119 793
40 67 370
139 36 482
14 19 994
168 175 414
141 38 918
141 79 651
7 30 861
81 42 962
126 103 590
45 175 546
95 77 679
134 152 408
132 142 706
24 150 204
40 13 928
44 92 949
49 33 395
33 15 273
18 132 203
94 33 241
174 161 268
47 145 491
4 72 392
120 44 956
173 39 694
123 56 857
10 154 898
170 158 651
63 70 870
151 65 57
147 115 112
129 23 66
163 73 237
75 58 43
4 31 874
48 1 29
93 101 811
114 19 186
70 136 610
38 168 728
47 105 920
123 30 518
40 161 220
25 138 429
111 130 727
146 78 772
9 164 547
80 56 819
52 19 816
84 47 718
125 158 186
78 64 892
94 176 465
178 154 919
67 46 820
154 29 776
97 59 898
158 123 606
80 165 689
138 148 486
142 63 915
169 138 539
179 144 926
183 77 937
86 114 699
46 18 823
85 58 127
76 100 375
52 48 527
39 49 630
11 13 499
24 98 782
174 26 444
157 85 607
82 103 948
51 12 72
24 180 891
127 15 572
23 129 466
180 119 509
142 125 647
72 143 420
66 148 259
168 157 528
99 153 628
91 52 669
157 53 994
159 48 482
146 178 974
115 134 183
134 88 505
104 9 676
105 86 445
107 34 803
157 26 444
4 77 113
69 89 794
78 113 507
51 70 92
144 180 600
166 18 575
167 149 418
170 42 380
107 109 424
176 147 128
177 73 435
98 50 212
87 155 76
107 122 905
25 53 799
150 122 752
92 109 86
81 20 531
112 155 920
146 178 260
104 182 265
1 24 440
21 17 754
47 19 102
90 82 863
172 25 472
119 83 993
39 47 807
110 64 378
76 181 295
146 76 405
151 12 400
154 33 263
27 91 732
143 177 105
117 161 670
182 124 524
80 145 791
55 43 347
102 66 642
139 117 178
121 3 70
65 39 501
99 143 839
146 33 207
45 182 662
134 67 986
73 50 497
100 39 219
73 28 474
175 103 444
131 109 126
153 30 115
149 82 962
181 182 841
142 10 276
89 102 98
11 108 627
54 72 86
87 108 687
112 165 556
19 82 421
9 173 572
171 172 357
143 103 925
29 99 46
15 40 494
108 111 457
93 170 767
4 160 402
57 142 844
37 82 384
148 37 529
164 27 220
146 26 49
122 24 771
111 3 739
64 38 45
2 22 24
142 52 713
136 145 367
132 136 975
162 120 789
64 144 952
48 8 769
129 73 845
142 62 359
140 102 472
79 136 1000
122 38 634
92 56 451
107 133 733
83 123 309
122 0 668
124 97 996
95 52 615
62 123 817
31 174 316
128 97 542
46 58 24
111 104 668
16 35 420
179 10 258
89 55 362
74 169 32
174 66 820
127 6 315
26 83 305
178 37 221
130 92 146
71 169 982
159 109 748
60 125 846
36 28 317
92 160 840
158 31 372
152 9 321
171 170 390
36 70 928
102 45 951
176 77 676
53 76 690
109 167 477
134 149 260
82 72 27
45 114 455
175 171 578
141 144 107
2 168 502
116 128 506
103 48 206
151 56 432
40 155 64
142 141 202
169 77 112
152 131 676
161 93 364
11 114 348
134 151 927
143 148 904
137 43 161
134 94 250
35 50 959
41 48 655
140 81 124
5 126 962
179 53 887
128 174 463
54 180 991
81 158 788
146 158 768
73 66 937
97 17 699
49 111 277
41 149 141
65 136 603
62 103 857
86 74 103
144 57 803
134 138 442
162 120 442
84 139 857
82 47 938
28 35 686
8 150 341
140 118 886
137 122 429
178 17 142
46 126 255
103 13 474
121 0 743
125 169 534
41 145 769
127 95 858
11 63 921
19 11 334
137 149 245
87 39 898
34 182 739
130 67 518
65 177 615
11 174 305
173 8 806
71 161 428
78 77 396
138 93 903
122 179 587
67 102 232
122 16 825
159 98 927
116 78 588
137 164 166
150 11 35
54 92 216
97 121 172
58 169 131
105 148 238
75 54 102
11 101 379
10 15 683
80 94 621
62 133 345
20 10 757
67 77 379
20 164 588
120 94 433
131 136 961
176 137 689
109 173 422
115 3 940
148 121 751
71 42 904
50 175 971
174 134 53
40 75 28
46 45 156
91 77 3
72 31 592
168 132 202
179 36 633
88 24 905
18 66 483
68 130 509
131 140 872
44 42 964
154 24 516
29 166 48
35 170 228
85 101 767
118 52 967
109 126 158
82 84 551
134 73 476
34 182 354
102 8 805
48 139 669
174 79 134
175 133 511
183 157 557
80 69 3
2 140 189
9 125 237
18 41 232
38 48 557
141 61 525
12 65 740
74 12 378
181 163 898
72 75 999
180 179 259
90 181 551
128 30 21
77 140 432
183 79 24
89 116 709
171 153 954
87 46 415
152 70 900
176 16 543
21 113 739
52 129 234
169 94 216
133 68 337
172 71 597
155 96 546
21 80 800
50 35 995
142 67 290
80 99 36
145 146 274
94 155 996
135 37 797
149 28 592
21 179 995
78 124 208
20 68 269
60 44 780
108 133 486
116 182 325
26 151 567
135 138 722
181 157 914
12 81 624
132 8 355
17 104 368
140 175 488
110 148 182
40 25 279
74 29 18
14 157 16
133 19 654
5 66 431
147 80 493
104 26 995
80 143 836
7 167 817
54 180 548
118 5 453
167 56 279
162 167 162
38 96 577
9 165 966
14 17 50
86 121 621
74 91 156
144 7 187
113 36 677
121 139 237
169 44 906
143 8 336
43 18 371
30 125 718
150 128 55
3 119 642
4 63 58
134 94 562
0 76 647
144 85 43
104 58 567
125 171 80
89 17 811
156 133 981
143 11 942
39 86 672
169 55 899
37 98 297
182 78 707
80 74 34
174 41 296
173 170 297
129 76 976
11 8 140
163 152 564
167 5 625
114 121 804
170 134 819
58 156 504
90 65 341
113 65 691
100 28 705
151 148 240
178 5 899
33 29 464
28 99 966
34 142 174
87 136 856
139 138 181
110 28 546
137 98 569
166 14 895
99 96 987
75 161 582
120 128 121
75 159 206
85 73 130
165 180 827
142 122 728
57 124 467
162 120 990
143 145 187
29 76 568
25 23 604
108 49 972
35 177 637
134 63 612
55 61 827
122 137 424
30 110 676
175 108 438
59 166 139
43 108 506
53 94 219
86 67 820
123 142 283
137 39 206
131 179 164
96 181 326
144 129 819
4 48 922
152 133 942
53 78 292
110 73 561
148 150 233
130 69 355
142 125 586
39 157 825
145 142 372
78 109 983
13 32 897
44 124 41
178 72 367
17 0 848
128 125 303
169 135 830
140 183 87
183 118 532
1 63 30
99 80 197
179 43 264
141 84 479
170 160 728
97 150 440
132 52 996
56 24 567
69 0 797
148 66 972
36 181 223
130 19 758
153 113 972
124 10 813
130 114 903
93 88 339
129 117 38
120 140 718
24 32 848
183 169 262
38 30 481
18 151 751
39 96 37
130 50 102
68 41 232
45 140 492
80 152 171
149 54 681
98 47 48
21 97 824
24 54 696
108 93 519
178 80 806
121 141 643
91 154 120
160 87 747
128 30 597
79 30 494
74 47 23
51 43 408
159 106 564
60 64 905
104 29 234
91 57 52
126 62 284
182 128 270
23 22 39
169 135 12
130 0 304
1 70 21
72 179 541
166 143 908
53 87 806
51 9 252
88 19 990
18 38 456
27 84 978
20 35 818
22 127 240
130 128 380
37 143 954
157 69 447
81 165 19
21 87 628
54 36 973
100 69 67
55 144 557
170 43 130
74 153 597
49 52 816
32 8 56
144 43 762
38 182 748
80 100 598
51 139 764
162 130 227
19 1 948
68 54 139
7 87 457
38 166 557
108 92 878
69 25 523
106 43 644
178 11 585
134 52 181
54 86 395
54 90 610
180 173 722
134 119 219
149 31 461
96 147 163
99 106 974
118 139 650
119 0 840
27 120 989
78 94 656
49 22 798
7 93 799
97 25 177
95 121 509
53 143 581
172 107 891
179 164 851
20 4 250
40 87 394
100 123 527
166 59 362
164 9 903
115 164 70
105 120 903
175 11 38
178 137 346
51 180 93
31 25 197
8 12 881
72 7 690
110 89 753
159 161 208
48 138 598
162 26 270
161 110 656
155 140 794
33 87 558
93 145 562
168 165 745
62 172 166
123 10 610
90 135 342
135 107 429
23 161 404
79 25 18
84 143 499
157 98 841
74 95 106
142 15 163
59 113 418
96 2 928
68 16 312
48 10 606
172 107 867
34 60 806
113 146 182
41 3 21
111 171 271
27 156 72
100 11 989
31 123 120
139 81 883
104 49 471
34 48 792
71 158 270
177 75 90
56 68 724
115 157 422
78 23 23
131 128 309
136 114 230
118 46 790
92 136 381
159 14 618
108 38 127
0 124 758
66 29 482
149 48 886
141 135 981
73 43 473
181 4 924
137 0 912
73 50 44
155 24 556
156 35 133
167 162 228
125 141 2
120 40 141
179 22 560
10 2 705
80 113 611
167 11 136
43 2 805
144 68 864
145 82 36
99 6 134
41 107 701
61 98 113
16 101 475
17 135 563
163 47 304
73 147 299
129 94 35
163 99 403
42 14 955
8 119 656
44 52 919
117 11 489
161 31 455
53 128 395
1 34 93
116 21 29
52 136 204
146 11 39
73 148 594
6 79 745
29 57 20
160 132 110
8 115 756
147 45 767
153 70 955
95 24 162
22 126 795
78 92 962
127 31 652
90 4 700
140 31 553
151 119 230
73 141 855
130 124 847
131 78 42
48 173 838
140 52 798
100 175 79
128 133 310
106 21 113
113 120 127
24 45 804
155 136 729
3 121 569
39 29 947
88 3 957
55 39 76
15 104 145
112 111 684
2 70 419
139 3 100
33 176 625
8 162 125
91 84 884
150 130 305
180 151 425
69 79 427
58 170 184
105 96 538
26 170 878
177 29 953
157 62 771
166 123 61
136 102 133
75 112 857
179 124 8
54 18 563
29 140 963
28 88 630
47 103 423
120 178 49
37 162 893
174 145 822
100 22 546
93 150 225
94 99 618
7 130 612
98 158 337
152 18 375
30 128 578
60 68 987
125 159 201
139 147 768
135 71 890
161 89 390
133 167 411
124 110 237
129 177 278
37 31 620
183 99 974
165 66 462
42 178 354
179 104 921
6 13 211
74 179 675
116 161 710
140 63 598
38 104 273
182 158 164
59 79 845
136 113 827
110 127 476
126 139 136
106 148 930
36 157 187
177 4 479
14 83 620
177 5 543
86 18 917
128 84 579
10 71 858
70 153 243
68 148 42
103 64 779
61 1 329
21 177 270
27 107 17
81 104 590
77 98 260
21 127 874
52 168 417
18 169 904
102 0 451
112 40 601
170 108 158
80 21 422
109 92 438
150 179 758
159 103 731
158 66 268
5 149 168
95 123 818
92 170 120
22 147 725
158 59 393
60 33 581
7 2 499
17 124 422
83 154 469
121 161 6
104 25 945
150 130 383
169 121 760
49 62 560
133 51 368
163 78 311
44 176 276
14 170 650
180 138 92
116 83 683
94 28 473
20 53 658
31 110 542
118 158 131
89 159 539
97 15 638
50 21 765
160 171 337
123 152 451
50 128 936
112 115 572
46 175 335
80 75 180
77 20 101
180 103 155
75 120 748
115 5 142
39 171 449
44 138 473
17 9 843
14 144 608
66 62 273
136 84 862
135 42 896
72 38 663
149 93 526
34 4 502
79 133 264
182 133 579
56 165 762
46 12 970
105 108 995
90 102 321
58 79 402
73 135 64
169 47 665
136 123 788
120 52 799
182 0 810
137 106 343
79 36 101
149 108 465
19 128 700
84 3 229
156 157 107
89 173 993
156 76 782
71 145 845
137 71 324
87 32 843
94 25 330
13 24 418
92 120 386
183 54 790
36 149 183
63 26 323
12 137 49
93 49 872
63 164 179
93 65 169
70 163 556
101 55 954
6 83 974
101 120 581
134 78 160
155 146 452
54 133 387
61 120 728
88 78 777
115 178 182
43 96 9
128 30 173
181 172 930
17 43 236
45 18 104
98 89 298
155 30 881
14 98 524
87 45 231
145 98 886
21 11 479
97 66 526
105 52 137
105 22 959
178 30 789
157 181 783
14 18 936
131 173 115
160 117 139
69 150 27
40 166 713
122 109 713
88 126 699
49 171 614
88 29 518
2 122 595
157 14 154
99 56 550
146 84 146
128 100 274
54 94 199
107 150 496
101 8 143
39 19 591
66 164 540
140 161 629
41 28 315
141 159 490
131 106 586
17 72 952
138 159 137
114 40 241
91 126 35
71 103 86
122 63 627
17 173 14
146 103 815
0 72 401
99 70 164
94 136 277
137 63 600
137 168 682
178 64 180
82 103 313
152 115 226
1 158 242
63 181 117
23 182 242
68 147 139
95 182 572
146 122 890
12 144 437
92 175 961
15 179 386
48 126 254
61 158 392
50 55 793
97 178 561
27 76 458
25 143 945
166 78 931
133 107 490
89 60 911
160 118 299
134 20 355
39 26 952
67 6 756
33 105 300
121 134 436
75 91 424
151 173 729
44 38 141
115 124 646
93 76 809
104 60 409
2 153 102
2 53 847
153 3 474
49 152 422
109 32 806
54 113 518
74 144 137
40 120 422
38 25 972
47 4 739
9 142 366
152 5 123
147 10 21
144 99 450
43 42 771
120 75 736
138 86 716
162 150 127
88 110 231
176 90 623
118 136 543
138 1 852
44 134 671
82 180 790
172 112 451
132 144 806
179 33 856
117 123 282
74 139 366
104 166 487
174 52 821
174 131 845
144 36 467
8 36 310
7 8 177
64 38 492
13 137 97
84 167 113
26 0 588
13 2 443
72 43 981
1 152 703
50 128 425
154 178 984
43 33 226
11 21 26
5 23 644
176 161 357
88 140 770
21 105 484
69 136 835
20 139 538
26 169 254
33 137 635
1 174 956
94 47 329
92 32 302
80 90 477
14 108 667
21 106 508
155 36 40
98 79 736
173 40 953
43 167 310
135 63 37
49 31 465
149 4 698
34 82 883
120 58 239
136 44 134
81 8 709
75 131 437
108 126 838
139 14 178
124 125 462
15 127 766
141 74 1
146 135 429
127 49 73
173 10 844
112 57 522
175 64 278
77 108 245
62 33 645
137 167 649
128 88 582
110 36 9
168 27 144
50 24 779
154 22 146
8 154 604
37 103 573
75 117 691
20 108 124
59 177 204
55 152 305
172 100 581
44 60 872
138 151 960
51 61 585
117 123 187
121 96 822
47 147 954
175 53 713
168 18 113
21 161 336
151 18 884
114 31 385
101 114 443
118 74 26
93 95 380
102 79 228
139 53 910
16 182 353
82 126 571
36 4 893
168 155 723
146 52 954
169 12 264
181 174 720
166 126 22
91 59 320
168 13 722
17 4 785
22 67 958
159 9 585
146 122 379
86 67 500
17 14 568
156 86 38
178 62 121
62 75 257
57 41 380
179 22 605
17 182 622
109 35 491
79 41 520
28 84 53
144 106 639
109 100 141
102 109 83
169 83 326
41 91 490
137 155 785
101 172 1
117 175 618
87 113 1
83 167 389
107 34 325
34 88 820
110 40 756
106 67 307
140 6 85
158 103 19
172 81 284
148 93 508
96 51 678
113 121 83
46 120 266
19 116 306
107 34 112
53 137 184
48 54 7
39 104 480
47 144 268
161 51 104
108 11 941
112 50 255
14 97 537
122 108 140
91 89 827
118 140 455
20 97 222
16 62 467
112 41 470
120 179 926
42 2 41
178 31 468
89 155 611
101 136 417
158 47 862
110 57 286
89 47 842
75 54 238
127 157 370
144 5 558
32 1 580
10 118 635
141 177 471
117 113 924
76 150 846
19 14 894
157 26 858
124 58 98
96 41 911
82 71 993
19 179 888
105 59 674
18 121 52
109 133 872
113 173 735
118 68 243
171 162 227
104 169 138
124 136 199
31 142 599
110 37 4
151 34 489
118 4 41
146 115 940
51 183 172
0 122 350
94 160 279
64 107 710
85 162 876
27 45 349
44 93 451
68 49 486
143 27 16
7 83 506
170 40 612
126 173 969
94 8 994
145 46 302
125 11 410
76 124 607
127 12 301
131 46 769
170 24 235
181 82 415
152 50 509
159 81 812
91 1 797
74 24 243
52 114 780
96 161 914
129 94 235
34 17 869
152 132 233
172 117 604
108 60 420
153 46 750
178 104 617
143 89 943
38 183 183
6 74 471
40 79 96
151 57 940
111 60 427
22 16 414
22 129 634
151 160 347
74 69 394
114 81 935
153 131 586
98 55 964
45 106 733
129 83 900
177 3 588
111 32 186
62 80 369
154 140 187
99 162 614
44 58 853
137 122 649
154 60 179
11 86 346
136 143 84
183 129 29
13 105 249
32 154 712
1 64 204
177 176 888
91 36 382
97 116 758
14 145 305
99 24 72
138 161 125
157 169 634
50 32 855
76 85 357
179 13 92
40 80 438
166 73 692
97 164 92
75 25 761
66 178 811
162 118 861
122 26 693
120 155 573
97 114 465
24 145 227
109 98 679
173 12 810
141 5 371
93 171 25
64 98 614
82 28 253
156 104 305
62 166 715
90 106 410
148 171 792
19 114 37
82 118 238
65 115 960
142 41 991
173 117 495
81 46 839
111 88 350
9 134 12
176 85 620
129 46 338
86 84 111
46 116 17
82 156 626
177 51 313
28 32 662
127 112 538
75 81 47
45 118 685
136 23 519
116 169 117
35 173 521
100 37 526
83 48 889
136 31 552
4 56 215
145 40 570
50 159 743
103 13 541
2 181 324
20 36 980
119 128 206
59 58 140
134 80 884
101 35 740
80 57 72
171 130 965
145 88 800
77 172 974
176 171 278
127 139 1
53 150 428
24 54 953
139 85 356
180 18 484
16 113 440
139 48 965
142 134 750
48 27 673
65 77 732
30 4 672
83 117 400
98 112 26
76 79 197
182 25 95
10 119 26
168 169 393
58 31 670
170 62 717
3 115 826
125 106 377
161 145 544
96 172 146
81 141 756
13 4 883
179 120 642
60 108 859
66 78 444
96 170 582
98 89 132
76 152 400
81 165 580
32 172 574
64 81 941
35 181 95
173 37 728
120 17 623
181 35 53
40 93 116
163 10 829
123 110 559
177 97 902
2 19 994
38 40 402
173 124 149
120 118 388
162 183 850
120 154 95
25 78 818
29 27 806
153 141 554
116 1 967
72 114 824
56 104 926
17 169 902
38 7 145
67 103 113
119 73 148
133 86 131
110 71 201
102 139 157
44 47 653
76 123 968
81 58 345
127 80 494
81 2 230
175 1 322
30 181 448
143 174 222
70 84 189
78 130 384
55 65 293
45 8 230
26 158 861
96 22 983
37 137 442
1 124 27
44 136 949
20 179 537
166 98 544
41 181 369
126 4 622
100 152 199
157 138 954
177 62 622
46 18 376
17 94 942
71 6 671
52 94 240
81 87 632
177 179 982
182 55 177
144 170 235
141 111 377
5 66 182
140 30 76
6 36 154
154 162 412
175 43 19
46 107 437
0 166 526
70 147 292
128 156 264
10 158 448
3 147 964
107 92 242
30 98 432
62 156 732
28 67 736
135 158 858
4 144 543
47 18 358
0 128 575
182 37 553
76 9 208
91 103 432
171 98 67
95 153 884
39 76 784
75 108 846
43 131 887
137 175 445
5 28 520
33 39 740
38 16 257
24 94 125
127 2 344
138 100 46
71 117 63
81 15 81
81 178 935
48 132 52
118 36 1
103 28 378
85 22 471
150 127 457
45 177 318
81 2 6
90 41 166
105 124 831
24 125 851
169 26 740
163 34 952
136 82 666
37 102 630
146 113 8
124 140 801
144 22 719
170 112 904
86 80 412
175 160 711
31 124 632
124 162 456
59 38 423
148 143 972
90 67 86
115 135 748
161 74 973
150 183 386
86 80 411
83 111 650
161 109 674
34 128 96
160 116 674
135 121 229
180 157 580
26 114 673
105 17 795
23 104 370
15 69 932
80 110 628
33 183 888
177 152 673
119 40 929
37 40 287
62 12 63
164 75 89
118 173 890
9 141 13
98 122 923
160 4 52
41 124 950
37 125 536
151 75 594
50 183 233
36 175 633
163 127 1000
87 47 516
36 51 200
84 29 253
54 116 177
77 21 278
25 78 607
135 81 235
181 154 163
58 95 674
102 108 995
11 160 197
116 7 547
140 151 4
117 139 178
113 119 425
155 23 768
170 111 938
68 38 493
117 115 420
183 91 24
53 127 440
123 172 723
53 59 409
174 7 874
139 159 398
83 139 8
82 137 204
181 40 885
78 92 104
18 175 804
7 55 264
149 79 326
164 119 842
155 98 776
124 28 953
28 37 648
114 160 820
116 127 930
134 86 375
47 68 340
146 49 848
16 79 393
158 1 544
77 103 832
94 150 319
139 30 708
156 158 57
23 22 700
72 10 322
52 91 508
55 89 409
91 177 392
136 157 811
28 163 658
147 41 546
24 48 938
25 17 591
62 33 819
71 51 684
42 68 916
81 139 606
24 165 903
160 120 240
175 92 99
35 47 538
167 150 688
95 99 454
162 151 211
66 92 298
47 108 40
10 80 843
156 10 678
4 142 265
87 135 235
123 158 867
74 102 492
145 50 999
132 46 787
27 182 79
137 169 317
183 43 947
53 21 434
73 148 660
158 181 698
52 130 834
13 78 785
148 90 920
114 34 618
7 180 543
149 82 903
66 117 985
154 29 288
131 118 480
64 165 445
36 40 244
76 83 635
177 75 890
65 51 830
151 53 551
85 13 198
49 158 450
167 43 339
88 123 467
87 88 783
117 162 577
153 111 740
28 97 434
144 8 691
26 37 329
61 181 578
107 1 520
21 58 366
108 29 913
27 54 874
103 73 545
77 124 434
53 147 506
120 24 244
142 107 480
1 178 166
121 172 92
85 89 968
16 108 352
48 168 990
105 126 554
85 107 97
6 90 473
81 126 201
3 119 822
46 183 891
129 8 280
34 147 350
26 57 505
32 167 800
132 148 723
69 106 33
72 57 338
34 164 969
134 16 511
153 138 186
117 62 722
34 169 335
79 133 600
150 134 293
74 158 153
3 2 560
21 43 509
162 130 276
30 60 199
97 125 311
34 7 126
96 53 81
140 77 322
73 107 35
69 124 147
56 0 593
175 154 456
125 123 105
43 51 274
169 82 355
124 55 241
27 84 445
129 150 101
107 14 102
35 98 851
77 84 172
56 117 254
113 43 321
177 95 554
124 34 341
141 36 879
99 40 52
157 143 676
15 29 69
147 109 194
0 57 28
20 121 966
128 86 233
102 96 963
51 169 29
100 144 693
54 121 517
110 130 741
52 13 488
178 131 924
181 156 172
85 129 8
167 169 357
129 108 669
122 49 8
62 149 388
153 75 539
144 8 311
123 38 696
44 108 346
54 90 258
21 4 380
44 183 673
162 141 960
7 41 658
92 64 821
61 124 253
21 92 167
145 85 941
175 93 716
63 76 448
20 165 691
121 7 544
88 41 868
158 182 393
136 34 494
42 55 576
130 59 488
129 64 180
125 56 50
80 111 639
81 3 246
158 79 6
124 47 201
95 72 302
162 16 599
9 10 546
171 63 19
21 141 356
12 28 644
58 78 29
141 162 998
1 166 160
92 87 264
114 44 151
13 30 278
78 137 286
160 173 673
183 27 515
51 113 311
181 57 31
131 93 377
13 99 302
66 30 395
140 68 875
52 127 451
78 114 863
54 51 333
152 112 503
99 3 304
143 70 389
102 72 362
71 49 629
143 140 751
41 100 999
65 107 102
65 120 80
107 87 958
104 18 696
82 130 648
84 150 186
160 125 527
92 46 118
127 36 71
137 87 988
149 66 348
43 65 200
147 140 205
120 98 353
91 160 931
71 78 393
12 27 913
108 125 592
101 165 197
25 99 651
23 40 395
172 165 13
69 125 808
121 10 428
40 119 199
70 156 827
1 148 581
177 38 448
36 59 106
36 119 981
83 171 902
21 15 869
43 93 744
136 131 873
133 60 554
149 118 524
142 182 860
115 62 609
30 56 801
35 37 21
122 91 279
152 38 709
40 132 749
21 49 643
45 3 890
129 98 167
114 5 960
16 42 397
160 113 776
140 126 298
79 167 702
93 0 593
173 50 59
120 131 57
159 89 901
109 100 789
46 91 313
5 42 572
61 180 666
104 63 920
26 169 321
2 86 495
158 129 681
164 146 605
4 35 935
25 27 261
18 64 681
96 154 504
179 68 609
126 143 626
81 45 666
135 111 738
135 26 452
77 43 702
76 173 396
10 41 527
79 179 591
130 126 740
118 47 829
126 46 560
44 23 115
42 158 817
110 151 15
164 43 563
57 105 237
183 44 250
67 132 932
127 141 54
106 62 624
65 155 214
148 66 46
95 84 355
14 31 619
17 109 18
10 178 975
124 85 982
99 51 115
96 35 420
43 78 322
14 97 618
52 158 446
52 70 30
117 105 117
25 183 443
105 101 269
35 127 748
172 140 388
14 170 869
52 99 836
168 88 312
161 164 443
35 135 609
84 157 201
84 148 994
0 22 592
28 86 105
71 120 85
71 18 269
109 133 410
11 66 57
49 61 474
156 169 459
155 75 353
90 104 822
99 179 747
83 97 795
162 84 476
130 162 667
74 66 178
47 118 433
36 122 186
139 119 615
142 71 361
89 1 731
156 65 134
67 32 419
164 138 167
45 62 859
90 67 729
171 176 400
8 53 709
73 84 455
182 14 773
60 8 902
18 15 966
21 108 974
7 106 220
17 77 71
4 14 145
75 113 582
0 15 4
62 79 786
157 162 627
168 32 920
56 171 360
109 48 492
102 166 604
84 156 476
51 42 379
65 183 418
71 178 941
109 73 440
161 175 83
27 103 98
157 43 444
104 155 171
42 64 736
113 160 768
58 20 997
119 115 280
3 167 736
39 24 516
17 21 406
127 118 302
177 171 424
29 110 305
84 160 270
65 10 100
121 36 665
39 37 265
132 133 243
65 21 393
40 14 869
99 16 397
140 147 830
155 83 656
37 142 237
117 143 777
171 62 116
130 148 578
64 33 705
126 46 285
101 96 834
27 88 910
70 99 627
90 173 799
148 31 468
127 89 212
171 43 280
144 73 300
136 142 516
62 115 15
116 35 971
52 69 277
121 48 523
103 82 367
167 134 768
25 61 959
37 70 102
84 129 829
112 67 771
74 57 948
98 49 408
19 58 490
42 7 250
63 137 381
65 99 927
64 7 960
39 72 406
12 2 338
77 47 901
175 140 802
86 132 905
76 172 241
40 72 228
47 63 71
159 152 581
76 54 274
64 127 213
152 109 72
100 180 33
92 64 516
43 126 311
93 138 827
7 69 272
144 132 384
20 81 712
20 53 144
83 67 200
76 154 780
25 20 242
75 141 288
129 10 380
46 13 851
99 151 396
6 20 357
73 21 943
181 6 888
129 78 35
20 95 236
154 20 518
71 68 26
129 44 572
32 176 150
159 119 848
72 173 97
36 127 496
139 33 806
23 59 596
93 5 15
77 22 908
64 36 981
41 25 760
176 49 819
22 71 474
64 107 184
89 47 570
126 80 48
7 117 49
164 25 891
122 47 61
99 103 515
148 118 901
145 108 231
96 76 65
135 38 994
106 83 995
142 72 190
130 76 120
170 175 583
63 76 627
129 86 675
151 23 195
113 20 476
170 124 114
20 107 979
134 17 326
173 18 894
95 144 703
42 143 989
175 110 26
175 122 688
145 25 827
115 116 53
102 152 617
112 54 70
93 161 524
75 27 487
86 84 691
134 72 343
16 40 946
172 44 672
101 90 683
96 104 395
96 130 27
168 149 482
126 174 362
87 12 78
56 152 688
105 160 545
96 135 506
83 57 358
156 152 207
142 12 908
157 154 610
6 182 799
116 35 703
12 117 914
30 130 113
16 72 360
110 82 338
168 7 89
170 62 350
175 104 82
179 37 821
37 157 581
69 95 723
161 33 245
91 145 180
62 7 547
86 124 808
177 71 158
149 61 145
137 50 327
97 52 109
43 18 337
158 176 804
69 169 353
108 144 938
165 152 375
114 81 821
19 121 448
78 179 280
43 104 780
0 43 173
93 90 946
66 135 74
38 108 960
159 132 635
109 113 441
57 21 269
66 183 376
6 114 811
5 82 306
70 168 236
33 173 392
97 114 121
22 81 755
92 111 648
72 40 496
135 166 468
175 26 361
66 61 596
69 103 408
80 9 958
52 14 973
8 143 711
43 169 33
76 33 400
169 110 762
90 26 386
11 40 682
6 89 923
82 28 445
17 6 240
112 146 516
111 0 402
160 107 905
33 163 757
133 121 826
14 115 467
90 105 36
118 22 975
182 131 113
21 107 413
165 67 842
40 25 369
170 20 200
71 60 924
106 118 53
70 116 574
169 55 11
148 43 112
59 93 591
128 180 890
111 164 394
94 169 437
73 110 117
45 87 44
148 116 377
102 153 307
94 87 193
75 48 551
21 96 132
176 91 46
178 165 259
77 141 687
44 169 730
69 100 368
180 133 700
55 3 800
152 145 11
134 116 803
119 51 104
166 35 83
106 127 271
165 10 388
38 159 774
44 123 505
45 9 804
87 134 722
61 167 295
135 76 561
144 162 27
38 84 437
78 111 600
18 19 934
146 162 936
51 73 129
165 53 748
92 55 601
161 141 564
72 69 714
168 32 522
92 62 277
32 53 345
67 181 514
55 40 807
127 172 257
84 106 506
142 154 534
164 1 249
96 17 32
147 129 429
99 114 335
160 121 688
31 38 876
73 8 814
100 170 645
2 73 739
93 132 328
47 152 696
72 70 47
179 88 492
156 89 436
80 132 99
9 86 941
91 137 839
69 136 804
26 6 917
106 94 535
106 150 349
65 124 801
96 34 534
6 152 255
5 118 528
57 41 681
176 138 629
148 17 82
142 66 564
169 166 289
60 137 104
118 159 197
5 77 538
88 19 999
73 28 316
160 11 491
17 41 857
60 132 70
110 19 322
116 40 379
29 6 531
153 183 675
163 181 274
108 118 598
129 100 40
80 48 292
111 74 719
113 172 454
183 154 801
172 30 808
100 155 38
120 18 891
110 103 85
25 1 313
155 93 20
28 87 288
31 165 633
158 163 749
55 51 987
62 173 52
25 157 238
121 40 763
0 65 649
41 158 483
147 149 284
43 52 219
182 38 485
89 65 498
38 62 62
169 144 878
174 81 263
139 175 362
85 57 690
2 48 412
85 117 204
7 60 932
26 177 247
15 164 116
159 112 267
2 139 148
134 172 275
117 81 670
36 69 638
120 81 897
28 154 286
86 163 932
87 138 344
118 173 505
114 128 15
78 50 814
147 149 928
6 83 898
102 78 642
99 22 349
108 48 15
163 3 515
178 28 164
180 128 198
46 91 628
131 42 833
3 75 820
139 39 200
150 153 290
108 123 846
124 167 406
181 124 40
138 99 402
6 170 237
130 154 614
158 178 921
94 34 251
24 150 873
91 147 39
106 101 394
149 73 210
55 121 533
168 125 167
167 126 919
48 175 944
112 63 196
44 20 591
127 65 705
120 138 431
175 176 912
128 18 980
73 124 88
68 176 24
104 83 649
85 15 220
48 68 862
174 56 213
18 0 84
61 134 478
20 141 455
16 53 285
34 17 724
46 44 122
158 165 484
53 84 242
165 93 613
85 3 153
16 62 767
110 11 123
95 97 83
179 4 994
96 183 40
11 122 390
64 165 818
94 99 889
165 62 413
123 78 6
127 8 271
127 140 38
179 148 952
65 136 661
110 128 844
123 43 686
89 181 722
155 166 239
28 113 138
120 105 313
83 98 621
130 56 187
113 176 71
7 34 544
18 5 727
65 67 606
51 84 303
128 155 266
32 113 826
19 18 253
63 49 143
183 112 163
1 75 393
12 73 552
27 177 70
105 163 656
99 97 516
26 172 342
104 153 365
91 40 698
22 78 955
58 20 224
173 44 677
31 77 542
7 15 496
146 139 430
14 119 657
163 14 686
23 5 943
95 61 88
83 97 89
129 7 687
17 64 977
76 71 163
100 110 397
149 2 807
177 92 790
61 173 960
26 136 43
62 32 937
128 107 664
95 115 714
96 34 361
140 85 936
133 102 467
92 54 212
104 121 716
146 43 101
134 177 466
119 75 861
130 16 818
81 167 518
181 107 973
73 101 793
135 128 3
97 66 252
110 31 150
136 157 221
100 121 994
69 112 440
125 42 874
163 27 871
81 168 434
50 84 114
141 65 820
99 58 408
112 86 540
123 52 366
4 134 13
175 167 831
51 122 965
148 80 829
170 63 216
61 50 835
174 132 373
161 86 565
65 107 666
66 86 981
90 78 235
74 72 797
55 114 302
30 164 688
43 8 28
70 126 16
62 16 726
134 165 710
81 87 115
25 120 692
70 78 628
14 124 967
123 82 764
131 171 407
161 54 544
58 154 737
42 106 617
160 125 85
109 121 676
144 83 783
121 116 254
29 75 162
30 166 587
61 103 712
177 14 256
173 119 568
18 57 408
170 76 669
130 82 272
56 151 845
79 13 17
146 47 294
54 51 342
77 15 643
144 160 668
154 106 962
151 99 993
141 48 28
142 34 978
36 111 649
120 125 459
163 42 689
9 98 736
104 59 512
8 45 202
115 37 527
118 69 988
25 63 672
90 66 643
70 77 302
75 116 588
73 33 20
82 124 168
96 163 598
126 81 433
106 31 837
154 174 904
38 96 183
148 157 242
105 100 492
162 66 445
31 84 172
126 17 965
24 116 371
78 181 249
38 92 325
62 183 176
95 97 112
169 102 595
178 65 743
136 157 126
175 169 864
14 103 687
106 53 105
12 6 76
155 167 52
79 120 746
80 136 837
56 157 235
172 150 746
38 44 771
1 25 376
99 38 943
2 53 2
176 81 453
62 0 366
165 131 790
105 53 772
33 64 529
115 39 935
163 175 964
95 126 27
178 23 690
169 121 887
167 51 458
151 152 552
71 142 153
130 90 38
173 84 983
153 102 182
45 158 98
101 107 17
117 165 731
165 4 449
105 136 36
68 46 724
70 85 348
162 61 476
157 37 359
170 11 261
128 167 49
98 137 113
44 4 558
44 77 732
171 74 215
45 6 823
153 113 758
182 102 986
71 18 105
50 143 371
128 167 792
154 153 21
172 168 152
174 46 38
92 168 691
106 40 497
126 146 910
24 137 190
101 0 893
126 128 217
129 122 118
107 110 865
44 96 943
120 142 539
37 140 443
71 93 180
54 86 299
4 157 202
6 120 155
34 65 465
122 26 906
21 55 422
74 23 816
89 147 694
79 44 678
11 117 286
128 106 530
11 75 770
23 3 257
89 171 134
90 118 706
125 148 402
65 119 448
82 36 12
79 179 206
49 74 545
78 166 216
139 6 869
63 164 453
159 178 198
43 4 995
115 130 69
12 8 24
94 160 311
39 147 486
94 84 20
9 70 325
85 1 499
131 18 482
11 180 547
95 55 76
125 99 946
108 110 648
21 71 770
45 54 102
115 90 986
15 174 139
49 79 929
138 31 167
111 172 567
28 59 158
33 5 552
11 130 74
62 146 992
180 62 390
83 92 517
2 110 883
108 54 931
167 106 1
123 183 843
114 19 257
73 23 913
5 30 697
77 159 469
114 3 885
162 114 118
35 147 266
150 127 369
146 81 865
112 169 973
112 110 283
126 31 673
99 39 644
96 175 360
63 155 153
62 167 615
96 51 782
137 100 145
100 44 39
131 23 711
45 7 549
124 59 785
66 94 420
78 28 614
93 169 98
129 135 612
9 143 594
3 79 209
93 141 719
44 66 695
1 13 733
38 26 610
25 174 935
62 154 370
12 34 509
47 88 676
178 68 282
128 105 433
163 91 176
119 161 431
9 136 772
146 24 372
23 79 128
12 103 143
108 52 312
2 32 503
114 20 726
119 32 375
107 119 671
183 31 277
34 165 977
29 65 946
151 164 191
76 99 126
105 0 702
131 75 898
79 114 778
58 172 160
44 124 893
123 100 1
7 158 29
38 155 946
6 158 781
28 20 389
150 77 985
105 106 483
57 12 740
62 35 128
164 111 298
101 176 178
9 178 558
131 44 36
117 174 105
5 99 647
140 113 424
97 64 838
22 149 344
93 145 192
130 112 760
45 42 657
170 180 674
137 171 750
165 66 420
139 50 650
72 120 244
41 112 94
141 143 349
72 40 260
172 16 436
113 51 125
75 38 736
65 63 737
167 162 660
143 121 323
119 176 632
77 124 208
53 148 427
116 58 984
121 39 610
53 154 527
171 56 913
13 106 684
25 60 85
61 67 261
42 159 214
75 116 514
163 0 733
43 125 705
115 71 342
151 163 405
155 178 260
180 126 537
0 31 138
73 62 346
160 119 988
71 14 10
76 63 446
31 39 462
24 175 517
90 160 959
80 158 939
90 159 447
73 132 534
89 69 316
74 84 864
107 48 159
151 109 27
117 77 17
34 103 714
69 103 350
127 88 371
98 2 299
131 113 77
91 101 701
127 69 723
65 59 109
156 39 422
106 58 591
96 167 900
28 10 614
130 68 478
9 93 666
153 158 509
105 27 52
171 124 565
29 52 629
1 151 197
70 138 198
144 30 122
25 108 610
176 164 928
172 39 239
95 122 426
145 60 75
67 128 853
151 112 942
123 72 893
15 20 953
115 10 73
1 44 842
25 137 24
14 100 424
128 154 970
126 136 697
105 96 944
172 91 191
7 74 491
107 168 417
183 145 117
125 78 812
54 19 689
17 115 496
76 178 182
74 154 61
56 143 983
63 75 382
77 7 894
95 0 545
138 167 507
76 64 346
87 112 883
51 130 990
160 43 908
138 129 769
140 134 23
26 111 124
124 166 703
134 86 619
158 67 374
143 168 815
149 11 510
164 13 759
46 40 331
69 142 546
152 18 269
16 55 798
112 128 606
35 17 831
166 37 290
136 173 437
38 162 503
7 86 996
146 175 463
174 181 227
63 140 392
163 94 240
117 35 527
90 115 618
123 76 578
13 134 988
111 18 305
29 174 826
165 25 54
138 135 837
108 158 669
88 113 329
29 55 862
1 179 478
153 99 561
83 146 614
72 16 103
38 106 475
171 29 87
2 51 589
53 118 78
76 96 488
98 156 631
91 58 60
21 181 853
77 20 897
119 115 27
123 31 755
159 166 400
158 166 419
111 160 548
159 90 619
159 175 968
91 124 504
42 61 584
54 87 53
50 54 315
81 138 529
5 85 5
44 47 810
111 70 423
178 134 84
137 50 454
82 108 794
28 88 273
75 37 285
174 74 447
106 80 221
140 91 446
48 36 730
71 98 800
168 11 199
137 79 629
129 150 135
115 131 883
122 160 385
19 68 63
21 182 849
182 152 27
160 58 306
37 64 764
133 65 438
138 49 571
183 64 148
174 75 116
106 104 390
57 77 713
34 57 13
154 14 642
154 19 281
27 96 255
167 61 633
129 128 31
130 62 106
35 26 414
181 0 376
87 68 611
0 53 303
32 100 744
141 162 87
64 60 627
108 79 816
128 75 98
168 1 369
129 107 224
53 153 416
123 110 843
178 63 752
40 151 433
28 33 496
81 60 381
9 83 340
14 79 465
43 63 24
87 62 172
178 145 588
133 29 339
122 70 274
163 149 396
105 92 559
28 63 857
119 33 141
153 34 944
43 89 718
64 128 891
121 97 603
30 88 254
1 96 257
14 174 332
80 91 360
73 78 262
123 163 740
180 64 113
52 143 119
145 62 594
79 121 93
70 134 554
160 12 547
137 36 320
117 171 629
141 5 123
82 88 455
128 20 819
49 116 519
130 14 11
24 148 250
5 13 496
52 64 704
104 105 307
25 108 451
151 147 532
167 115 629
152 171 906
135 165 509
114 172 452
109 130 506
95 73 773
61 32 279
93 66 269
76 174 173
42 1 324
18 83 11
136 168 539
72 163 367
26 12 46
113 127 353
138 20 509
116 57 76
99 106 718
83 28 632
169 113 150
86 98 775
71 114 927
68 73 232
170 63 919
30 17 731
25 171 194
109 113 646
56 113 720
130 12 17
92 36 96
44 8 501
17 106 862
65 47 874
18 37 571
69 3 958
27 91 71
107 26 2
32 97 758
164 126 500
21 76 321
10 157 745
7 9 517
49 63 135
74 118 97
94 158 549
62 109 407
96 97 379
40 138 208
115 173 352
124 113 751
147 84 539
86 161 336
151 175 171
51 98 529
37 40 712
76 16 925
115 126 461
183 181 281
30 128 528
91 39 911
96 33 875
140 34 679
45 116 829
53 126 141
99 71 596
13 106 623
158 24 539
143 155 932
143 22 377
161 66 60
176 120 469
139 171 877
150 74 143
177 138 756
122 5 294
82 28 597
123 112 633
165 15 559
163 138 359
118 116 358
63 58 278
101 33 952
12 144 154
20 40 11
78 101 788
164 123 718
163 136 489
0 140 154
13 86 431
31 69 20
86 175 451
43 139 123
75 11 697
76 151 668
81 116 45
183 75 237
33 109 510
102 164 369
173 6 962
75 0 672
71 146 67
173 32 595
6 34 39
81 154 397
109 80 148
27 112 614
160 152 412
28 61 562
50 94 928
178 173 931
143 53 683
143 108 195
157 116 234
138 101 311
25 4 223
57 74 515
86 10 558
22 62 850
16 94 849
52 22 121
80 181 518
118 112 935
33 130 356
131 169 718
158 62 551
168 126 578
92 6 803
107 166 562
158 37 635
73 120 31
86 131 668
139 46 183
150 18 973
137 49 334
74 8 100
21 62 166
42 132 36
106 80 941
16 53 471
22 31 622
64 26 669
177 124 782
39 160 897
153 59 617
70 23 663
89 174 511
133 125 23
123 179 676
105 29 559
130 87 347
71 146 963
82 149 552
105 60 1
75 5 373
171 110 665
181 52 813
142 120 190
76 156 274
108 169 174
107 120 480
68 88 747
83 179 295
179 23 443
177 84 666
179 25 496
54 97 697
5 80 354
162 90 259
41 49 211
108 126 766
183 72 618
44 82 152
169 83 631
144 116 138
117 62 815
52 42 934
108 67 911
113 155 368
142 36 531
79 81 19
6 22 504
25 91 716
12 26 545
5 44 56
107 81 874
48 172 811
64 30 503
139 114 932
39 164 287
116 1 223
4 125 794
69 60 936
165 1 701
160 99 858
112 39 589
85 92 219
79 21 766
14 154 677
54 26 572
163 47 122
36 179 120
42 13 724
178 5 805
25 85 766
151 105 135
4 34 769
33 96 685
147 117 897
4 161 583
82 73 10
155 157 591
98 55 502
36 173 686
96 50 274
68 100 33
91 114 684
153 63 974
13 39 744
36 136 849
87 13 919
70 67 553
108 100 791
72 66 749
72 145 484
21 130 701
107 178 434
16 176 679
13 27 871
147 109 160
91 147 106
167 28 902
172 160 571
153 140 606
13 79 775
90 115 353
131 90 21
40 49 77
45 68 1000
16 80 983
74 56 69
119 13 570
102 140 881
73 36 882
15 74 707
25 133 909
67 88 559
161 125 969
22 154 858
71 73 576
69 42 25
116 72 219
173 167 771
13 67 638
77 176 325
132 148 121
8 3 760
104 167 671
160 76 941
54 37 349
151 53 187
68 165 632
138 80 910
76 162 294
25 146 827
43 7 736
121 78 701
148 84 925
164 61 811
1 32 957
63 53 749
158 115 616
51 85 360
20 82 942
19 144 768
130 6 821
4 78 868
32 99 266
181 176 480
73 159 803
140 105 924
136 149 342
124 145 969
35 65 11
64 173 898
81 47 932
6 58 367
78 56 835
18 143 832
1 125 535
155 165 879
15 107 554
13 70 570
44 79 948
135 22 108
25 112 598
103 72 790
78 106 931
42 16 487
3 172 387
49 41 171
76 33 28
93 66 538
14 54 774
69 58 675
156 110 909
92 177 475
133 143 487
43 127 383
125 162 984
99 135 129
133 8 229
105 81 958
73 69 458
142 104 637
21 16 474
6 107 770
86 36 870
1 109 687
128 112 263
2 120 375
44 125 305
153 25 955
133 38 826
13 178 784
9 82 679
85 24 31
145 74 428
41 94 991
103 127 115
93 47 483
107 1 383
38 163 201
30 168 461
164 135 749
141 139 532
161 83 629
142 75 108
93 115 590
35 123 170
49 176 999
156 134 891
88 160 126
172 59 522
48 24 285
69 110 224
128 83 232
182 33 486
57 100 822
89 109 273
43 86 402
111 98 274
99 155 281
14 150 680
124 132 653
70 121 394
105 108 585
5 23 206
113 35 116
97 77 523
20 129 635
50 155 396
44 49 628
0 21 838
95 143 994
124 18 940
88 135 968
31 40 174
21 42 832
60 38 70
114 106 454
162 149 354
178 126 561
161 148 192
42 24 683
121 124 541
101 81 469
145 45 494
20 182 119
99 167 971
6 141 425
100 46 967
79 8 404
55 65 710
169 34 468
179 43 465
2 146 738
142 18 974
46 25 545
174 68 579
158 59 304
109 164 991
163 75 270
18 16 758
1 118 528
124 138 176
105 87 145
34 84 693
142 47 809
0 23 182
133 56 467
4 160 785
122 14 413
42 179 628
141 182 177
15 49 107
10 114 64
159 51 910
161 89 58
76 141 505
54 92 719
175 75 802
171 17 982
12 5 548
168 105 13
49 127 810
27 73 247
152 103 895
183 20 696
66 80 337
45 132 47
85 147 842
179 100 666
106 50 419
27 42 796
104 14 20
122 182 172
140 82 733
44 128 480
165 44 342
121 120 668
96 93 997
151 98 822
151 118 770
183 3 265
30 75 351
121 118 342
36 108 608
43 35 772
41 105 732
42 70 977
24 132 232
149 29 943
141 21 584
135 49 711
3 145 1
129 85 426
55 172 151
33 46 245
88 96 893
167 58 904
96 103 980
116 167 364
148 99 879
7 31 225
21 164 911
82 126 796
41 73 547
18 120 49
119 17 18
54 31 751
62 126 976
28 142 511
106 114 415
116 50 481
156 92 660
21 64 480
100 44 1000
38 178 677
134 164 532
62 63 82
156 58 612
146 144 731
140 54 574
168 78 661
68 19 387
120 173 870
93 20 518
40 131 580
5 126 637
105 136 745
177 30 225
118 46 578
62 61 300
17 156 912
136 7 866
181 148 928
96 7 203
118 85 132
81 165 103
132 23 204
41 42 250
33 40 496
169 6 790
10 37 60
139 28 513
73 12 569
143 94 26
88 170 728
177 106 629
15 64 882
17 150 164
88 172 606
94 89 291
133 74 549
30 103 431
27 162 535
9 106 767
25 138 429
97 92 653
160 17 615
9 59 121
86 33 632
173 70 400
24 108 507
176 79 173
106 73 233
50 58 622
78 135 171
24 151 452
82 106 307
164 174 92
172 31 448
127 97 770
17 151 465
115 145 477
80 8 144
176 38 534
97 139 186
116 160 472
36 76 204
88 42 721
65 115 498
154 53 395
124 116 227
34 156 76
141 25 659
97 106 952
107 125 712
0 29 530
109 170 626
128 92 523
150 74 191
173 5 510
172 30 37
114 68 764
114 25 965
108 145 554
153 33 946
104 72 984
160 44 142
63 152 197
66 106 482
13 135 742
102 125 449
77 20 783
92 176 796
15 169 833
9 5 518
68 44 178
120 164 111
30 157 266
166 106 488
166 88 360
64 111 615
140 45 78
127 124 190
84 14 660
112 41 40
57 165 931
130 68 804
140 121 199
169 115 591
120 89 523
14 33 775
71 114 481
31 170 837
34 116 971
126 16 222
140 165 297
10 57 454
134 165 603
15 78 597
75 54 818
82 41 928
122 117 450
117 148 19
119 148 227
108 7 991
42 140 77
98 143 972
163 82 466
26 43 868
35 106 772
136 73 25
55 151 349
96 73 94
148 138 449
133 33 987
176 179 166
65 5 808
81 34 574
93 43 504
10 50 890
121 168 786
164 157 626
67 148 565
98 12 853
68 90 779
154 90 752
113 45 714
92 138 188
115 107 451
46 131 23
19 34 783
181 127 880
122 37 54
92 74 216
72 18 641
119 170 632
41 60 976
142 109 7
169 67 426
181 104 485
43 85 239
75 153 376
100 9 864
84 5 470
51 74 702
89 111 730
13 69 835
31 14 446
51 135 128
13 155 938
156 141 814
67 69 665
149 148 114
46 75 690
21 146 876
9 22 902
177 51 303
73 46 800
117 154 651
58 168 607
45 131 536
134 94 539
5 180 847
168 17 661
10 42 741
96 140 312
62 123 54
177 90 280
169 0 715
97 150 43
112 114 499
87 3 194
57 104 459
84 16 768
72 150 114
138 100 259
3 41 284
29 149 1000
157 138 71
54 57 488
180 139 182
108 24 345
166 4 619
48 96 220
79 61 211
8 75 606
170 37 941
59 80 10
173 106 835
70 27 654
124 14 553
129 89 802
73 108 643
33 150 879
34 134 87
13 100 247
149 48 170
92 147 2
178 121 978
101 166 169
43 136 249
163 93 306
177 148 916
69 93 342
33 159 542
73 147 774
112 59 683
38 110 677
148 167 852
3 22 638
68 52 50
20 90 108
175 182 105
169 96 25
98 149 22
174 172 688
88 135 77
165 118 956
109 64 267
24 81 210
48 132 715
101 146 342
5 144 659
60 147 454
117 48 94
164 8 824
12 140 499
136 115 552
14 51 546
133 107 546
111 33 771
128 10 521
59 159 918
175 11 249
182 148 471
131 51 430
158 79 722
101 126 492
25 61 622
99 167 568
154 14 833
21 112 453
168 64 871
101 142 614
142 109 173
41 119 276
126 106 746
126 94 519
77 98 724
8 158 364
153 162 188
90 115 903
101 65 891
8 180 445
44 150 160
18 17 789
29 36 882
96 137 369
34 55 412
50 93 323
96 16 464
169 179 226
37 17 590
1 9 486
8 107 947
135 98 205
24 161 182
56 132 910
147 99 878
13 63 791
183 143 599
163 62 914
84 63 698
117 98 981
90 169 54
144 73 71
3 133 753
58 39 55
154 180 165
66 180 909
61 96 102
116 10 825
42 63 809
130 114 326
48 85 265
0 7 190
159 70 790
178 104 788
46 82 23
49 167 339
139 55 604
166 51 885
11 82 175
175 67 285
28 125 706
41 136 982
1 120 616
139 12 992
42 23 464
0 102 434
32 79 694
124 67 788
77 156 995
78 143 14
3 123 555
122 83 156
142 86 417
180 68 59
69 175 67
116 182 885
37 104 332
148 95 278
114 59 241
143 77 321
168 109 787
74 58 88
105 41 166
5 120 711
36 54 499
127 181 293
167 99 400
16 69 215
60 0 557
66 14 771
31 19 439
123 13 374
23 136 360
84 25 137
21 128 803
68 106 308
127 132 519
72 88 337
113 73 506
151 108 942
148 0 405
156 36 459
104 129 982
178 2 76
63 41 972
39 137 776
14 182 908
136 94 136
51 89 428
24 25 649
152 14 383
165 0 832
183 88 792
80 128 977
5 160 252
125 165 369
87 123 653
45 157 893
76 164 191
153 40 889
105 29 219
27 81 151
136 79 987
96 62 929
140 183 885
136 144 825
152 54 104
165 135 389
74 20 341
115 164 589
91 157 829
59 47 48
7 102 208
137 10 894
136 171 206
82 4 239
90 14 225
21 141 530
91 14 103
116 154 161
89 148 265
106 175 943
91 150 14
113 2 354
90 60 867
127 39 534
72 135 343
115 24 762
101 73 373
80 20 977
145 136 66
96 35 845
21 178 98
148 72 365
51 162 712
66 64 281
62 141 709
87 16 236
118 150 84
172 47 342
97 100 407
5 72 962
73 127 28
67 182 518
10 50 201
105 53 122
37 168 999
150 180 755
91 90 37
48 27 332
95 123 433
115 77 430
170 85 270
166 37 189
111 142 681
128 36 146
31 30 528
140 155 275
181 91 149
4 183 333
0 132 473
99 150 68
18 107 428
104 107 207
6 19 582
65 71 234
100 7 138
125 136 722
105 175 867
135 54 989
51 133 777
42 87 965
22 38 74
107 16 69
24 123 819
114 79 669
169 26 244
15 8 475
93 33 677
1 47 690
166 152 420
79 46 899
159 104 766
82 53 643
3 8 488
112 22 48
119 90 197
134 45 942
64 112 59
42 16 924
32 174 40
18 52 991
15 95 429
28 142 50
179 154 482
21 132 531
142 156 532
143 139 642
134 60 477
29 66 280
17 169 155
82 134 96
27 166 86
134 99 716
134 8 80
153 14 994
99 28 798
46 53 857
113 72 508
161 113 85
162 117 245
8 72 497
119 124 938
179 69 195
30 155 289
11 101 834
30 72 418
147 112 690
169 95 237
174 126 416
66 40 423
46 59 860
31 109 222
75 5 547
51 31 324
125 105 399
40 144 583
5 129 220
90 50 558
146 150 49
30 75 868
183 114 456
139 47 506
101 140 474
121 13 412
138 62 809
125 45 182
177 16 621
79 152 393
147 123 820
133 25 21
81 2 548
10 69 433
127 4 612
153 10 532
170 105 271
97 142 184
12 168 698
81 49 889
149 181 897
88 104 741
133 166 86
128 17 858
99 103 704
91 12 481
49 61 213
34 104 11
60 43 231
5 178 463
9 31 392
54 95 649
36 119 274
31 82 853
109 181 854
122 52 764
68 156 997
59 151 137
27 84 230
6 57 593
130 49 17
16 153 655
11 183 821
73 24 276
165 144 212
0 183 608
105 86 183
121 30 124
0 72 836
68 54 205
143 172 124
183 145 696
128 98 264
168 162 529
127 175 170
16 87 599
133 104 99
130 159 629
146 103 570
134 117 886
171 112 895
174 43 518
160 49 65
5 89 410
139 39 618
38 179 730
141 45 885
67 108 868
19 89 871
85 152 152
60 43 696
31 160 547
5 165 643
137 61 421
19 20 333
50 178 669
135 22 546
127 142 435
35 155 214
139 140 583
167 141 118
34 176 709
18 4 502
157 50 868
50 19 572
29 32 366
103 133 953
132 127 290
9 115 299
136 106 808
137 113 181
134 91 767
47 156 25
160 56 193
12 60 44
173 107 179
139 28 252
30 59 504
10 23 17
72 85 198
173 48 426
161 26 821
50 140 836
106 102 978
80 129 486
86 166 607
8 117 482
99 51 115
52 34 961
13 175 72
72 55 429
83 153 354
166 5 976
95 70 660
64 68 516
46 145 288
181 99 615
107 158 295
50 77 799
137 123 359
50 74 521
73 48 492
19 94 443
43 117 861
140 106 499
157 140 370
2 35 830
72 81 953
39 177 597
148 150 658
56 152 335
111 17 680
96 69 292
156 180 170
181 139 445
88 111 776
160 182 821
41 112 806
160 70 49
126 145 193
14 43 214
61 105 263
117 142 317
87 150 815
98 46 889
21 92 190
168 80 199
89 8 31
55 165 64
121 55 996
155 55 436
120 177 806
132 163 456
95 117 123
58 22 372
168 81 175
119 34 324
127 166 299
152 27 952
128 179 515
24 43 441
165 131 35
73 83 302
146 71 461
111 170 112
113 68 155
124 176 961
122 124 879
169 127 899
165 174 801
168 165 129
175 159 752
88 26 142
12 95 898
41 92 589
131 125 675
174 177 666
100 142 77
72 73 840
122 121 884
13 171 13
37 39 715
79 134 700
127 101 83
37 41 947
105 171 481
117 177 817
121 169 800
155 179 99
115 131 392
73 169 874
100 172 541
146 64 918
77 136 27
181 57 845
20 5 177
154 39 914
50 112 31
129 100 501
173 22 361
138 106 414
19 159 82
130 95 62
133 21 818
67 50 763
101 159 825
47 13 172
146 159 673
146 37 742
103 53 133
40 92 496
8 34 340
129 60 565
178 42 727
162 181 40
90 30 587
83 1 509
59 11 615
33 89 530
177 73 559
26 133 213
163 86 629
100 8 717
130 141 923
143 134 778
54 33 862
135 156 532
49 151 935
102 167 670
136 145 543
72 74 984
83 70 594
76 162 63
140 71 330
121 32 635
77 63 559
120 32 256
67 102 407
148 176 674
6 17 688
169 79 666
56 76 20
10 36 647
181 91 702
6 36 109
168 92 781
77 72 392
29 175 409
171 66 695
45 183 338
120 142 110
18 111 930
162 109 451
67 101 829
178 3 277
147 88 876
42 56 405
68 45 699
24 118 557
130 178 378
134 168 298
50 174 229
47 173 339
170 117 453
130 145 933
137 157 529
23 30 200
13 22 111
32 76 751
47 166 817
132 71 555
97 48 657
104 98 487
2 112 766
167 67 602
78 102 782
85 153 368
68 16 841
154 90 107
173 141 658
92 145 56
109 159 31
129 156 329
127 175 715
135 90 749
61 167 376
100 106 41
57 98 451
88 133 595
44 40 700
57 24 51
112 144 238
153 117 729
104 16 705
23 75 966
134 176 862
143 17 970
67 145 764
102 139 420
40 179 265
94 57 807
23 101 123
139 101 940
89 41 892
95 81 258
23 132 140
119 80 734
24 74 686
126 38 430
139 165 557
32 98 432
11 104 459
79 67 467
7 2 824
112 38 551
110 26 380
177 183 239
89 93 585
146 101 666
91 13 768
179 134 806
101 169 758
28 62 175
86 76 265
58 161 442
23 35 187
174 155 1000
44 119 629
164 52 14
173 134 160
9 82 720
25 88 720
102 155 229
62 182 401
163 68 79
28 168 18
65 154 377
163 132 73
47 166 30
137 89 691
27 111 229
152 56 971
42 154 459
74 117 1000
73 29 836
119 124 254
177 89 189
177 116 920
98 38 779
178 92 763
47 56 651
78 4 151
151 149 426
27 75 742
91 132 950
16 169 174
134 95 441
18 169 117
31 59 959
131 69 814
142 85 295
163 176 265
28 16 243
6 33 88
52 55 676
137 142 679
153 162 554
46 50 522
3 15 62
178 60 530
10 170 614
171 23 311
113 121 760
121 132 593
86 24 977
158 95 756
126 171 407
114 57 239
105 17 959
62 113 195
32 142 719
93 24 652
169 87 370
141 147 142
89 175 843
91 132 94
37 61 588
82 164 273
57 59 51
54 166 197
111 173 462
116 134 92
40 111 318
57 155 153
59 48 151
41 28 589
92 89 400
107 16 41
136 50 608
74 170 598
40 21 989
9 104 354
52 16 196
44 162 496
172 79 596
95 38 561
166 175 620
60 178 971
121 182 83
181 157 36
121 175 912
172 168 990
40 38 95
84 149 395
62 40 501
127 38 214
113 60 336
118 180 884
30 35 761
169 158 41
106 42 104
55 36 723
119 56 582
94 19 640
135 73 452
27 125 164
176 135 552
27 90 203
131 125 667
177 178 751
48 123 989
52 98 318
129 11 371
68 157 99
27 40 599
124 160 10
93 99 818
57 39 87
10 24 200
75 178 552
130 32 518
36 15 276
150 132 994
146 85 608
130 21 258
140 61 928
74 165 513
59 125 695
61 50 190
31 131 580
66 41 487
20 97 246
47 37 649
64 177 997
60 115 723
82 73 511
154 69 918
92 139 936
105 18 821
171 157 3
20 111 216
84 112 670
48 59 650
140 75 798
173 4 412
124 120 448
144 123 159
66 13 395
160 139 514
90 65 821
64 4 965
117 85 612
4 104 887
50 7 495
148 56 257
47 94 449
48 143 778
93 40 44
30 27 966
51 128 961
136 2 625
122 121 65
71 58 304
24 119 615
111 165 535
132 103 233
16 81 703
93 73 11
170 84 205
178 36 484
138 91 509
136 98 969
125 163 226
38 109 435
23 90 853
167 118 798
126 20 904
29 62 992
178 165 993
128 154 742
59 63 261
20 130 827
162 41 159
124 96 698
162 73 740
74 39 232
168 176 376
61 174 477
88 123 348
64 124 55
94 93 12
97 161 191
134 76 972
103 182 600
138 97 596
43 157 54
176 37 968
26 140 169
168 93 533
166 150 861
51 26 379
159 43 382
45 19 950
84 88 853
133 130 683
175 153 584
108 25 1
4 113 593
111 138 154
4 6 568
101 144 595
12 44 148
83 21 77
46 86 174
5 82 630
38 167 312
145 98 732
59 98 691
143 181 750
48 19 374
28 114 218
170 156 127
2 151 729
84 146 676
114 109 38
99 34 303
100 30 176
89 80 102
178 72 816
14 26 535
11 12 986
44 23 229
118 93 839
149 116 856
60 165 873
166 78 70
152 55 254
144 102 231
21 117 372
52 132 903
161 128 294
21 73 434
148 26 620
133 101 916
84 81 126
145 82 655
122 114 691
52 182 474
98 86 15
70 91 538
50 99 151
154 109 173
88 3 956
58 112 715
66 28 102
7 130 619
164 183 319
120 166 506
140 28 58
85 89 93
61 180 430
78 119 129
94 78 603
57 1 86
169 48 772
180 129 661
93 38 420
30 78 755
135 115 867
29 76 48
64 179 614
16 178 823
101 86 559
157 43 373
161 34 505
171 154 297
5 76 157
62 10 233
14 117 827
102 141 803
138 39 634
96 47 411
140 149 792
87 175 880
7 26 288
51 164 152
156 106 279
52 58 234
46 79 586
19 113 37
103 173 357
35 134 246
79 53 64
0 166 2
133 111 955
31 87 14
159 119 438
136 118 728
108 113 140
80 84 955
137 11 839
83 1 487
75 96 882
117 160 52
145 126 455
169 32 734
150 52 790
177 89 910
3 73 430
115 20 224
107 132 279
7 101 968
42 43 463
140 81 608
18 49 282
139 148 267
134 19 583
35 148 496
171 165 600
87 153 28
141 175 475
71 116 988
25 110 575
103 25 166
19 166 562
7 141 462
52 172 879
50 158 992
13 142 617
156 136 150
148 140 357
118 12 823
111 35 942
52 78 680
65 111 548
70 66 137
167 30 579
149 77 49
167 59 223
147 52 119
169 77 572
139 170 128
47 5 276
132 53 237
177 93 755
175 5 485
151 1 476
75 34 880
111 97 272
117 19 265
43 80 638
158 177 348
5 173 22
113 45 658
13 83 978
62 144 664
157 108 151
150 110 801
175 88 265
32 129 495
135 98 330
28 114 650
146 145 554
21 3 917
119 31 811
61 162 151
62 101 872
120 3 4
51 161 744
131 149 338
121 133 504
141 129 873
155 108 451
49 89 437
20 92 879
145 167 998
177 65 290
148 40 920
56 115 816
73 156 990
0 32 20
140 102 854
104 71 332
131 38 439
74 148 511
172 119 524
48 112 259
163 37 289
106 34 340
66 94 615
67 64 968
107 116 449
129 181 251
53 88 993
73 29 288
42 155 857
36 58 162
66 8 904
70 5 915
167 127 63
179 147 152
130 28 692
7 84 52
99 3 871
29 1 928
170 93 123
136 172 604
105 159 391
135 179 833
79 156 779
177 153 12
91 30 510
100 134 890
150 49 243
86 30 695
154 69 154
32 120 474
12 6 405
61 145 6
114 182 731
157 85 317
32 25 653
58 183 637
87 156 912
78 77 633
130 15 543
38 29 579
64 113 822
34 16 416
71 131 824
85 83 456
175 92 495
161 8 705
35 46 108
118 22 368
90 125 646
11 122 87
130 58 575
110 105 901
129 50 20
87 39 418
141 16 466
69 112 737
148 43 910
136 61 556
133 136 692
49 138 17
120 81 103
138 141 595
54 126 307
177 154 742
159 30 533
74 113 436
146 34 437
33 66 677
33 141 586
116 149 513
87 145 152
156 11 295
3 162 776
86 167 721
160 0 322
159 52 747
163 11 984
154 164 53
156 168 469
74 13 8
52 141 545
162 96 531
78 171 211
105 32 656
124 107 777
29 162 779
129 173 11
152 140 902
80 169 170
7 130 910
166 70 421
85 63 776
81 63 299
69 40 822
69 44 232
31 95 376
22 113 776
5 10 456
125 78 533
132 84 837
157 82 217
53 17 477
137 44 455
32 76 720
31 16 636
35 65 200
72 163 890
144 107 569
55 34 46
26 92 658
153 85 77
94 22 984
135 142 756
29 66 273
16 85 125
103 172 888
40 135 505
45 175 598
64 57 207
103 9 646
35 171 421
125 0 213
101 17 931
126 88 911
57 147 290
13 155 975
78 155 656
172 123 920
131 18 155
123 179 35
21 18 824
31 49 320
95 104 346
6 85 131
20 140 368
149 148 593
32 104 757
77 171 546
85 48 380
37 165 413
153 125 573
85 114 906
76 129 565
54 149 763
14 60 348
81 146 332
173 44 176
139 178 473
55 162 18
50 113 608
117 119 85
110 179 492
66 13 51
6 140 140
22 3 952
104 105 395
43 64 488
93 92 26
12 128 920
163 20 378
131 71 895
119 97 857
30 47 194
79 158 963
122 82 561
98 46 245
146 139 49
64 55 207
