10 21 301
8 14 629
0 13 865
20 10 27
10 18 568
19 5 261
11 8 525
12 8 648
6 19 457
8 17 159
7 9 186
10 15 332
11 0 387
11 3 452
19 13 926
19 13 125
2 12 690
1 2 283
13 2 291
18 17 229
0 21 656
9 20 609
2 0 591
6 7 336
3 4 509
17 19 946
17 14 362
13 17 810
12 17 150
21 19 185
4 15 91
11 19 619
0 15 853
8 4 306
18 12 998
15 7 609
4 12 607
17 8 97
21 10 660
8 16 241
12 16 924
10 0 924
6 7 475
5 8 606
8 16 384
13 4 226
2 7 97
7 18 581
16 19 705
14 11 822
6 2 666
21 15 61
0 9 86
18 2 317
0 12 670
18 6 815
14 19 694
4 16 355
11 13 553
16 12 902
11 17 539
5 7 371
19 12 902
7 16 85
10 3 759
5 0 585
5 11 907
16 7 528
6 4 532
1 0 293
4 8 745
4 10 748
8 5 346
11 8 943
11 16 722
21 12 455
21 6 629
21 18 329
10 13 983
12 2 728
1 19 192
18 7 345
11 9 923
15 18 959
19 0 558
9 12 210
16 12 80
11 3 353
19 20 956
19 16 220
9 13 896
4 2 791
6 21 758
20 0 468
5 16 911
15 6 784
20 18 904
19 12 364
12 14 871
15 10 420
12 21 935
14 12 719
18 1 325
5 1 820
1 0 731
12 10 103
9 21 970
3 21 447
19 14 193
9 4 262
6 3 875
11 1 102
10 1 47
9 14 987
19 8 91
12 11 122
17 10 895
3 1 522
21 6 727
17 9 662
15 1 535
8 4 517
2 4 328
1 8 997
8 13 769
3 18 379
