4 19 373
33 20 881
26 18 744
9 19 418
35 6 958
42 2 451
30 10 915
4 32 585
12 33 809
23 20 378
0 38 874
9 23 959
42 4 418
20 3 159
12 16 756
28 36 736
20 16 520
12 30 242
17 31 520
22 13 534
38 1 138
1 15 702
0 26 866
19 16 654
16 19 434
9 31 792
23 37 122
27 3 549
41 20 501
25 40 339
36 16 475
29 6 408
8 24 842
21 36 784
1 13 436
4 12 612
2 0 476
36 26 90
3 25 775
8 15 429
5 33 181
41 15 256
11 5 68
33 8 98
7 10 656
2 10 795
21 7 825
37 21 38
13 28 978
42 8 222
36 15 377
16 26 442
8 14 22
29 12 181
17 32 470
5 16 102
33 16 659
11 8 174
10 9 76
8 42 943
33 29 235
30 0 932
7 41 644
34 1 219
0 40 409
16 3 690
10 35 897
27 9 400
7 39 727
35 36 579
9 1 274
15 5 907
41 8 43
14 30 323
5 4 772
29 12 979
0 21 587
27 10 590
14 33 44
14 30 647
34 30 381
20 3 559
25 18 309
8 28 762
24 36 708
16 25 662
30 13 464
6 39 326
42 0 276
9 10 588
19 39 925
42 37 576
14 5 336
2 34 356
41 22 890
6 21 883
16 8 527
39 0 277
39 29 480
26 21 953
29 8 34
21 37 726
41 31 354
21 42 613
35 3 782
3 33 447
25 17 380
17 24 191
23 0 791
38 17 24
9 6 235
12 42 327
31 14 542
35 41 290
4 14 933
25 37 825
4 19 111
15 6 891
10 7 905
18 9 58
35 31 289
17 11 268
33 25 838
27 37 793
6 31 779
3 22 278
30 5 971
8 28 427
5 23 19
19 17 575
35 4 999
23 8 724
32 36 548
14 2 829
13 41 948
16 29 414
28 31 618
16 12 979
33 41 301
4 24 961
8 11 659
20 35 735
9 36 270
28 24 848
38 41 394
13 19 836
30 38 696
34 11 140
17 20 200
9 32 687
7 11 532
24 26 249
4 15 223
42 30 251
27 29 324
41 6 344
39 7 818
14 6 83
26 0 20
30 12 858
38 25 953
2 29 869
19 30 58
7 35 332
32 27 947
6 27 176
5 30 978
1 31 663
14 29 188
19 10 585
36 4 597
22 1 308
35 42 200
34 10 420
8 21 465
34 25 679
35 23 860
1 38 657
27 15 32
37 10 64
4 36 103
5 18 379
15 20 755
30 7 635
12 38 985
42 23 154
14 29 361
25 26 773
39 31 750
22 20 441
2 6 929
35 6 390
13 5 550
0 21 794
2 23 665
42 20 157
0 24 845
37 39 901
23 3 330
22 29 654
41 33 954
10 38 744
5 2 93
32 9 642
25 38 80
39 7 929
11 35 254
13 3 807
13 19 740
4 7 646
19 12 668
29 21 502
11 18 208
23 24 741
42 38 47
33 0 173
23 12 825
18 7 230
30 32 90
27 23 36
0 32 80
31 4 579
18 41 319
38 0 717
41 24 117
7 38 43
40 12 730
21 32 564
26 36 427
22 18 585
16 1 331
24 0 254
27 28 124
41 4 16
39 7 392
42 40 179
27 7 153
26 9 524
11 41 925
23 33 751
4 21 665
3 36 948
29 18 377
38 42 59
14 22 284
37 15 875
9 24 222
24 32 665
19 21 652
22 0 846
37 36 45
30 29 628
23 37 329
27 24 359
8 9 244
5 29 526
25 38 222
37 28 759
16 28 77
4 15 20
19 2 812
26 22 642
38 42 356
5 18 77
17 8 202
23 27 228
36 1 476
16 26 217
25 8 630
0 20 281
2 10 696
35 14 292
6 35 13
30 24 482
12 8 281
31 42 154
4 35 474
40 12 338
10 34 576
18 4 989
3 0 397
12 31 128
38 11 802
16 31 458
16 38 578
24 36 287
23 10 995
21 33 107
24 35 499
32 10 857
38 7 849
17 27 310
21 27 13
21 3 258
6 23 942
41 40 707
6 27 323
13 17 392
5 4 381
27 10 673
32 4 383
29 22 399
18 8 385
36 9 609
15 20 117
37 9 850
23 4 121
42 12 582
17 38 439
32 42 931
18 38 965
39 8 58
29 38 963
34 30 329
14 13 476
1 17 891
10 37 261
7 24 753
25 17 776
41 0 203
1 14 976
12 7 643
28 36 82
14 8 154
42 6 732
38 10 727
4 33 117
20 1 585
4 27 803
40 25 75
5 9 156
27 36 620
42 1 981
38 25 296
32 10 633
1 17 303
10 27 732
20 21 586
39 30 835
28 38 243
25 28 924
31 20 308
10 22 385
9 33 942
0 30 341
31 33 531
1 18 649
33 24 672
4 13 372
39 36 150
37 34 576
21 32 643
8 22 78
12 32 500
25 39 5
7 20 759
22 19 880
30 10 387
8 38 794
4 35 890
32 7 954
4 14 947
25 14 731
33 36 921
36 22 324
20 27 293
17 23 575
2 17 510
15 33 288
23 9 180
17 30 404
22 42 718
11 6 342
32 24 334
24 11 128
13 15 439
3 37 279
11 31 374
30 13 770
33 25 348
21 25 201
35 7 554
29 13 896
15 32 190
32 28 808
23 30 196
5 28 218
2 13 480
12 11 813
22 30 215
18 39 452
24 5 126
37 25 920
24 37 48
35 42 90
2 7 378
28 17 97
5 29 678
25 26 268
40 39 131
9 26 996
11 6 584
18 29 977
36 38 52
27 2 866
2 6 874
5 23 472
30 15 21
39 35 955
6 19 812
17 38 970
5 28 297
26 38 937
6 38 543
39 28 836
2 19 221
1 41 368
32 27 317
33 21 801
9 33 553
17 6 522
23 11 635
4 8 525
35 16 789
19 13 526
30 40 797
8 33 396
13 35 346
38 39 784
13 27 687
3 32 546
26 8 323
2 24 155
25 1 4
40 11 909
36 41 479
25 29 458
35 18 925
25 10 45
3 27 797
17 11 407
27 35 728
17 31 99
40 28 19
38 29 706
38 39 362
30 35 880
1 33 604
8 42 378
4 18 674
38 1 605
34 17 141
42 34 905
6 36 260
13 35 816
40 29 380
16 9 665
31 0 615
4 21 16
28 7 461
32 40 885
39 28 940
7 11 454
21 0 609
0 20 762
22 24 315
26 27 476
14 19 772
2 0 260
11 4 627
30 4 698
12 30 322
19 32 284
9 41 614
8 27 907
5 17 734
