28 89 317
105 99 237
58 51 666
91 25 279
32 41 817
43 101 5
91 40 232
64 59 357
17 66 932
15 99 358
112 111 775
72 53 508
76 8 309
85 103 274
34 72 820
80 73 103
7 114 112
18 4 879
14 2 282
47 74 749
69 37 660
79 80 436
89 60 435
111 97 559
27 5 192
5 87 485
33 90 498
16 60 861
78 8 946
64 2 251
29 106 896
44 40 767
53 93 862
75 71 708
9 62 977
10 31 264
71 3 671
66 105 249
30 98 354
114 46 517
39 69 924
85 30 790
70 7 770
29 56 300
87 53 249
10 34 692
73 103 50
22 3 320
96 110 215
23 96 210
68 87 890
14 13 426
82 89 66
31 15 323
21 46 49
42 10 602
54 38 134
54 64 992
52 74 857
70 5 266
78 109 94
0 105 740
3 2 502
15 3 924
41 100 602
74 49 712
95 82 313
33 6 499
45 47 276
28 93 701
53 67 997
91 108 189
8 18 575
6 77 839
98 83 972
0 16 249
57 7 555
56 100 609
64 95 447
22 7 811
95 72 568
29 106 306
11 36 201
86 64 981
105 61 422
96 83 656
85 41 859
98 94 19
60 68 105
113 81 883
19 37 987
17 79 649
29 98 579
77 86 359
24 55 131
58 11 983
47 73 778
16 21 530
21 47 907
14 38 754
105 94 657
26 65 141
90 103 20
13 16 810
50 53 791
37 47 958
27 10 146
29 32 700
60 4 716
76 103 452
95 39 124
81 63 384
74 51 913
87 22 867
75 10 492
86 33 836
45 41 491
58 96 223
63 2 945
90 100 170
81 33 173
100 49 454
40 8 799
6 2 585
110 48 700
77 87 254
99 103 488
31 13 105
27 68 777
69 110 468
52 112 275
114 28 727
114 104 577
53 101 348
78 107 256
16 21 176
65 101 873
73 69 866
75 36 359
18 59 934
33 69 375
2 57 136
25 82 254
101 75 690
3 110 595
60 88 245
2 84 498
71 63 624
97 76 676
15 58 526
23 38 221
75 7 721
96 5 415
11 66 388
114 40 463
65 32 848
42 68 321
103 105 33
48 0 400
29 84 283
34 93 438
35 46 56
63 61 433
96 69 244
25 101 249
60 30 224
110 61 395
68 77 509
5 23 867
79 10 45
73 69 328
58 85 414
49 79 481
38 90 180
72 94 295
68 21 139
108 39 301
53 26 137
49 40 259
56 55 717
104 95 615
25 27 239
31 87 259
43 55 12
43 32 556
37 30 331
102 26 340
63 72 207
35 42 403
76 50 973
112 81 180
75 90 818
51 12 96
0 57 645
93 26 769
65 37 330
64 83 281
32 17 94
51 99 726
71 111 630
78 34 526
67 31 793
48 90 430
112 62 332
53 21 29
2 109 936
93 110 81
114 101 806
37 6 251
77 48 421
40 38 652
61 63 457
109 78 966
26 79 231
72 36 181
79 99 553
30 10 423
7 5 9
14 67 77
65 26 612
96 94 757
43 38 23
101 40 199
24 56 240
21 67 84
77 2 862
59 86 845
87 98 819
58 70 732
12 75 15
107 81 619
26 47 134
43 21 357
75 5 992
54 48 603
9 63 982
112 96 7
65 94 431
60 83 464
84 101 288
41 108 224
110 19 796
26 77 343
82 91 478
28 88 207
75 9 2
68 11 304
57 35 580
57 15 877
75 89 857
103 45 115
8 20 764
87 108 371
70 65 328
11 96 955
95 68 589
66 94 51
80 7 11
3 44 268
90 31 480
28 43 627
55 54 833
60 43 145
39 98 537
61 93 785
6 5 824
95 47 694
98 51 574
56 9 168
80 43 696
40 64 472
88 56 742
107 71 436
45 66 366
114 44 206
15 12 411
76 107 795
88 69 351
100 109 359
103 66 719
88 39 170
1 99 24
1 49 849
46 24 612
60 61 303
0 54 337
55 30 564
78 32 355
101 86 121
65 23 441
69 106 905
110 96 639
8 41 553
33 80 109
92 99 843
73 6 754
70 41 501
91 70 754
95 36 448
91 113 189
74 10 529
69 46 434
100 75 675
107 89 79
2 41 41
17 69 210
67 22 818
86 8 955
72 107 38
108 16 329
16 108 551
29 67 445
22 90 410
25 53 757
17 49 237
25 21 366
79 48 715
38 81 191
110 106 481
18 71 578
57 14 82
50 78 902
48 9 978
84 33 891
36 98 711
86 18 745
13 29 375
86 59 535
50 0 970
65 114 278
25 82 364
43 59 173
81 58 791
9 45 462
7 43 961
33 45 870
85 20 350
49 45 427
11 108 311
65 92 599
110 74 117
0 18 457
61 84 184
78 90 371
109 12 339
57 41 857
21 54 993
63 60 886
35 62 451
62 45 173
88 14 350
7 59 293
90 59 490
66 107 278
58 57 131
101 69 49
9 69 126
1 14 336
108 16 259
35 42 795
110 42 381
28 99 510
98 2 671
88 37 178
68 95 798
62 40 33
84 98 589
57 30 416
18 108 536
52 26 76
112 34 938
33 57 403
29 85 684
103 27 227
83 54 461
89 53 487
95 68 640
74 81 513
77 80 226
40 58 258
91 111 970
6 0 272
76 45 472
79 26 784
108 44 941
75 47 923
48 72 680
114 44 126
69 45 348
42 54 63
40 35 690
60 53 554
7 1 386
101 67 343
70 98 357
10 8 863
100 10 380
44 109 807
57 9 115
87 1 239
74 45 99
64 7 120
98 88 399
114 105 594
13 16 632
75 17 970
3 113 924
0 3 493
108 46 844
89 11 335
61 102 484
54 64 412
86 4 796
93 11 180
98 93 58
22 29 440
98 80 295
70 55 66
47 23 940
9 73 395
99 106 789
7 64 225
93 15 824
26 83 640
20 30 589
13 9 774
28 36 122
41 88 874
49 100 786
95 100 675
12 67 567
108 42 698
57 95 235
31 57 133
113 15 354
50 46 186
40 109 108
49 7 691
13 8 225
46 88 775
26 73 181
25 105 761
94 69 226
30 86 601
41 37 958
77 7 476
103 35 519
36 70 703
14 11 844
72 5 111
60 101 764
36 86 567
75 7 956
36 101 163
84 71 465
55 1 786
58 107 834
56 84 389
52 33 673
61 13 413
34 24 790
19 49 450
102 103 54
44 102 938
19 88 307
108 1 989
26 52 102
75 79 709
97 46 620
22 76 385
31 90 806
57 114 307
16 83 845
88 80 49
47 39 65
43 64 77
55 11 467
22 72 132
111 56 757
25 87 243
3 45 224
114 109 334
47 106 91
34 19 524
4 57 269
26 103 921
78 63 410
22 53 379
27 18 525
2 106 546
75 53 342
27 3 340
96 91 35
33 75 311
92 57 146
98 79 405
7 5 81
51 56 54
106 29 996
106 38 78
27 1 882
22 108 293
30 8 339
111 96 310
105 30 430
42 7 25
100 94 168
41 104 919
107 102 756
35 57 714
86 9 335
47 22 707
25 23 567
113 26 450
74 70 547
94 41 130
69 56 281
106 40 680
38 65 615
3 59 669
23 83 699
3 57 218
41 18 837
83 16 202
73 27 171
73 28 814
78 13 95
47 69 129
71 80 33
26 60 812
40 9 418
104 50 417
69 52 307
48 95 146
99 101 731
92 65 112
11 72 479
17 38 580
108 114 273
15 111 862
89 25 71
44 83 687
51 38 745
44 81 844
49 69 878
33 13 338
76 69 200
79 52 159
66 106 162
49 43 961
8 94 363
58 93 363
46 110 91
55 95 814
108 22 498
93 99 933
20 2 808
89 35 982
59 34 98
100 31 481
87 61 926
40 43 642
73 17 47
91 73 702
96 22 343
35 97 394
26 70 838
34 97 915
16 54 616
77 107 126
60 96 473
53 114 330
56 100 356
63 3 990
50 73 366
53 20 691
62 38 854
73 9 270
108 52 936
31 29 992
101 82 167
45 98 364
68 29 986
85 36 713
67 3 710
93 25 504
52 70 64
9 1 379
22 72 862
51 77 837
50 109 482
16 29 336
46 29 384
0 73 879
106 46 831
42 14 907
2 71 665
22 57 151
12 47 671
57 3 726
39 42 50
71 18 531
44 29 688
0 70 737
61 22 803
111 100 823
89 83 38
52 85 812
90 30 823
6 55 749
32 37 332
53 71 242
0 2 810
91 8 259
7 9 712
28 114 460
86 104 414
112 18 896
62 34 371
107 54 742
59 65 622
108 96 514
87 20 582
32 87 609
15 99 289
8 24 967
104 10 657
6 77 142
57 20 7
29 27 974
99 93 997
57 24 522
29 73 321
4 89 849
70 38 66
34 103 611
41 11 770
50 102 282
71 108 204
87 30 270
57 36 580
53 100 111
55 36 534
66 64 220
27 39 477
23 26 635
42 13 673
66 96 232
66 100 960
25 102 347
88 52 71
103 30 423
28 62 391
97 2 17
19 6 472
1 41 571
32 107 798
106 76 337
111 26 942
77 114 501
41 81 923
1 49 438
27 36 509
20 112 502
94 18 456
52 15 976
26 72 251
79 94 881
14 53 826
80 34 213
46 62 702
26 20 95
78 70 588
0 86 33
53 58 954
64 66 608
69 21 492
15 46 594
55 114 266
32 100 586
111 93 511
83 85 229
113 76 295
14 104 944
0 92 672
96 44 927
53 23 533
90 24 234
35 46 427
4 66 289
110 23 636
37 31 740
55 64 599
71 72 947
107 97 698
94 105 437
34 78 834
7 97 468
44 77 286
16 75 837
45 61 582
80 23 836
98 67 712
91 14 43
85 54 889
74 34 966
24 114 596
52 22 314
1 71 74
64 41 461
5 39 862
17 31 158
63 64 343
111 88 849
86 43 584
114 109 71
69 37 419
98 2 38
69 88 671
70 110 706
109 95 852
31 87 370
34 50 558
102 106 332
86 29 978
111 45 153
27 6 334
24 50 523
45 87 378
98 39 460
31 81 506
28 24 338
83 33 3
55 104 692
69 93 425
81 104 549
13 106 169
41 62 310
21 86 645
25 45 21
72 76 159
93 14 876
103 100 249
88 65 521
25 33 917
107 75 340
33 20 480
59 35 999
37 78 861
96 51 594
98 87 659
20 55 939
42 66 9
65 48 192
70 32 343
65 14 966
57 33 851
73 78 787
3 108 841
50 46 131
8 71 202
8 28 705
31 43 983
113 91 844
19 47 533
48 95 822
48 107 995
34 108 437
16 106 361
96 69 943
35 42 812
83 37 996
81 64 857
21 17 124
90 36 615
4 63 142
30 114 407
99 42 823
64 24 412
24 67 921
75 7 821
41 79 410
23 103 491
18 20 391
47 79 899
55 14 204
29 19 91
43 23 114
15 17 848
104 45 822
22 40 640
43 63 719
105 75 255
70 105 220
108 10 665
35 54 308
108 49 958
102 13 273
29 96 999
58 11 608
22 96 473
37 72 554
29 71 721
10 79 574
84 110 468
100 84 654
93 17 611
2 34 765
41 47 758
18 51 776
102 104 887
87 80 366
19 86 977
52 39 443
45 24 476
21 71 227
47 89 878
55 2 624
28 77 291
64 60 697
37 105 702
74 30 885
35 9 343
53 112 682
61 89 875
58 4 29
83 10 603
63 57 917
85 95 817
54 37 282
15 67 825
43 110 963
2 77 390
87 9 614
71 2 770
74 48 998
72 36 430
26 63 559
101 92 250
18 7 280
62 44 597
110 91 509
78 47 898
39 100 656
4 91 515
27 6 521
90 47 659
72 66 399
0 11 480
20 22 248
5 47 915
98 52 947
59 58 512
59 87 549
98 64 234
10 57 156
103 40 519
6 29 868
67 47 337
99 75 563
37 85 481
65 86 450
15 23 103
108 114 402
107 97 802
21 25 161
71 108 888
80 15 574
99 39 396
33 19 47
79 41 84
8 3 145
58 56 403
15 32 806
89 114 840
16 50 492
94 62 25
24 48 983
26 71 940
25 87 160
95 53 574
13 11 640
50 2 17
7 99 717
31 62 576
80 52 870
112 26 790
11 77 116
43 59 355
54 10 340
101 88 295
49 56 703
112 79 477
54 101 770
77 61 177
99 8 528
45 49 33
110 11 929
99 107 109
59 67 974
83 61 350
10 44 811
103 21 295
112 37 371
15 26 699
40 76 888
38 90 564
55 50 874
102 58 138
38 114 99
34 98 669
73 85 638
109 9 861
64 53 860
68 102 244
6 11 245
49 54 962
105 39 727
107 78 49
109 35 275
69 54 591
67 79 507
6 63 287
22 21 835
71 110 329
3 55 910
92 104 609
30 90 727
96 87 631
79 73 667
78 15 604
87 36 265
33 68 542
50 106 366
55 26 201
105 73 682
99 91 578
93 21 647
83 97 641
87 98 727
0 29 32
25 106 762
97 86 300
45 92 3
20 44 914
113 104 912
54 29 254
108 7 966
104 114 568
24 11 815
23 92 824
40 1 805
81 69 504
60 67 285
87 72 279
78 23 227
110 84 98
79 32 378
1 58 172
68 9 613
88 26 970
89 90 660
98 104 905
84 98 195
61 87 842
42 97 516
54 26 948
94 97 458
79 104 203
40 95 846
5 100 219
83 42 934
25 54 913
86 18 687
104 10 219
90 25 932
104 15 89
50 2 904
16 83 741
60 114 629
36 97 552
99 19 559
91 52 14
82 83 510
104 95 553
79 27 269
35 59 923
2 112 500
100 23 714
10 28 594
55 11 335
51 95 613
102 8 380
87 70 430
107 22 481
101 43 401
48 50 829
69 84 881
5 1 134
47 15 991
97 1 252
107 0 714
85 34 135
82 29 332
81 0 864
81 104 808
107 45 482
13 57 678
40 105 247
101 93 610
108 80 508
54 0 595
7 76 637
9 95 326
103 96 643
57 9 628
108 46 428
31 28 393
3 112 197
13 90 498
101 45 775
72 98 279
32 102 400
51 67 909
53 42 314
26 105 655
49 8 893
75 48 965
22 0 937
113 57 657
47 97 389
93 70 96
59 83 420
113 94 774
66 38 743
23 13 836
37 86 39
81 70 650
0 6 784
112 38 761
103 25 422
103 25 520
98 10 857
90 74 566
69 90 381
25 52 866
97 100 823
74 114 869
63 31 509
44 81 179
110 39 68
80 37 301
26 32 321
45 113 571
74 65 308
86 79 155
84 28 104
62 26 918
65 78 91
108 36 557
72 98 877
85 12 82
100 85 634
102 38 563
93 49 290
28 35 459
70 3 728
23 25 563
101 93 43
86 21 597
109 71 989
113 46 273
19 112 126
79 93 94
7 16 979
106 49 816
30 78 231
103 14 165
92 63 486
59 1 265
46 52 514
35 18 587
90 100 499
42 5 302
106 47 801
100 74 269
21 91 285
91 84 274
55 37 53
39 70 139
104 50 947
24 79 304
22 86 657
101 56 408
25 99 550
38 66 678
77 79 977
74 106 438
89 10 758
15 111 597
27 3 290
52 60 69
50 30 85
7 112 528
61 56 314
108 109 824
108 103 548
55 71 53
82 52 872
24 30 597
16 103 179
81 109 563
25 78 150
51 5 239
109 88 492
107 92 121
41 39 826
107 111 433
45 96 847
12 20 439
47 46 612
42 93 346
31 44 521
26 67 357
78 108 985
13 46 872
52 99 102
1 21 278
54 101 758
88 37 290
82 53 614
32 57 992
77 54 280
68 10 294
58 7 148
41 94 498
39 109 975
20 103 867
30 74 802
7 85 457
5 58 98
2 88 676
53 59 73
29 101 55
5 68 454
46 36 122
39 29 453
89 3 794
44 52 664
87 35 981
53 55 78
44 50 870
66 62 601
53 3 735
71 75 833
57 63 79
113 41 145
76 49 557
34 65 821
103 92 430
94 103 452
41 23 435
62 24 955
54 99 886
60 40 232
12 24 971
8 45 141
89 51 731
38 29 160
48 88 506
92 105 24
25 33 127
98 35 699
5 83 854
97 11 637
93 50 522
42 40 381
48 52 96
36 39 473
28 102 685
48 105 887
20 80 467
59 103 645
73 62 298
23 26 617
97 34 326
65 85 248
29 106 506
99 26 621
55 39 460
93 49 993
51 92 195
65 0 695
26 62 517
94 112 209
92 57 292
82 8 784
50 33 368
79 98 630
96 56 200
46 88 562
48 82 432
6 95 475
35 26 205
74 84 541
105 104 865
72 65 403
56 45 351
99 75 368
9 76 533
32 70 484
21 66 261
59 100 835
62 29 911
105 87 929
19 16 559
32 56 384
79 15 524
102 70 329
5 26 265
103 78 129
107 6 249
27 46 148
14 16 591
35 41 452
4 79 996
63 80 485
27 106 759
41 75 811
48 91 771
23 97 873
25 107 477
88 5 641
65 12 131
14 12 189
7 66 190
64 108 398
1 7 994
79 63 959
58 73 129
28 102 306
36 83 477
44 3 677
27 35 808
44 0 689
69 76 351
73 70 506
74 73 72
21 45 836
36 112 368
93 24 974
111 110 430
43 7 646
53 20 392
68 100 457
75 47 301
18 89 370
15 45 40
15 38 959
57 18 438
46 86 359
86 32 404
0 37 730
70 42 487
73 59 390
93 74 828
57 74 963
112 98 224
114 8 914
91 56 881
111 0 156
79 110 945
73 96 172
79 54 235
93 21 734
32 27 576
27 8 401
28 35 601
36 68 25
74 6 151
87 45 762
71 25 50
44 93 766
62 93 443
21 69 407
109 1 409
23 7 501
61 6 864
88 95 488
57 106 837
88 37 508
76 26 632
100 112 976
88 47 349
108 91 253
22 77 27
29 69 871
49 65 170
105 53 298
17 61 545
26 98 315
59 34 214
57 37 455
5 69 363
31 113 908
1 53 682
58 30 132
31 91 16
83 47 634
61 54 533
100 47 791
86 95 387
80 69 652
23 5 880
43 32 314
38 47 235
55 33 615
61 53 438
7 39 830
86 106 387
69 67 360
33 38 648
54 32 515
95 114 664
40 24 959
63 95 742
67 103 323
59 0 178
88 114 177
66 4 50
99 77 163
46 63 210
96 80 922
45 57 822
68 15 621
74 64 411
94 41 156
112 109 661
27 41 156
23 63 964
38 39 319
63 97 447
8 45 933
23 4 417
19 100 214
101 90 37
38 99 543
87 76 649
26 45 915
88 10 188
17 43 831
91 106 11
17 113 47
46 10 878
27 68 67
18 4 827
43 104 761
59 12 547
90 72 864
97 33 545
108 28 537
84 106 295
25 75 586
44 41 201
9 11 993
101 85 804
71 31 488
91 87 997
89 101 401
97 61 928
17 53 794
96 57 127
7 85 852
6 100 601
62 106 560
26 54 772
5 27 443
91 41 261
49 95 600
101 66 115
24 59 61
66 59 158
111 40 900
34 101 203
19 58 297
55 68 713
12 85 990
12 84 130
101 46 25
12 1 727
6 30 753
26 44 835
55 98 523
101 1 300
9 18 93
67 92 808
110 90 462
96 71 709
56 76 102
12 60 558
113 51 703
63 64 215
35 32 769
19 87 462
1 58 806
10 104 714
79 62 965
11 98 928
76 107 161
45 100 627
84 85 339
64 63 427
27 98 900
93 89 857
41 17 721
2 75 503
36 37 58
32 6 303
13 61 296
111 57 156
25 103 84
111 109 343
17 96 744
59 57 116
111 1 580
4 34 983
57 60 614
32 84 76
90 64 837
48 68 397
107 80 738
95 14 897
61 113 250
73 50 166
7 82 158
29 21 845
4 27 329
94 19 116
47 79 982
11 75 81
44 90 483
26 56 749
28 26 145
75 52 30
73 49 738
10 102 808
30 41 946
54 95 292
77 35 726
74 65 354
61 6 815
7 68 284
19 107 677
70 59 310
53 91 755
20 26 129
54 57 702
80 109 3
91 73 505
44 102 177
84 14 353
49 58 727
26 10 431
50 64 341
10 62 936
90 18 753
109 1 307
48 63 796
108 55 116
7 46 829
85 45 907
16 37 752
41 83 688
41 73 55
61 22 315
7 10 499
88 60 126
78 112 790
109 97 958
91 111 654
48 96 936
96 112 160
90 20 306
16 41 365
51 75 52
90 49 290
58 2 762
13 85 484
13 51 378
7 37 238
95 100 457
39 57 554
102 78 971
2 97 32
53 84 906
87 107 417
59 9 365
90 13 236
89 98 940
26 70 511
52 87 409
112 86 517
52 107 763
36 29 172
22 68 383
38 8 213
73 71 553
73 112 312
102 23 183
25 114 270
26 69 740
55 10 465
29 48 649
20 2 443
103 71 312
53 72 574
21 34 943
83 20 333
71 86 956
68 6 547
91 41 422
71 75 652
37 67 642
0 15 194
108 9 877
76 51 449
114 92 199
68 37 537
88 95 445
47 50 997
5 109 386
9 46 126
71 47 439
62 66 185
37 3 842
97 2 556
86 4 403
25 60 226
111 64 135
11 29 337
60 67 685
101 22 632
33 72 58
108 72 710
85 39 322
70 47 650
19 8 897
73 78 634
105 48 465
14 93 177
75 60 522
36 5 796
89 39 134
73 15 415
82 90 976
39 103 50
42 48 552
69 10 2
94 111 131
1 33 555
1 72 35
78 77 658
76 3 97
102 6 245
88 25 192
98 10 308
63 74 330
81 43 652
26 66 649
7 4 241
19 5 577
5 10 369
81 113 945
4 100 855
28 74 702
18 65 498
92 66 89
70 103 619
39 13 448
99 48 268
54 96 78
106 55 129
75 95 23
89 109 362
11 43 429
71 112 721
108 17 712
114 8 528
42 110 633
18 57 807
53 30 225
91 75 14
8 14 795
68 110 949
85 45 986
70 1 730
23 8 126
26 27 175
103 5 210
98 93 173
73 91 80
91 109 397
66 25 466
101 95 57
1 33 964
46 34 308
27 31 43
58 64 289
23 79 274
8 87 297
50 4 732
114 111 614
2 99 560
76 46 52
97 8 445
33 72 520
66 113 706
35 114 671
82 72 488
0 74 602
71 40 483
16 24 642
97 47 898
7 12 370
27 54 176
8 47 195
73 1 475
26 83 663
93 90 640
51 111 213
49 85 96
88 26 382
4 96 176
63 6 236
113 76 697
103 76 895
108 42 320
8 99 60
82 60 726
46 95 340
69 66 642
65 55 954
7 53 658
111 94 333
22 32 313
59 88 187
90 92 111
8 34 395
40 68 720
2 51 284
58 2 899
86 89 18
12 60 509
2 100 256
78 86 594
18 79 455
95 84 237
66 39 40
75 77 412
74 22 807
47 88 541
1 50 671
22 30 545
51 83 358
11 90 61
61 69 115
62 14 323
96 43 51
45 51 674
85 93 607
26 77 446
58 97 568
19 112 775
79 70 861
1 7 14
103 19 456
8 84 608
36 3 153
89 50 982
35 107 938
52 10 268
85 66 673
33 89 952
53 55 403
50 75 326
61 111 359
24 109 910
16 110 473
19 31 936
16 29 112
63 95 796
3 1 482
49 111 819
109 95 447
4 37 304
13 11 763
43 2 294
34 2 227
90 10 391
41 4 772
42 90 953
88 67 398
12 33 981
83 38 626
8 16 126
2 101 927
34 87 793
34 7 933
73 22 956
40 96 527
85 69 187
87 0 473
112 102 513
18 102 943
69 85 466
81 25 919
4 61 34
94 113 321
0 73 518
63 53 487
40 110 689
4 15 444
92 93 286
24 37 995
51 105 517
111 42 64
83 70 450
11 67 256
73 79 8
37 36 21
7 82 54
4 7 948
48 23 665
9 109 781
67 23 87
4 65 199
85 107 299
3 101 772
32 61 246
96 30 627
82 43 91
107 114 265
107 25 895
78 15 273
19 35 463
113 51 41
43 96 851
107 60 272
51 76 298
89 79 483
72 22 817
103 26 58
68 70 588
61 73 381
22 30 979
62 70 612
54 44 79
47 63 793
85 48 572
71 75 962
88 24 492
110 27 676
77 25 255
41 79 557
95 96 13
3 8 813
102 68 82
47 103 562
70 52 340
88 47 21
98 67 833
55 0 33
31 33 865
77 18 184
112 41 911
99 79 94
49 55 122
7 71 647
1 45 934
14 48 264
2 28 820
69 17 840
1 18 639
9 90 628
103 69 198
61 15 516
34 33 949
75 61 405
26 87 893
92 48 836
98 79 324
16 24 162
63 11 106
15 47 264
110 4 727
95 48 412
16 11 296
20 74 597
113 87 287
63 30 98
48 45 819
108 72 865
52 55 502
109 99 835
9 27 610
86 106 5
21 100 59
78 61 336
113 94 678
9 23 368
51 9 207
93 73 844
37 47 683
9 64 627
23 41 493
73 8 625
64 6 572
4 37 53
5 92 121
45 11 264
83 18 380
37 50 964
84 42 439
92 110 740
96 54 647
101 87 541
38 105 612
91 97 900
15 67 935
46 26 753
59 86 577
61 107 820
33 5 451
86 68 238
2 26 683
37 30 678
109 16 82
9 28 694
41 94 599
25 99 362
38 106 702
3 69 287
78 114 698
25 4 687
81 65 949
78 49 248
3 30 623
108 71 197
3 12 521
63 57 700
15 97 865
6 5 890
28 39 320
15 5 973
105 55 824
73 64 557
56 85 677
109 96 854
1 13 745
10 40 338
24 46 990
3 26 510
37 87 317
17 86 306
31 71 224
81 16 574
35 25 354
95 70 942
0 88 301
21 29 671
74 52 656
85 48 720
7 101 406
76 89 98
83 52 156
41 9 894
94 88 972
8 49 156
89 41 936
104 57 677
79 73 233
40 17 204
53 58 515
32 110 686
80 84 836
104 92 756
107 42 348
95 109 88
49 82 42
35 4 545
15 73 761
9 87 705
82 48 760
18 91 448
70 19 30
102 52 42
51 48 270
107 30 454
26 69 9
79 61 294
6 25 886
43 65 91
37 9 178
89 99 750
90 55 763
83 9 43
42 100 679
28 24 421
97 0 413
82 62 722
53 39 621
18 87 164
55 86 657
36 110 515
39 88 858
80 57 881
105 43 29
9 86 260
52 47 270
63 105 560
95 54 442
36 112 161
55 75 610
94 55 726
15 12 515
48 30 930
49 59 385
43 97 494
96 62 594
67 49 418
9 7 163
21 47 91
13 57 355
56 81 454
70 54 376
14 8 369
3 4 848
10 29 8
112 10 776
107 47 592
107 18 996
65 113 294
54 65 89
55 46 53
32 77 52
18 23 979
70 80 201
5 95 31
27 88 727
61 114 417
112 13 539
99 78 507
59 6 375
16 58 17
49 26 775
51 64 597
45 62 649
10 72 736
25 36 761
34 7 284
114 38 519
38 54 262
12 47 875
98 90 8
71 37 286
46 54 85
107 111 894
53 4 300
44 70 217
2 109 683
107 85 51
107 61 290
80 102 788
114 26 597
17 79 368
44 79 390
58 100 646
38 100 930
70 27 422
12 47 99
70 97 126
2 84 720
97 5 847
101 42 757
92 111 855
17 93 166
56 22 780
31 47 649
108 104 511
106 69 662
80 59 3
98 60 559
15 102 753
8 95 638
105 19 695
11 76 227
7 62 619
63 90 659
54 22 770
105 71 538
89 105 563
94 54 289
87 21 613
35 113 343
96 29 995
4 111 19
102 17 639
16 82 107
90 88 531
65 66 306
99 76 412
93 21 866
75 33 70
68 100 765
81 57 789
74 31 560
17 16 893
31 59 116
53 41 108
110 38 887
93 108 473
65 102 154
105 81 235
101 48 292
18 55 245
54 53 302
52 114 498
42 62 141
22 90 880
9 22 292
75 49 749
62 21 41
96 87 456
24 109 487
93 41 336
100 85 293
41 2 675
96 8 426
98 46 698
79 98 678
111 21 608
22 105 905
108 99 30
88 7 208
67 63 514
75 109 442
24 69 81
50 113 201
14 41 998
85 107 16
55 7 477
78 56 531
33 102 666
52 113 493
52 27 156
56 87 541
102 93 638
26 80 906
93 69 455
70 26 277
57 20 895
81 101 397
94 0 645
19 9 980
54 38 262
103 24 319
42 59 217
108 62 126
63 70 809
68 86 689
114 81 916
11 112 724
35 113 992
88 2 425
12 77 162
85 48 56
72 73 112
87 89 397
4 88 288
8 22 221
45 1 500
112 83 68
14 10 394
55 57 248
46 2 207
91 9 493
45 100 922
59 61 992
12 52 1000
82 112 493
90 94 492
43 39 725
6 27 725
83 101 210
76 89 286
21 13 999
64 42 953
63 25 54
5 43 101
114 37 623
56 109 400
91 58 721
30 48 186
98 74 434
90 86 711
47 44 143
95 73 347
99 5 399
42 70 906
16 25 426
109 89 309
108 80 119
75 89 189
45 92 580
31 50 71
63 65 748
92 8 437
106 85 93
54 26 450
23 43 695
13 32 391
60 73 189
12 43 628
67 10 842
36 41 30
78 21 845
71 4 19
4 96 391
103 10 275
108 106 576
56 20 550
91 77 259
34 109 630
113 95 832
35 78 767
22 36 227
107 84 106
85 43 623
111 102 389
25 70 33
87 26 684
46 41 364
29 80 918
63 3 731
70 89 476
110 15 950
48 24 160
53 81 888
80 38 349
70 3 346
8 82 784
15 68 200
31 19 336
29 65 940
10 27 811
0 6 119
92 26 238
7 81 805
56 15 353
88 106 678
24 105 234
33 44 448
77 17 874
99 6 367
16 48 285
30 5 241
89 64 248
22 6 131
106 24 979
29 37 813
88 102 596
106 60 169
31 65 36
44 6 583
11 23 868
66 20 325
107 61 814
54 103 645
88 20 361
13 36 731
82 18 750
90 78 367
113 100 759
77 12 830
20 55 558
1 53 400
106 10 229
76 103 906
62 34 152
56 102 171
47 60 444
24 34 714
110 30 625
111 68 996
45 38 459
105 92 263
12 74 538
65 84 305
56 37 577
92 62 862
93 88 400
81 51 884
62 44 123
86 17 148
68 75 932
8 105 904
32 86 949
113 106 537
114 91 350
61 33 165
72 57 982
38 54 287
6 95 482
21 42 376
17 80 83
35 21 645
91 46 917
84 11 155
30 68 814
47 14 4
5 108 770
75 80 909
57 75 534
110 96 942
107 8 717
23 37 591
34 20 911
9 59 758
63 114 817
48 62 915
39 47 204
109 74 153
99 1 663
0 35 659
79 64 809
1 104 932
11 99 89
18 110 116
74 47 874
80 93 607
100 58 33
56 107 698
31 6 140
22 77 474
71 64 472
44 77 174
73 93 627
75 56 644
6 92 726
57 90 849
83 109 371
90 92 80
76 90 55
61 40 336
30 37 927
106 15 494
45 25 744
21 105 306
68 110 780
75 10 565
45 39 981
87 66 14
45 43 32
13 45 157
73 70 211
82 44 328
3 43 858
62 28 138
84 95 53
109 25 99
12 20 461
99 85 508
108 83 813
52 105 937
22 81 454
33 54 779
89 2 305
42 8 582
94 16 807
41 24 904
89 13 424
22 33 339
60 108 894
35 74 7
36 84 383
104 96 726
1 95 126
54 67 824
109 0 125
4 79 263
107 49 889
21 23 980
88 51 63
55 93 238
92 71 951
104 62 644
105 47 72
97 0 10
91 38 879
16 2 853
89 110 90
63 42 851
112 30 496
41 85 368
97 35 786
0 24 647
83 15 404
15 112 757
33 74 619
23 6 986
62 73 409
89 74 439
17 98 905
18 16 750
98 112 588
102 95 794
38 21 215
43 15 235
79 98 820
3 23 272
93 29 312
113 44 889
18 25 31
77 95 451
24 40 919
88 25 105
7 55 580
1 22 748
48 12 772
20 28 867
27 35 749
87 17 386
89 64 268
49 0 944
9 70 839
4 83 718
39 61 179
50 79 536
109 92 617
59 6 642
62 96 162
34 71 921
25 0 266
94 114 603
2 21 711
54 8 991
5 44 200
98 18 757
16 87 274
79 51 901
20 45 277
90 3 5
111 11 766
6 106 809
55 40 192
11 16 110
83 5 876
61 83 719
87 15 233
44 46 39
74 23 732
37 51 806
39 50 631
51 72 470
69 9 201
6 108 493
45 35 827
92 48 863
66 55 181
52 112 648
80 57 471
99 71 141
72 48 518
36 44 289
73 78 431
35 20 984
30 36 158
17 62 975
17 103 80
50 21 113
77 80 478
8 103 681
16 28 527
28 42 418
61 30 815
13 68 771
111 40 257
51 88 714
57 87 230
38 113 361
4 103 211
38 86 420
76 77 283
89 47 784
101 35 670
62 74 479
85 114 150
82 21 417
11 59 816
55 37 496
20 81 702
12 10 873
75 55 9
1 99 116
83 46 982
51 99 643
99 68 705
20 103 155
8 13 588
54 101 79
13 67 611
15 70 655
1 51 984
110 109 27
103 55 432
92 32 635
71 110 367
113 55 695
52 43 219
10 25 151
1 50 883
30 34 782
27 60 772
105 15 32
63 5 848
32 92 247
9 0 283
39 0 901
29 109 741
82 20 452
96 112 227
81 22 132
0 40 604
85 22 250
68 96 881
86 60 51
43 113 502
85 15 774
112 70 896
97 16 707
92 53 823
9 18 641
63 82 842
71 6 544
114 6 450
114 55 913
4 19 685
57 87 820
7 60 34
92 5 184
22 58 944
34 56 82
74 42 70
43 18 466
12 7 624
68 106 599
65 29 735
78 99 504
105 64 203
96 59 35
57 24 665
11 31 657
7 19 465
93 20 318
23 12 402
90 91 647
13 32 458
24 16 734
102 51 595
96 82 583
74 73 512
69 63 101
72 83 1
6 40 634
24 87 298
74 18 128
87 31 447
86 109 424
11 63 746
15 35 218
40 45 796
47 90 36
19 103 460
41 88 191
98 25 691
98 38 611
14 92 348
4 26 14
68 92 500
69 65 189
47 91 130
62 63 383
1 48 846
50 89 629
53 57 965
81 49 370
61 90 790
74 71 164
82 40 761
55 29 8
44 21 728
82 92 282
48 3 831
101 87 336
0 92 97
96 85 522
96 34 676
4 75 558
68 30 619
109 60 328
96 11 815
101 39 792
1 77 225
77 69 80
35 98 778
29 14 810
105 31 74
79 43 772
16 51 276
49 95 447
47 43 644
91 69 87
63 39 704
84 60 589
111 76 463
111 94 915
110 13 694
16 108 180
29 61 687
53 44 731
76 100 119
44 9 274
100 84 591
31 73 403
110 91 867
94 17 287
76 43 353
8 113 553
31 97 375
28 12 552
48 96 283
15 105 255
83 47 746
27 47 498
56 112 548
4 61 855
9 103 870
98 79 93
4 13 149
48 60 259
87 113 916
88 27 874
96 58 843
14 18 335
57 93 311
100 99 603
78 96 129
8 78 389
55 104 370
82 110 214
36 100 995
41 112 428
110 83 717
74 33 165
101 28 485
3 64 948
17 32 898
86 91 85
89 110 779
14 52 978
57 6 998
80 60 601
100 38 994
10 113 724
9 56 258
41 26 603
23 10 964
3 99 881
80 37 89
4 66 110
34 9 538
62 14 559
83 47 44
21 100 619
93 25 490
76 100 904
90 28 976
78 25 198
12 37 544
101 17 379
30 72 705
8 112 260
109 49 690
18 14 996
96 52 40
79 74 940
104 73 852
9 85 89
43 16 598
50 46 303
20 5 306
98 99 666
56 13 92
114 7 909
64 88 181
84 89 778
49 63 371
68 38 582
1 31 29
80 101 815
93 26 726
63 93 402
50 53 493
89 6 347
26 43 200
66 29 717
111 85 77
34 44 494
73 45 143
99 91 163
90 43 657
103 87 801
12 23 551
51 48 419
17 51 288
70 27 368
105 50 643
11 74 699
83 43 215
5 15 452
34 14 597
20 32 17
102 56 308
57 96 412
34 84 238
42 96 601
30 55 399
55 46 695
15 86 473
94 42 792
78 77 451
107 68 455
101 98 722
51 20 812
37 74 267
83 98 948
35 86 452
114 52 173
35 6 328
52 50 243
113 79 95
72 37 500
19 37 183
16 12 843
102 6 688
45 63 839
1 68 840
18 69 755
19 59 586
29 96 551
70 78 82
84 68 827
106 10 162
82 9 758
37 54 27
36 47 356
66 102 592
86 97 768
74 45 652
43 42 213
31 9 840
13 15 124
107 60 817
39 71 604
61 85 752
21 109 919
100 114 111
38 23 119
24 22 124
40 39 647
10 54 454
30 27 317
4 21 957
107 37 895
58 75 63
104 79 421
75 3 744
53 113 795
46 32 712
7 59 666
111 69 210
20 1 18
91 55 322
67 92 16
3 61 464
31 91 667
27 98 308
44 76 624
31 84 269
6 9 564
16 76 522
64 110 742
83 47 580
58 0 919
87 32 466
20 94 641
94 37 974
16 79 190
77 12 556
62 99 127
15 91 190
113 38 39
93 76 907
79 65 806
30 0 894
27 81 714
88 20 575
0 28 363
12 65 260
47 83 137
29 83 332
59 110 871
81 51 560
23 104 102
110 77 805
71 59 308
28 19 603
56 102 885
20 72 123
107 35 422
51 84 814
95 76 210
17 9 940
83 107 765
102 27 157
105 46 254
110 57 938
68 77 128
113 34 656
112 41 130
4 22 434
81 62 996
30 106 645
75 34 877
65 42 237
18 74 898
84 89 156
68 65 866
4 96 38
91 84 31
41 86 936
37 30 841
31 37 416
11 0 581
49 61 358
66 65 672
38 50 900
26 38 103
82 64 108
20 36 842
110 68 548
61 68 923
109 71 160
6 113 533
75 61 768
108 49 889
42 2 211
98 37 658
35 89 818
28 17 696
64 12 977
80 87 69
56 93 80
24 100 872
51 60 184
59 26 372
52 61 806
63 3 658
107 11 185
113 99 931
54 104 493
35 78 356
58 22 503
46 56 613
54 109 308
26 113 450
59 26 210
99 1 311
79 28 241
84 114 687
97 67 191
81 84 198
83 98 340
66 57 914
71 58 927
81 80 384
51 69 945
85 108 340
61 58 962
110 89 1000
68 86 272
41 56 989
102 105 319
32 3 451
88 97 771
19 94 647
110 38 273
38 98 359
89 85 91
40 45 331
29 41 897
84 107 995
78 97 311
72 84 744
6 91 732
49 65 664
0 70 123
89 82 490
21 52 496
87 77 742
51 30 960
23 70 832
99 28 423
29 94 4
3 77 622
39 3 631
44 105 479
69 88 201
93 106 330
6 70 653
23 107 739
69 106 448
76 83 980
43 16 896
4 25 189
78 48 686
51 66 797
108 13 299
20 101 991
82 4 649
102 67 426
74 1 325
107 36 831
81 12 518
82 86 159
2 72 123
55 0 872
40 46 956
109 93 969
34 95 66
63 113 117
20 107 443
114 43 65
9 36 552
105 11 683
69 112 472
71 51 788
36 61 934
81 26 538
30 48 655
53 20 63
108 24 532
88 79 732
79 82 861
101 21 1000
86 81 792
111 112 271
87 48 336
13 6 639
75 11 12
12 107 981
17 93 340
16 55 259
93 45 484
32 30 540
8 15 68
13 24 49
66 103 689
105 49 832
27 113 43
103 54 822
59 9 821
8 97 653
91 87 485
99 40 942
19 77 107
90 59 673
111 109 341
99 101 573
48 21 379
108 112 134
98 19 461
62 53 505
89 78 159
26 32 358
102 76 988
88 93 210
94 113 612
61 15 183
66 89 9
47 97 105
70 14 329
96 67 143
70 87 42
77 15 910
52 112 69
74 29 514
6 54 432
58 84 526
98 9 537
43 70 598
53 26 138
46 69 768
83 51 2
80 44 832
28 71 115
51 26 464
33 72 584
52 14 560
98 81 202
89 97 804
111 59 680
8 102 808
0 84 718
111 100 932
27 21 610
3 112 147
72 28 419
2 92 990
8 6 96
28 69 65
27 110 100
16 66 479
24 89 196
90 109 111
80 100 606
104 96 61
41 108 661
49 45 716
79 46 893
83 60 657
83 102 214
49 93 686
65 108 679
107 28 977
20 82 173
42 79 123
99 27 688
65 98 298
40 5 375
72 14 294
77 88 651
6 111 100
32 12 876
42 55 270
56 75 867
33 50 145
63 37 794
44 1 753
66 80 787
34 36 196
40 10 54
40 86 336
58 55 521
24 75 360
88 62 911
9 106 820
71 34 631
12 10 371
63 9 126
53 82 552
15 19 806
79 114 342
110 6 872
50 89 245
62 64 407
39 57 386
11 45 758
64 91 812
19 4 898
25 59 82
27 69 676
13 47 196
70 57 240
98 36 584
5 22 461
9 37 361
59 77 5
83 10 822
21 44 351
22 8 396
29 111 29
40 37 180
17 53 874
40 86 533
79 86 399
40 69 191
104 2 83
113 31 458
14 63 280
57 106 853
97 25 199
48 70 179
46 3 687
15 98 722
21 43 691
64 59 460
68 45 158
33 27 255
93 9 631
58 13 461
9 47 361
71 108 288
66 61 987
48 42 810
67 68 327
99 60 223
99 0 913
0 43 530
79 68 774
89 85 794
9 113 329
48 20 846
40 100 580
7 58 76
13 89 68
0 78 1
79 43 776
37 86 827
67 47 816
51 83 230
10 65 992
30 105 639
10 9 985
86 106 58
36 55 332
35 8 899
112 103 904
6 52 303
61 94 984
106 69 235
76 78 437
112 46 490
41 64 479
11 7 145
38 23 288
106 72 403
41 35 44
37 28 629
112 14 637
99 20 751
66 70 315
73 101 135
6 1 397
73 71 67
39 114 900
59 64 115
87 8 984
93 69 918
6 99 488
27 78 921
2 82 512
107 108 483
36 102 540
23 82 950
27 74 937
95 31 435
91 72 579
93 31 380
77 94 548
49 66 292
62 22 89
69 33 611
106 15 875
3 73 272
31 72 738
33 84 169
23 79 927
26 77 828
103 57 18
79 107 628
112 11 172
25 106 450
105 74 846
102 27 874
58 1 365
86 81 758
73 82 57
38 27 682
52 11 467
107 101 330
72 2 473
96 55 987
44 56 113
5 91 711
64 5 1000
12 95 830
57 23 91
101 57 25
51 9 575
66 65 913
83 38 588
57 19 581
103 86 540
12 65 169
99 29 494
88 114 329
17 96 638
37 32 716
67 94 884
52 75 760
50 37 510
66 39 842
86 3 987
98 44 969
64 34 198
107 23 95
53 46 719
46 19 323
26 81 814
89 111 287
8 45 441
50 72 656
39 7 137
35 69 254
76 20 93
15 105 123
1 48 871
62 67 249
56 81 490
95 72 288
100 16 268
95 96 973
94 109 834
37 105 830
65 62 63
15 6 372
89 27 42
39 32 763
18 41 253
101 8 78
103 93 987
0 52 268
30 79 588
73 114 507
0 70 197
20 70 655
94 25 564
9 85 594
80 5 645
96 111 360
102 22 32
108 13 870
107 78 789
79 92 165
73 87 363
10 76 733
39 83 634
32 103 926
1 76 158
23 50 718
105 85 592
90 11 922
100 109 530
79 91 748
18 108 649
78 56 830
20 113 246
5 68 521
53 93 248
111 27 897
97 83 964
34 45 668
63 68 915
99 9 734
110 65 930
79 85 647
86 28 593
1 55 614
89 16 662
20 94 23
100 78 404
0 37 896
69 11 271
55 72 178
74 29 850
37 53 485
76 108 547
56 57 292
93 90 90
72 108 95
54 12 271
65 107 790
45 50 602
98 79 569
59 58 479
36 32 451
92 112 178
22 55 787
83 49 377
25 95 456
7 86 847
105 64 991
85 2 434
32 78 825
46 20 577
60 77 681
77 34 529
16 61 600
45 108 99
0 62 195
11 76 799
21 16 523
54 27 786
13 16 25
78 71 36
23 82 247
23 81 799
46 2 112
69 104 276
77 63 548
77 101 528
51 104 948
75 60 712
99 79 157
18 13 348
70 106 814
77 73 481
80 82 124
49 8 499
9 52 376
113 37 327
15 97 441
31 40 612
111 73 334
33 44 775
64 91 446
61 76 889
53 35 761
73 81 731
109 66 392
89 46 446
109 112 938
4 77 491
87 53 99
53 4 239
111 109 904
71 106 984
5 110 115
100 60 751
76 6 296
16 76 521
36 32 915
52 32 701
91 5 479
73 106 358
53 97 844
4 45 194
114 18 582
79 28 362
45 89 604
107 87 214
28 99 369
17 60 941
38 89 144
76 25 617
67 23 630
35 21 651
16 20 139
41 93 665
39 82 437
28 66 749
79 114 371
55 6 735
26 97 863
97 73 305
90 45 905
60 105 548
75 17 785
109 76 630
41 99 279
25 101 579
72 22 562
32 55 630
31 96 165
53 114 888
84 95 249
3 108 251
95 51 277
64 80 512
34 81 646
68 5 359
0 83 360
91 110 996
111 20 932
80 82 438
39 103 575
31 109 26
22 61 63
78 98 59
90 39 833
41 64 760
44 31 272
73 90 189
15 89 147
39 90 941
72 27 229
86 84 766
14 58 341
51 39 222
3 21 551
90 76 71
44 42 880
105 102 786
67 107 132
111 81 410
15 21 85
70 21 435
4 19 451
89 92 941
57 112 865
112 2 826
69 7 391
80 18 719
58 61 933
22 114 238
21 0 331
54 86 401
108 109 329
80 106 280
88 93 460
76 0 971
9 40 24
35 77 798
57 105 709
32 78 8
97 57 678
56 50 106
91 15 284
76 81 600
57 47 421
101 21 38
88 76 386
103 34 746
108 21 184
93 9 599
32 35 648
74 85 36
20 0 694
35 108 267
4 64 317
108 1 79
1 64 327
