5 4 399
28 18 935
11 14 93
0 6 738
32 21 514
19 20 511
27 32 434
25 7 95
20 28 335
8 10 202
11 13 950
30 14 547
5 0 185
0 9 855
1 0 693
2 27 664
12 8 662
12 6 367
15 9 837
9 25 836
5 27 227
23 0 469
32 16 572
32 22 748
8 11 924
5 18 482
18 22 412
15 5 964
22 21 436
28 20 662
26 2 69
26 2 611
2 6 36
11 14 171
9 8 125
28 13 172
19 8 811
0 14 451
2 10 710
24 27 944
15 23 113
32 24 417
21 8 804
11 5 343
4 14 209
6 17 773
27 21 138
17 13 862
15 13 58
14 33 280
0 8 872
0 25 67
3 32 193
17 8 255
29 23 436
17 31 356
30 1 462
28 1 348
0 19 410
9 23 87
33 27 248
31 21 55
31 33 256
32 3 290
27 29 247
1 4 948
8 25 987
1 2 339
5 7 949
28 1 910
20 7 672
24 15 739
7 16 281
24 30 241
28 29 160
31 6 35
7 0 513
0 33 596
25 30 260
31 25 82
7 33 458
8 0 324
5 1 1000
7 14 453
25 17 848
14 11 607
23 4 180
29 0 533
6 29 887
33 21 924
14 26 651
27 28 516
0 11 519
25 28 245
2 12 906
24 8 114
27 32 383
3 19 50
19 26 205
24 28 388
6 18 499
20 8 836
11 29 452
7 27 146
13 33 308
2 28 150
19 0 723
18 20 805
17 33 385
31 21 711
22 12 902
33 21 154
19 8 408
11 24 137
9 25 645
19 20 343
19 31 125
12 4 355
30 32 42
14 5 78
17 13 830
10 21 852
25 9 249
26 21 95
9 10 36
5 22 870
28 32 583
8 33 294
9 19 310
14 0 523
21 16 135
21 22 221
29 8 463
16 9 558
9 33 903
26 27 311
19 16 495
28 3 458
6 15 963
17 24 970
12 24 224
27 21 207
12 31 272
5 30 366
5 25 14
33 24 582
25 23 537
26 16 303
19 29 953
19 4 139
24 25 447
2 27 764
25 9 390
32 4 673
17 25 297
32 6 348
14 33 425
7 20 197
17 5 229
29 28 47
15 29 225
19 4 832
21 9 119
21 31 464
32 15 749
3 32 181
4 30 681
0 8 302
3 28 526
31 22 511
7 31 459
19 20 482
5 7 154
32 27 274
14 4 721
22 9 145
27 2 572
21 1 336
18 22 246
3 2 212
2 22 690
14 20 932
9 29 817
31 11 815
2 5 50
23 33 982
10 24 999
22 1 137
6 28 366
26 10 622
25 16 334
18 14 127
4 8 158
27 33 639
15 21 509
27 16 403
2 6 310
13 10 226
30 32 621
32 17 485
15 26 919
27 6 196
4 16 709
7 13 27
14 24 547
14 24 17
1 31 51
25 11 335
31 32 490
12 18 692
11 17 943
11 19 165
19 22 135
26 25 915
3 23 866
13 21 584
5 32 91
7 9 170
9 10 229
18 5 216
33 19 271
4 18 643
31 13 309
28 17 658
13 32 480
21 8 296
20 17 629
22 33 828
30 2 803
21 9 254
12 33 859
10 21 972
21 0 880
7 6 327
33 31 564
23 27 332
5 29 83
2 26 787
28 10 259
25 11 68
0 19 103
23 4 763
17 8 4
21 7 669
26 16 348
20 30 731
21 31 207
6 11 685
11 2 280
33 19 226
1 18 335
29 31 955
0 31 778
7 29 120
31 10 1
21 17 721
24 5 682
23 25 20
12 8 978
21 19 121
16 17 588
4 1 392
31 17 233
5 8 582
30 31 980
23 11 691
2 1 404
16 13 329
22 14 644
0 25 114
19 18 446
33 32 980
10 13 826
13 6 171
25 10 213
3 22 326
2 14 397
1 20 311
27 4 985
4 20 588
27 8 366
30 5 609
0 17 816
0 14 680
28 32 364
7 3 280
18 7 22
27 26 344
24 14 80
22 7 231
16 9 985
21 16 902
16 1 344
33 26 885
24 3 867
15 14 760
20 32 15
25 9 685
