19 27 912
73 50 656
18 17 212
102 77 816
29 81 734
47 88 806
7 61 838
2 66 265
31 1 137
27 51 629
55 33 599
43 16 649
23 79 681
7 83 908
71 73 839
85 79 306
55 38 605
81 23 931
79 66 811
3 53 435
71 72 654
33 44 88
10 47 820
96 7 805
4 62 354
2 23 158
89 105 644
21 66 914
19 29 92
72 56 426
13 65 884
20 41 389
31 23 543
65 85 770
20 27 960
44 40 74
80 88 50
98 32 380
32 17 299
16 106 387
70 56 182
58 35 439
1 29 207
40 69 580
96 32 539
32 85 577
89 4 804
94 42 827
37 21 105
49 24 453
97 85 833
89 54 456
64 72 59
79 68 343
104 38 360
80 31 829
29 51 582
70 47 855
64 74 852
19 51 26
94 0 824
85 64 232
59 27 397
77 62 824
72 48 732
12 46 339
14 18 420
26 95 880
23 66 210
65 62 171
74 16 289
1 35 263
21 88 772
102 49 398
48 8 873
35 7 296
82 46 563
3 63 430
87 79 725
94 8 599
21 95 553
2 83 163
100 88 21
3 56 117
25 17 657
81 23 247
86 93 59
28 50 893
82 99 809
106 60 980
24 33 972
96 17 442
57 64 168
64 58 356
83 40 489
19 81 259
87 77 250
92 34 982
86 3 375
103 38 133
48 65 724
58 86 300
14 3 82
50 52 93
38 71 488
98 45 276
13 59 214
44 10 486
70 25 755
95 37 175
95 47 484
69 6 763
0 101 839
93 46 801
75 77 253
75 48 763
84 96 200
9 71 381
55 44 619
21 104 446
17 91 425
31 73 712
68 90 701
0 40 867
93 70 845
41 1 69
46 78 507
45 70 541
71 4 327
41 66 429
15 74 475
103 1 661
17 41 271
12 81 997
53 78 423
104 32 946
102 71 98
37 27 474
53 88 877
75 10 13
58 100 500
106 54 176
54 84 562
73 24 761
66 1 444
103 45 350
40 27 546
70 56 488
48 9 948
98 61 270
28 9 823
89 49 64
89 66 797
67 98 401
82 89 780
18 28 691
49 92 235
48 36 168
79 30 295
76 25 702
92 43 266
92 34 142
29 26 552
84 78 809
28 17 436
84 41 194
19 39 689
5 102 580
43 89 573
4 44 192
41 20 924
88 75 699
91 0 782
12 24 752
12 36 298
25 43 640
84 11 26
91 77 166
38 1 878
5 2 78
105 17 33
46 1 625
37 38 22
16 4 245
102 98 23
96 62 793
89 105 634
7 72 49
38 95 528
106 102 456
10 98 531
58 57 157
60 31 930
88 31 921
88 44 250
34 64 285
89 39 119
74 52 518
13 39 932
98 102 416
57 32 142
10 14 724
82 11 22
100 60 228
34 51 340
27 5 410
49 2 962
64 16 875
38 9 948
63 16 423
20 27 429
101 18 138
56 91 345
88 92 386
16 63 555
7 67 355
104 1 76
55 69 412
21 85 131
21 17 620
1 70 437
65 27 446
15 31 618
3 64 460
48 59 628
98 92 949
27 52 652
103 15 198
102 29 273
77 76 649
77 14 478
4 7 46
73 62 652
70 74 315
36 30 250
100 94 437
76 27 374
70 88 236
21 6 410
62 42 936
78 27 264
89 29 105
87 91 295
71 97 257
85 0 476
103 72 517
74 67 322
58 35 452
15 106 15
75 21 395
25 96 172
70 32 970
50 55 318
24 76 823
41 52 866
89 85 939
53 50 380
23 55 753
37 99 64
69 59 354
76 59 238
104 98 589
53 60 823
29 30 114
8 60 173
63 82 89
43 52 314
85 84 16
3 28 498
6 77 836
40 46 930
54 88 968
25 52 410
90 81 452
22 58 805
47 25 204
99 21 621
44 30 232
15 26 548
69 89 681
47 15 267
46 66 349
82 71 432
104 9 782
97 19 875
90 27 306
9 64 179
24 36 897
78 33 225
53 55 622
52 81 616
55 68 465
80 31 178
75 70 534
59 82 781
42 80 118
68 9 711
20 90 374
15 38 808
45 98 412
85 56 257
58 24 78
105 77 640
79 59 100
76 22 980
15 56 716
78 7 340
100 60 63
98 18 551
95 92 201
50 26 799
42 106 880
10 93 96
92 21 930
60 40 770
31 57 701
69 72 205
38 14 924
78 34 220
0 60 50
59 50 13
48 20 828
25 61 380
0 70 810
46 37 870
26 21 834
30 90 895
8 68 779
29 30 144
93 86 664
36 46 949
91 23 557
56 43 327
60 53 716
58 18 565
2 62 526
20 31 478
7 51 310
106 101 352
104 15 446
74 17 855
95 62 984
35 6 339
22 79 802
50 35 672
31 95 385
89 94 429
7 59 247
10 66 920
1 42 948
33 10 672
72 74 77
23 65 384
35 54 435
81 89 700
102 67 125
90 14 669
102 18 650
66 48 327
24 101 137
25 87 530
85 74 466
3 9 625
45 38 511
6 50 787
71 88 37
93 73 923
95 102 913
90 69 717
93 82 784
8 5 511
26 11 380
43 9 401
8 72 561
49 34 858
12 36 403
2 105 832
80 30 333
80 44 109
33 15 640
39 85 801
43 65 549
82 61 979
36 89 942
18 59 261
34 91 110
10 50 404
39 43 470
9 83 149
0 89 811
49 34 296
75 68 300
86 29 306
77 84 753
1 9 288
5 74 373
20 91 378
15 88 805
87 16 149
80 25 536
92 1 947
55 78 293
45 50 171
92 76 310
42 27 633
11 37 648
48 91 872
10 81 888
78 91 594
72 7 956
51 40 70
52 64 115
23 52 625
87 68 20
14 61 656
43 66 490
100 93 569
81 52 539
6 15 697
33 16 832
84 75 944
4 101 376
53 97 647
17 18 377
83 90 267
67 28 503
31 102 206
39 72 804
29 5 256
14 56 577
100 36 296
55 75 487
22 70 350
57 102 416
41 12 754
106 93 488
32 88 730
15 13 354
24 28 826
1 55 403
36 45 892
58 51 608
24 99 84
50 39 125
0 90 711
45 95 452
26 61 92
15 55 980
71 91 398
46 61 28
79 21 597
25 52 704
93 13 522
68 84 598
43 27 727
87 12 834
44 20 121
5 79 737
106 43 543
94 24 376
12 62 321
13 7 972
31 12 24
98 35 99
60 25 842
43 32 102
82 63 614
10 13 221
102 45 169
18 100 763
72 101 932
15 102 738
86 49 889
93 48 351
83 93 547
81 100 457
67 51 766
25 8 665
88 62 858
65 46 168
80 99 658
105 49 54
85 20 797
24 80 954
11 25 665
32 74 448
28 58 501
93 66 725
99 20 168
15 55 266
67 16 223
104 16 708
67 71 584
98 79 42
90 9 80
74 40 406
106 22 633
80 19 171
57 9 69
10 93 434
47 49 618
96 22 469
10 7 457
67 24 672
60 99 998
99 35 43
54 62 223
71 51 45
3 1 249
69 75 336
103 56 23
93 105 530
73 3 320
94 89 141
37 65 741
71 21 97
16 34 143
27 43 523
77 81 732
73 67 413
44 15 669
46 33 440
90 67 330
63 96 846
46 13 626
69 94 744
5 97 796
56 66 606
70 95 649
17 88 188
31 101 322
67 33 83
5 98 993
104 80 639
55 54 933
66 21 579
71 79 999
33 92 600
66 12 720
62 71 509
42 60 440
17 58 897
9 71 181
48 14 868
69 23 110
43 13 780
31 16 798
98 100 74
48 62 854
2 34 345
51 12 150
80 55 283
59 21 621
21 28 767
2 38 45
61 67 762
104 88 178
80 102 119
88 34 899
68 22 257
25 30 324
70 43 953
35 74 404
56 48 836
50 74 630
63 106 144
7 11 358
102 20 451
55 14 187
84 59 422
55 64 914
99 14 248
17 31 473
92 85 887
84 61 716
47 48 505
70 78 392
11 104 680
67 45 569
82 38 202
106 65 953
8 13 237
55 20 856
70 6 900
81 78 595
61 99 677
96 5 857
101 93 974
85 24 807
35 65 188
29 86 241
66 93 454
22 4 644
12 50 11
55 76 120
83 19 724
47 61 565
94 71 951
101 87 225
50 25 292
8 99 398
21 71 500
58 100 576
32 86 734
40 47 710
50 93 301
74 8 250
35 12 100
22 19 935
1 92 754
81 65 389
70 66 807
75 63 618
2 100 677
37 48 471
24 104 534
79 78 926
7 85 194
76 10 740
105 23 461
32 56 240
89 24 802
66 83 817
6 8 958
34 1 776
97 106 499
80 14 676
59 46 797
62 78 23
28 102 522
66 42 370
1 0 752
82 91 505
33 96 458
98 4 84
9 85 185
33 4 79
82 83 835
25 106 341
82 36 273
26 100 981
93 89 709
89 52 602
34 5 588
76 34 602
46 22 732
83 6 923
73 26 929
50 70 595
88 28 428
30 87 731
37 86 794
85 86 846
32 2 943
78 4 870
44 35 41
27 83 334
50 44 452
30 20 526
43 63 675
73 83 367
16 6 819
1 92 160
20 2 877
17 81 720
16 2 724
50 84 88
79 11 741
14 75 471
32 11 397
3 106 175
85 49 971
16 68 438
60 35 323
0 17 878
89 31 638
20 49 513
54 42 328
101 67 961
5 3 203
63 30 889
101 70 947
47 34 314
40 80 599
94 10 976
106 99 391
71 3 416
85 45 46
66 57 577
0 32 74
46 12 499
49 78 715
7 98 492
77 69 886
13 18 885
40 13 303
105 79 379
71 9 645
103 72 256
64 13 743
105 79 4
45 27 397
92 49 328
72 41 901
77 23 979
35 57 28
15 89 900
89 29 817
105 84 50
44 16 814
68 66 413
46 56 824
87 97 921
42 92 249
87 16 842
88 53 633
8 42 629
2 68 818
45 94 494
51 24 48
65 67 318
71 75 953
38 68 392
38 15 851
64 2 185
3 58 209
89 35 830
81 43 874
79 65 310
84 104 330
20 95 567
89 28 963
75 50 119
82 88 63
44 27 235
77 105 987
96 72 278
84 99 700
95 13 391
52 100 440
67 29 474
18 29 392
74 29 178
76 96 139
11 25 766
0 53 898
28 58 990
60 84 939
77 32 607
51 57 646
15 106 573
22 90 940
104 69 784
48 71 830
4 96 809
7 33 582
84 67 395
33 92 454
81 4 583
81 51 385
57 35 53
34 82 432
97 5 559
85 30 537
0 93 96
79 71 888
68 66 644
62 53 895
70 90 367
66 64 503
37 1 514
79 77 237
58 57 357
66 69 982
75 27 344
23 75 891
78 103 607
3 61 150
19 64 335
78 6 803
63 98 780
31 27 680
59 89 314
104 10 413
68 6 920
10 47 947
30 38 679
33 90 407
62 100 368
100 24 787
35 76 882
74 73 32
4 87 594
25 79 105
49 47 873
86 39 680
66 22 227
17 90 573
38 80 667
25 90 263
48 39 492
71 90 197
10 78 714
105 10 479
78 85 710
78 101 761
68 17 848
40 92 824
21 72 122
37 61 525
29 26 158
100 7 536
7 97 317
5 97 785
28 99 752
80 105 612
18 76 535
100 63 433
58 70 157
14 2 574
50 71 381
99 70 412
89 91 587
71 42 915
48 65 812
53 85 379
26 63 584
4 55 313
80 0 430
78 52 345
52 62 332
77 41 99
37 67 432
3 60 145
85 61 138
19 81 586
18 82 897
101 92 880
90 49 173
82 61 681
38 3 119
93 44 976
8 18 392
58 81 708
38 49 291
84 22 919
2 32 351
94 30 93
54 105 292
4 56 394
6 74 618
16 13 299
43 82 281
73 80 425
83 7 256
71 24 464
8 100 79
106 53 256
45 55 56
99 93 479
7 25 234
56 105 678
15 39 91
89 32 456
14 40 241
27 76 550
85 56 206
2 8 441
0 89 201
47 70 17
27 61 772
19 85 250
61 24 155
94 69 901
43 6 969
63 19 707
99 60 913
88 23 28
43 38 898
45 94 717
67 52 499
99 103 411
53 37 352
51 101 139
52 33 230
21 101 273
20 36 792
21 16 244
53 55 315
95 41 39
18 96 926
76 16 344
82 56 138
95 75 626
20 12 611
98 32 214
98 35 795
8 87 610
56 100 31
97 95 464
75 98 986
2 8 782
51 5 524
77 33 6
69 22 339
88 14 721
80 27 924
73 2 196
90 99 201
3 30 642
77 56 518
14 35 259
94 92 394
26 6 66
37 83 709
23 45 960
0 91 42
62 92 976
103 97 765
16 71 449
71 40 449
97 41 848
71 33 235
54 8 615
6 99 931
82 0 394
30 34 232
46 50 565
28 94 955
10 83 575
12 27 754
24 26 519
18 10 67
101 100 325
27 29 759
77 34 167
66 81 460
41 44 867
78 45 798
82 45 529
18 7 950
12 56 808
34 52 852
60 52 871
63 3 804
30 50 181
22 13 696
43 95 696
10 18 463
26 74 347
9 75 636
106 74 97
18 50 772
66 56 238
50 106 169
93 6 152
91 61 967
21 16 436
23 10 941
60 81 427
96 100 25
18 25 873
78 35 160
87 55 211
73 99 466
58 35 808
69 37 627
103 97 995
26 9 309
25 91 116
101 39 302
66 105 183
49 22 43
55 67 401
88 78 945
19 90 391
6 83 399
77 69 506
8 65 906
66 10 609
95 80 815
16 106 937
22 92 842
64 9 815
32 40 495
88 92 101
43 46 843
35 54 160
22 95 452
21 15 913
98 8 779
84 33 520
96 11 37
105 102 932
78 57 903
93 60 334
75 102 567
79 101 328
101 38 307
69 55 833
81 82 143
17 101 916
31 10 390
77 104 134
71 98 880
4 45 817
41 53 443
102 76 712
27 1 524
104 91 254
21 103 187
58 14 347
68 67 390
55 17 632
66 11 526
18 13 550
51 82 85
99 57 978
88 89 985
83 106 540
74 12 181
103 41 748
56 94 98
103 78 878
36 103 672
47 58 499
44 84 967
55 11 448
78 51 921
82 75 61
54 13 125
83 106 870
106 54 616
5 58 200
92 23 237
74 30 353
89 56 729
16 72 311
65 74 594
86 26 42
67 56 911
104 39 120
85 11 478
82 11 91
68 93 757
13 75 36
93 13 506
66 16 542
11 58 709
31 53 356
102 50 212
66 56 548
48 75 153
99 5 692
85 46 596
100 62 396
64 81 534
99 98 775
36 54 536
92 42 532
26 71 953
85 49 247
68 9 694
65 4 104
72 5 881
69 60 647
101 62 616
45 103 429
5 19 755
11 80 880
74 43 633
45 22 738
0 32 660
57 66 708
12 0 159
99 104 59
90 16 409
83 58 426
74 12 626
74 2 187
6 4 210
9 51 671
46 55 329
84 61 812
54 9 772
78 73 429
95 50 932
96 93 813
12 24 110
98 56 875
7 25 484
37 7 64
59 7 635
19 31 456
80 31 648
12 52 757
87 85 885
77 25 925
40 23 281
7 5 8
31 29 322
32 85 739
46 72 160
99 104 774
28 105 7
3 79 2
9 69 171
25 16 271
27 15 859
57 63 130
81 99 2
94 100 252
7 43 736
98 73 908
15 89 570
41 72 802
58 94 436
17 14 297
20 2 561
11 89 475
59 9 376
28 77 452
8 48 394
104 9 401
48 67 397
86 13 792
28 14 461
7 83 191
46 85 43
89 38 434
35 27 681
54 27 245
104 44 998
31 76 401
71 79 87
18 61 994
29 98 847
80 99 201
36 49 5
49 1 621
24 60 932
76 84 447
73 36 59
25 12 997
4 92 532
38 75 591
52 106 357
40 4 39
33 27 586
106 74 257
89 91 382
53 86 318
15 64 660
79 55 105
68 12 773
36 98 701
2 10 256
92 3 420
82 83 927
4 74 368
29 89 523
40 51 184
102 35 481
102 101 514
28 19 126
93 104 237
58 69 944
75 68 224
23 78 191
39 18 767
9 60 95
66 75 667
48 3 328
98 41 93
4 1 212
9 81 835
68 33 983
76 16 163
73 31 424
64 67 583
105 78 629
105 76 325
28 16 764
75 90 193
91 70 37
80 57 9
61 40 338
71 103 23
27 59 958
77 74 684
42 6 466
5 34 724
98 39 453
40 54 345
25 77 910
7 37 66
46 94 842
60 27 946
91 23 25
18 70 200
22 30 897
84 106 908
98 91 76
85 7 860
51 92 851
105 56 505
91 90 505
71 34 968
0 72 482
69 16 297
15 88 292
64 59 364
99 43 482
89 48 285
68 78 153
88 89 704
36 29 499
53 10 576
61 41 47
97 31 429
9 28 995
30 14 796
60 68 316
93 102 231
4 8 137
0 8 110
83 80 34
26 30 521
25 51 652
99 8 766
95 42 743
31 77 277
103 78 859
51 59 470
19 36 706
21 106 878
37 36 519
97 8 965
78 42 80
89 18 292
15 35 171
43 75 232
105 16 551
18 17 676
93 71 956
77 23 453
104 31 153
1 106 666
90 49 356
103 25 908
68 30 194
102 69 3
92 31 9
41 2 171
3 48 788
85 46 435
60 74 475
17 54 454
64 66 823
35 19 440
92 48 299
3 0 529
21 31 598
66 62 666
31 93 655
0 29 307
87 36 84
15 24 304
8 61 810
1 20 303
51 100 349
44 46 983
3 92 665
87 74 776
43 34 360
1 36 514
19 24 361
50 37 769
6 71 674
57 32 961
78 102 589
56 36 25
71 85 918
24 102 319
101 11 72
69 4 26
31 74 758
85 28 473
105 37 656
60 52 877
71 96 707
81 28 480
5 16 240
75 103 157
31 37 7
6 55 145
61 74 725
9 47 911
26 48 248
81 92 497
40 102 833
12 72 794
100 91 396
56 38 904
12 33 772
46 19 709
40 71 890
23 102 392
82 93 532
51 10 766
86 102 954
57 15 79
31 28 753
97 48 734
70 0 89
33 0 113
18 15 599
92 13 329
56 1 196
9 58 678
34 102 305
0 49 25
29 94 903
60 62 698
2 105 942
5 16 723
94 0 666
80 78 299
77 48 731
106 34 114
99 102 912
92 57 677
38 3 485
58 80 504
46 35 108
49 6 209
35 82 289
68 43 516
101 8 762
73 61 172
27 44 594
38 59 45
87 38 470
18 91 923
105 74 150
103 7 813
73 0 548
48 9 467
47 34 214
25 91 657
104 48 84
29 93 526
80 84 320
1 101 325
89 22 417
84 103 562
66 67 523
35 105 750
14 51 854
101 15 475
70 10 110
17 13 88
33 26 869
73 55 401
70 104 181
2 87 942
2 16 116
92 28 396
94 44 978
21 50 56
11 48 757
77 57 738
24 27 348
33 60 543
32 70 641
42 10 691
41 57 263
81 55 988
19 86 130
95 66 971
86 100 8
64 10 392
70 16 539
10 98 638
56 50 931
65 75 973
37 40 669
89 66 858
62 76 490
103 96 521
83 95 608
59 69 926
85 44 700
57 75 492
80 79 962
81 14 264
99 79 784
13 94 160
17 77 408
99 8 404
33 56 565
67 22 173
30 81 848
17 45 96
45 27 823
76 34 999
16 72 568
82 85 107
103 27 416
66 37 952
42 81 510
96 9 157
98 27 209
37 38 16
33 75 908
84 52 282
11 102 852
5 18 907
89 106 255
99 6 728
37 68 952
52 84 210
70 88 219
72 39 391
31 48 776
21 42 466
97 32 693
103 64 384
91 28 296
75 97 257
94 91 13
77 54 550
42 22 893
65 26 256
47 7 831
4 53 792
16 10 223
17 30 650
97 21 79
97 14 936
17 7 262
32 72 460
47 37 990
88 102 278
28 93 231
36 9 549
57 40 660
63 54 749
104 102 945
29 39 93
50 79 978
63 93 327
71 2 729
88 62 467
80 14 755
85 70 643
74 68 510
100 36 415
17 0 552
91 21 516
92 69 258
8 89 198
13 85 351
68 43 693
74 67 109
85 46 524
9 62 694
70 8 632
95 32 112
94 5 460
40 59 40
30 92 526
75 42 99
5 77 364
8 38 84
80 2 520
61 51 820
94 99 597
70 34 38
83 18 756
60 64 877
22 43 366
59 49 691
79 27 658
94 32 912
105 74 73
104 99 133
28 94 382
20 55 682
0 32 557
23 35 953
45 5 104
37 68 241
91 102 475
72 19 88
27 72 126
43 69 60
1 23 933
96 3 937
24 79 515
64 96 133
79 84 497
74 45 961
98 45 832
53 0 637
42 56 756
29 85 205
72 18 32
29 19 165
11 28 514
58 26 126
76 83 2
19 103 28
49 99 987
21 80 751
38 97 975
45 30 178
98 5 351
38 51 196
29 88 883
87 21 288
72 96 18
98 17 370
33 57 687
52 8 938
102 49 724
83 7 254
13 60 228
103 10 3
104 4 40
60 70 132
102 65 172
29 82 627
30 100 461
103 46 630
69 105 763
14 101 583
28 40 553
27 34 645
24 94 251
15 34 29
44 0 433
32 26 329
60 38 643
97 77 979
56 38 14
3 80 168
98 11 273
28 99 547
98 104 771
37 49 813
89 104 926
94 90 109
61 48 866
27 14 192
65 77 127
68 62 185
98 67 652
29 90 93
49 12 476
56 14 543
35 90 128
53 74 547
100 34 921
73 46 965
58 100 187
26 90 210
81 70 594
5 83 325
13 72 414
29 91 241
69 97 683
77 46 561
92 41 462
50 79 370
35 7 741
16 66 68
99 7 21
50 49 843
44 41 779
12 49 62
63 57 239
25 101 459
75 76 844
38 30 299
1 68 223
0 30 263
35 90 299
36 23 505
34 76 161
55 13 175
86 75 346
91 56 589
2 90 649
78 15 897
32 89 125
20 74 65
12 78 176
92 75 673
10 77 2
17 93 907
29 28 879
42 38 634
83 95 589
26 16 5
12 49 741
8 61 245
76 62 505
44 68 189
80 74 868
57 51 844
42 47 947
89 4 48
21 43 824
75 24 691
103 10 721
75 7 168
62 17 559
101 2 187
32 60 607
18 12 831
102 43 69
5 14 963
73 95 569
33 34 111
85 64 631
97 75 164
43 52 620
45 77 744
66 54 152
0 19 576
10 69 814
56 1 166
91 68 9
17 76 575
29 5 582
104 36 620
78 11 433
16 60 639
41 94 174
73 49 872
99 63 109
32 15 839
65 28 548
85 83 749
66 33 855
29 5 842
48 80 209
41 88 549
90 24 586
27 67 425
55 106 214
63 76 535
76 68 277
31 72 336
80 16 876
33 21 621
65 34 579
88 84 772
60 54 416
87 102 328
91 34 655
78 32 640
19 94 366
40 63 141
100 42 752
58 32 831
86 73 69
27 19 656
58 70 482
84 98 525
47 37 74
105 34 935
98 48 836
53 31 69
88 4 959
35 68 825
70 25 818
69 15 20
56 14 840
62 87 12
67 90 831
37 66 435
67 106 257
18 46 5
41 82 681
57 64 562
2 28 358
100 26 842
56 84 553
84 52 703
10 77 647
78 38 60
80 37 13
58 51 671
74 96 879
78 85 728
11 56 611
0 18 493
98 84 933
38 93 564
67 90 50
85 38 171
2 79 712
106 12 792
72 55 1
103 71 462
81 97 228
37 15 535
94 82 251
19 77 416
11 24 533
1 75 495
45 22 279
86 39 510
102 30 540
96 4 176
63 13 193
38 35 508
22 101 763
75 103 579
73 17 619
86 23 769
0 35 614
39 34 282
43 19 187
77 64 229
46 45 357
55 25 311
91 34 215
45 6 176
78 105 670
95 72 202
95 66 20
104 51 145
95 20 304
47 11 900
71 103 518
42 76 703
52 13 683
50 0 538
27 94 113
62 28 399
71 34 972
48 47 936
9 74 918
1 65 603
41 40 461
92 47 43
79 103 737
101 13 163
105 17 177
40 21 937
69 41 383
18 93 491
91 86 301
61 63 1000
5 45 36
15 71 505
30 66 267
65 42 337
61 65 410
102 53 569
30 43 121
45 18 56
71 30 861
43 104 303
69 56 215
1 57 723
5 78 483
73 82 81
41 6 22
22 5 259
84 97 913
77 3 814
75 7 892
24 104 123
13 81 104
43 86 687
12 52 308
17 94 163
106 63 670
24 47 873
60 27 75
104 36 264
69 21 385
35 13 148
49 72 351
55 94 411
4 63 525
43 28 579
73 93 433
90 24 148
36 26 582
51 20 448
38 59 41
97 0 938
17 15 385
37 54 283
94 57 888
14 77 841
54 14 445
70 22 879
44 62 97
50 78 560
47 86 983
48 36 729
4 42 178
6 69 716
89 6 426
16 24 622
65 39 695
59 98 734
55 105 308
7 15 97
35 74 927
94 29 461
81 12 741
12 93 78
58 91 150
97 77 592
29 67 883
41 26 758
48 20 930
90 10 515
103 31 704
68 75 31
90 101 946
86 49 36
22 69 573
31 59 655
74 79 24
94 68 339
32 54 175
32 26 813
5 76 544
5 35 747
101 91 879
106 40 44
49 11 890
83 86 544
60 98 711
78 67 45
21 45 154
66 7 734
99 102 608
51 82 392
41 80 879
13 70 458
33 18 688
91 27 959
24 81 40
55 6 65
92 80 704
23 46 111
33 42 955
34 86 147
7 65 764
55 0 484
38 85 632
0 72 546
50 105 675
54 67 871
45 13 619
72 36 884
89 49 526
53 60 591
23 88 328
25 80 297
39 55 565
47 64 490
0 44 583
85 81 634
6 36 36
26 91 150
46 95 423
62 66 56
59 12 412
10 21 697
104 73 720
69 56 254
87 105 54
52 90 201
15 44 641
9 17 179
37 58 530
82 66 793
49 99 136
69 76 887
36 105 45
102 13 449
44 32 248
104 36 136
7 29 440
58 39 329
83 71 509
91 77 776
80 37 309
53 33 289
49 53 684
75 15 782
30 101 509
36 42 368
3 20 687
57 7 439
21 46 588
16 48 63
21 84 732
3 25 608
15 29 150
1 92 257
4 80 725
12 67 770
60 97 26
106 70 314
3 20 3
52 5 650
98 77 531
94 21 441
19 57 213
56 31 139
11 86 1000
101 35 276
56 99 685
32 77 882
72 32 185
34 23 390
63 29 650
32 55 820
22 81 137
35 61 536
97 61 864
77 102 630
82 96 515
13 88 9
12 33 556
11 52 874
24 14 268
20 83 683
11 4 428
32 63 163
84 71 224
96 4 108
57 47 36
6 43 620
38 98 673
17 2 693
11 62 316
46 85 562
90 45 81
29 98 843
18 51 21
11 22 68
26 87 72
88 98 384
42 89 875
74 8 571
90 76 688
88 96 829
13 55 901
39 6 995
94 82 990
68 55 566
106 18 152
27 43 445
96 21 691
81 29 274
7 101 994
1 28 1000
32 47 216
63 86 950
65 3 196
79 59 827
94 86 911
73 34 493
44 94 975
75 83 472
45 86 742
75 31 295
0 70 914
47 83 118
89 46 571
9 74 248
38 70 274
60 0 493
81 2 357
74 12 425
31 83 254
13 49 640
63 59 444
103 82 238
27 5 306
47 14 758
55 98 478
80 57 121
6 0 143
69 27 241
77 67 811
83 4 471
45 75 475
69 75 595
90 71 460
98 79 902
87 80 669
17 2 544
75 97 369
89 20 899
105 76 777
102 60 694
86 94 666
65 7 280
0 82 61
13 64 800
0 87 348
63 33 321
35 63 251
26 81 129
19 59 875
28 105 508
84 87 134
72 69 700
47 91 412
54 77 992
27 106 644
25 4 984
0 53 358
51 72 748
25 16 164
1 82 697
104 39 162
97 52 715
15 81 2
11 58 120
1 58 673
82 51 508
36 97 466
71 92 238
69 21 211
105 42 764
89 60 367
48 90 332
33 78 92
60 87 58
55 4 568
102 62 613
32 88 598
100 64 107
97 37 131
23 42 491
73 44 388
75 47 93
104 44 829
40 1 596
0 4 599
62 74 853
70 8 264
15 99 720
10 64 256
33 48 239
98 37 844
34 53 280
5 22 53
9 89 794
51 28 926
21 24 197
22 4 337
45 3 494
76 104 335
21 63 635
34 22 124
92 29 907
4 47 115
65 76 529
44 12 465
72 97 543
29 28 979
79 67 360
74 57 166
95 77 835
26 37 165
56 30 861
40 21 309
42 14 155
80 81 911
6 58 683
1 17 656
3 86 937
8 102 307
87 52 601
34 98 252
74 101 141
94 17 709
29 9 21
22 44 20
98 27 915
24 34 56
16 106 482
103 63 894
56 91 97
40 15 320
80 62 60
69 65 842
45 103 939
6 52 225
106 84 86
29 56 285
18 89 5
106 77 900
73 20 6
63 44 798
75 41 668
62 29 474
54 42 637
67 47 672
73 25 809
99 93 858
24 48 765
9 33 846
102 56 628
63 50 806
40 94 569
17 27 564
47 92 81
27 34 386
2 7 99
13 67 625
96 24 706
72 100 373
8 100 405
46 61 826
45 87 209
6 46 776
10 88 182
20 67 945
57 105 616
96 59 764
3 85 591
17 28 213
26 5 895
94 104 145
61 57 779
61 62 747
11 33 161
6 59 681
10 93 585
49 6 529
16 98 843
76 34 715
45 22 678
22 106 218
7 3 666
58 40 52
66 10 642
45 102 429
99 42 961
56 50 265
44 80 782
17 35 176
33 69 628
50 83 519
27 16 616
45 3 962
75 2 675
34 66 228
13 89 740
46 97 78
84 90 174
50 49 120
16 100 64
5 58 195
103 45 186
85 76 420
58 46 228
69 6 488
22 88 806
103 71 635
80 34 627
55 11 244
97 2 973
9 83 166
75 66 313
68 48 43
61 35 296
8 20 1
101 27 362
41 16 556
37 16 622
61 3 236
41 47 811
87 67 223
54 99 891
106 43 132
18 54 144
49 56 483
51 35 883
67 57 561
12 40 387
18 30 941
44 87 730
62 93 777
34 72 949
55 45 348
25 31 618
66 7 794
102 82 68
79 71 834
53 50 191
0 105 38
76 47 888
59 12 173
98 41 978
69 104 814
27 103 138
30 72 123
58 91 1000
4 43 522
22 17 811
34 74 387
10 22 519
20 9 727
69 42 437
7 31 463
49 22 829
91 89 424
58 51 258
19 31 567
1 82 933
99 79 104
69 15 150
92 100 473
13 60 543
43 62 220
64 61 66
30 6 141
87 59 546
97 106 254
29 9 551
8 45 292
104 83 217
29 98 636
42 51 740
68 34 296
9 84 927
25 68 41
2 101 78
3 73 142
57 50 600
70 103 746
2 34 618
57 75 575
75 61 230
21 62 624
24 82 185
18 34 702
14 21 21
80 0 349
41 9 552
79 43 804
98 67 628
76 48 392
25 6 625
18 105 207
20 97 192
105 3 580
60 48 331
106 14 592
92 78 919
3 50 358
92 96 698
26 57 811
45 48 766
93 90 156
65 98 587
72 40 65
14 95 591
60 58 17
96 50 744
46 30 817
44 58 811
6 47 717
60 106 939
29 14 685
26 19 88
15 39 954
43 97 634
14 56 32
36 53 111
59 71 145
106 99 847
82 93 13
43 92 341
21 80 340
102 106 553
6 85 50
35 55 491
85 94 709
57 34 475
20 94 427
41 77 500
93 97 140
23 55 512
71 74 290
15 70 124
93 33 215
52 45 137
79 88 980
6 56 135
94 48 947
48 17 196
98 63 607
9 24 941
103 30 735
76 92 234
64 58 103
28 77 304
49 48 336
97 1 852
9 35 352
75 2 975
8 91 167
102 54 322
38 43 645
90 47 939
101 22 967
7 51 601
55 98 647
63 69 844
7 88 572
83 14 608
31 20 648
83 58 983
96 93 357
57 55 838
19 47 310
27 5 397
29 54 515
64 2 874
95 20 69
22 24 995
70 68 58
82 103 703
97 46 165
72 53 754
44 39 757
71 87 675
0 17 707
46 25 555
96 66 495
49 64 260
3 2 123
95 46 154
0 42 268
101 8 519
103 35 728
104 34 821
106 18 469
64 38 830
11 19 41
42 49 320
66 102 24
77 42 735
21 77 544
25 50 521
67 83 772
101 12 120
11 73 944
38 19 235
14 96 536
51 0 634
9 99 22
48 59 681
21 25 780
65 56 599
40 35 373
6 23 132
67 25 446
85 28 536
39 1 563
96 26 69
37 71 927
17 106 785
104 102 60
63 69 646
14 20 281
63 73 15
6 47 970
54 6 443
32 6 312
45 2 962
23 45 183
56 27 837
82 53 434
55 80 870
27 98 712
2 75 462
91 51 780
48 79 859
105 64 535
93 79 536
27 15 274
99 20 933
98 78 124
39 40 656
76 43 530
11 58 254
30 69 752
25 73 894
23 29 556
54 27 604
83 45 161
2 65 155
62 35 681
78 7 238
7 15 582
32 74 257
60 84 907
106 33 641
104 26 328
64 85 879
94 36 424
74 43 172
63 71 858
59 106 428
86 48 788
85 82 22
11 32 138
97 22 982
64 13 312
34 0 677
85 9 66
37 72 1000
66 79 538
56 72 711
22 71 539
83 92 623
49 83 4
66 84 951
57 69 620
65 100 449
104 25 720
73 99 493
92 78 738
8 49 26
93 99 712
48 36 538
30 82 703
102 60 131
40 99 451
55 20 399
106 26 901
49 34 775
57 92 243
21 78 306
12 64 820
83 3 125
81 60 244
89 40 436
33 45 560
104 17 45
77 35 510
4 68 137
15 102 631
14 103 592
101 75 635
27 100 853
45 51 990
56 92 247
14 6 964
82 32 288
105 10 988
10 75 271
93 85 621
74 105 486
103 38 703
63 74 919
39 38 753
14 17 310
75 59 11
24 57 711
45 22 991
47 19 477
43 32 961
100 84 830
69 27 131
61 3 990
83 102 12
5 63 903
91 64 673
37 23 744
96 97 487
35 61 352
1 95 276
104 88 707
90 76 180
86 46 183
49 47 861
55 105 65
105 41 118
74 101 475
15 84 127
82 48 582
14 105 518
43 18 988
26 29 702
97 84 748
51 55 596
76 77 103
51 44 807
19 98 925
101 19 268
21 79 969
41 98 43
93 71 981
95 51 432
70 102 206
70 23 68
34 68 236
70 46 541
34 29 646
65 39 730
63 96 990
76 1 525
45 68 412
95 15 687
103 7 151
0 55 20
51 59 35
67 2 933
96 41 254
25 23 832
55 8 47
101 31 249
69 85 300
88 6 760
68 60 700
65 25 336
44 89 809
63 102 949
65 99 903
104 52 576
52 59 620
34 82 223
34 105 542
27 12 746
17 24 373
39 76 87
13 78 573
22 76 682
103 2 497
12 9 794
10 23 175
88 31 264
29 104 642
72 4 549
66 36 246
10 95 705
105 25 112
15 7 53
35 65 56
38 4 334
80 16 632
105 74 54
84 61 407
73 70 574
56 19 207
57 105 628
83 21 12
92 60 415
52 33 235
55 63 375
61 29 833
18 73 351
3 81 527
21 56 871
101 56 457
52 56 280
62 72 432
71 48 640
18 24 797
90 30 953
35 53 841
86 10 256
90 95 349
64 85 306
93 26 920
51 59 812
95 41 944
71 75 647
61 26 243
72 14 609
77 73 577
20 56 237
6 3 91
1 36 950
52 79 367
49 87 973
26 82 196
82 17 398
51 41 817
2 61 487
26 88 428
59 15 180
34 83 779
63 70 310
90 100 372
46 73 562
14 101 201
0 65 630
68 83 152
70 40 696
63 96 974
9 47 377
90 8 754
99 46 833
24 0 873
16 57 628
28 82 150
11 26 160
91 97 104
87 75 890
40 0 410
17 86 525
32 50 214
43 33 832
60 2 339
12 19 926
44 84 215
57 78 157
50 98 218
34 63 339
10 26 120
29 69 5
101 48 837
13 66 675
63 59 21
97 59 434
96 60 449
93 55 780
48 68 658
58 72 887
5 25 53
74 0 595
46 89 635
100 45 305
66 92 746
48 86 937
17 57 496
31 48 371
31 17 286
69 48 685
84 32 377
56 12 622
4 81 807
91 21 220
93 91 592
50 71 418
18 54 28
81 86 490
36 32 229
80 82 20
102 4 591
47 5 132
57 33 698
98 84 805
32 55 263
73 46 44
3 64 55
1 100 732
3 71 745
15 46 480
15 51 697
83 42 273
59 20 334
7 99 120
64 77 804
26 0 230
26 59 967
57 27 866
15 24 673
62 2 643
97 26 821
76 90 883
16 20 361
60 99 501
41 15 653
68 61 124
11 6 663
15 62 579
17 43 400
91 19 702
15 36 308
22 74 630
65 95 792
76 50 204
56 7 668
78 48 915
56 79 537
57 26 33
101 54 414
46 81 268
73 91 570
42 46 582
49 78 326
99 98 332
106 14 496
95 46 1
67 73 328
48 70 267
79 38 352
39 43 452
52 24 288
6 4 542
32 68 237
60 68 553
24 93 816
3 98 272
35 36 543
91 24 16
79 20 335
75 18 851
106 74 363
68 16 716
86 98 817
70 44 408
24 50 790
87 93 695
86 32 15
87 37 189
72 43 361
12 90 819
99 25 398
24 88 679
30 39 278
53 103 325
43 93 262
76 74 515
62 65 158
54 73 63
102 52 728
15 61 989
31 80 974
79 15 937
82 24 634
37 77 243
102 77 55
70 86 260
61 105 190
67 79 199
96 58 906
53 54 603
89 87 830
77 38 712
69 1 341
23 101 632
28 4 284
86 66 11
3 94 7
8 16 976
50 88 485
59 38 404
72 84 896
57 34 114
57 26 61
20 47 35
46 93 245
2 56 219
43 15 293
78 101 685
53 32 24
86 88 798
23 20 905
71 22 720
38 71 308
9 52 292
0 85 38
7 94 914
17 71 31
4 22 615
8 39 833
69 2 712
98 86 409
56 94 251
67 0 738
29 36 870
79 77 97
36 70 931
43 77 870
85 38 423
48 33 783
49 70 132
80 64 747
56 96 986
73 27 956
49 59 889
53 0 542
38 17 343
62 38 222
56 94 883
97 3 929
43 84 470
39 66 761
25 35 900
26 101 616
7 16 547
20 62 752
70 89 648
20 10 433
87 80 984
6 53 425
50 79 600
36 48 707
55 96 734
53 10 695
34 26 675
26 81 551
59 55 521
70 34 505
89 25 402
52 69 147
46 89 815
21 15 153
71 16 863
72 5 854
6 87 653
81 42 528
74 22 290
66 91 957
7 60 143
25 100 877
14 82 625
55 90 595
89 29 986
81 67 853
41 71 387
28 92 447
69 76 560
86 61 372
6 49 129
102 88 423
60 62 935
97 95 282
39 41 833
75 47 2
0 57 974
41 29 730
56 61 303
101 96 2
7 45 365
81 43 364
47 28 601
55 84 568
43 27 512
94 70 146
30 35 341
39 22 617
79 66 824
102 64 432
44 54 11
79 70 686
46 6 223
20 77 334
50 78 50
3 37 74
50 91 70
86 8 120
6 83 681
95 13 419
41 95 860
