77 18 955
63 49 856
4 24 160
30 69 372
74 11 192
11 42 321
52 32 624
14 17 963
63 7 749
41 15 608
1 40 582
70 34 758
36 58 845
22 74 894
35 53 296
74 61 97
44 30 327
36 15 877
62 48 228
14 45 961
46 44 419
2 28 470
34 32 260
38 17 294
12 17 280
58 33 428
77 39 807
2 62 573
79 42 398
22 70 740
54 18 575
78 53 106
23 42 716
67 73 430
56 0 83
32 75 164
75 18 165
52 39 662
73 49 483
16 47 66
56 42 348
46 14 940
52 22 250
17 21 403
52 66 937
30 50 434
24 0 708
19 2 99
50 9 502
73 15 805
75 28 38
37 23 969
51 1 131
58 15 595
9 61 643
23 1 790
50 12 746
24 23 659
77 21 121
55 41 71
61 63 424
65 74 130
24 49 231
63 12 611
62 23 57
60 64 634
6 74 2
13 63 415
11 12 703
24 25 526
26 68 869
28 30 358
34 3 695
7 55 393
44 62 114
21 77 326
77 15 168
14 27 213
59 29 584
69 46 197
31 12 657
18 63 599
75 8 545
47 65 467
66 56 845
57 38 784
14 78 991
25 22 544
25 31 574
72 57 40
43 58 132
71 15 62
34 8 361
56 61 516
32 61 911
73 72 973
63 22 642
58 49 975
63 42 697
21 36 969
63 77 566
72 33 521
68 14 78
10 49 594
50 67 668
64 65 668
12 41 947
7 65 186
31 66 355
53 56 407
22 38 135
18 37 838
53 0 162
61 18 585
62 53 742
42 10 146
14 12 227
26 48 465
22 68 719
31 25 765
71 13 309
74 19 411
0 20 278
67 32 494
60 43 503
67 13 81
30 20 460
26 75 265
49 14 482
51 61 764
15 37 794
45 24 50
55 17 751
30 62 822
72 32 166
59 35 571
39 59 687
67 77 630
26 33 61
25 27 196
68 58 650
14 47 38
44 40 551
55 46 632
39 37 895
17 46 604
40 57 544
39 18 591
13 76 226
79 64 268
41 15 75
49 4 452
54 25 635
36 34 583
6 66 938
58 27 940
62 79 666
64 45 898
4 80 281
52 10 16
37 63 967
48 41 685
50 37 600
29 10 990
41 42 34
75 13 537
80 59 853
11 61 929
34 8 704
57 5 760
34 75 164
67 43 226
8 76 887
59 3 713
9 62 3
25 9 761
69 9 705
37 28 122
19 40 838
31 48 448
0 19 998
47 37 415
80 9 146
72 23 454
24 28 476
35 29 947
36 59 825
9 25 272
35 29 328
67 48 718
63 29 396
22 16 603
79 32 381
39 64 117
38 8 19
48 26 484
15 18 809
27 18 703
55 56 891
27 41 773
14 61 574
34 37 883
37 23 887
17 23 457
50 10 913
11 1 205
77 18 336
8 4 347
29 35 947
50 68 465
0 76 195
54 40 194
49 69 48
2 50 782
3 0 444
76 22 370
72 31 220
63 47 338
52 25 232
29 63 386
0 66 377
74 29 796
55 31 80
28 24 710
50 18 334
17 78 51
26 46 394
24 48 809
33 29 307
4 15 338
19 58 161
31 67 777
33 55 216
33 12 485
26 43 548
50 59 887
25 61 44
12 49 580
65 49 451
61 43 863
5 56 265
25 52 112
78 65 318
48 62 577
28 10 781
80 27 431
76 71 239
5 80 359
69 54 357
25 70 369
63 45 746
45 35 293
79 29 990
37 38 155
72 26 303
63 12 157
36 70 254
65 21 682
79 8 932
31 42 199
45 46 994
69 72 335
14 19 259
46 23 174
1 68 558
67 4 796
40 17 565
30 61 39
53 58 313
11 23 429
14 68 681
67 29 172
57 65 275
32 47 522
53 46 348
2 66 822
71 64 900
50 37 601
12 25 237
41 19 737
47 34 931
22 28 161
77 58 45
43 50 858
28 72 439
37 60 594
76 0 337
78 77 683
65 1 541
39 26 632
49 70 965
74 42 78
80 59 927
55 53 439
72 5 798
58 51 678
24 22 181
14 3 218
64 24 130
67 59 266
37 29 627
5 62 988
23 19 383
31 70 78
25 36 135
23 48 352
10 77 254
44 31 345
19 34 606
0 27 835
62 28 523
33 71 627
57 42 33
14 26 488
44 18 516
27 29 343
55 23 105
27 36 156
49 57 307
3 7 634
67 24 156
66 48 249
35 47 944
29 25 336
15 1 339
59 61 855
7 77 166
16 60 932
74 61 907
9 58 540
9 32 905
24 61 4
35 72 252
62 7 213
12 58 411
6 42 143
30 80 209
30 8 397
28 34 105
20 80 838
70 9 164
61 30 115
33 74 686
41 73 767
36 6 53
51 63 385
24 4 194
74 51 833
44 63 39
67 45 879
49 63 799
12 44 792
32 17 567
23 9 295
60 2 593
26 56 418
60 25 803
54 26 530
12 18 609
7 72 298
27 9 371
59 11 887
39 77 998
23 0 625
57 2 494
66 13 229
3 41 391
15 78 604
53 65 716
58 6 358
14 57 872
21 26 936
46 18 91
10 19 988
41 15 815
23 64 242
67 72 689
43 29 41
3 48 836
73 79 715
46 57 653
45 32 271
39 4 914
2 77 512
57 20 386
45 23 726
31 70 717
7 67 151
38 27 305
69 3 548
27 23 97
71 72 69
15 18 90
10 77 959
79 62 116
80 44 404
76 63 871
69 44 151
31 13 352
63 9 770
32 59 709
27 11 128
19 71 728
65 75 436
72 73 248
73 43 795
78 80 957
67 46 345
20 63 9
69 40 540
58 48 221
57 58 314
16 48 167
46 80 446
75 13 928
69 14 558
38 68 960
41 26 420
76 48 655
71 19 348
25 57 851
46 78 714
55 52 699
42 56 954
76 31 395
78 40 640
51 15 7
25 52 10
17 26 154
45 13 415
77 15 266
49 76 947
7 65 471
6 13 453
29 39 668
50 27 221
49 1 909
17 75 387
73 69 515
62 49 982
67 69 699
2 31 406
35 38 273
41 59 585
24 20 985
37 33 834
45 31 629
29 38 254
49 12 814
31 15 899
22 79 732
21 47 780
42 23 307
46 28 423
29 35 444
32 63 419
17 16 651
48 58 902
79 61 379
10 7 846
27 16 378
34 53 762
58 13 185
49 62 781
62 36 431
55 25 969
64 25 808
14 67 375
17 25 456
37 29 168
29 76 485
59 78 918
47 76 601
3 70 122
2 79 101
19 25 549
3 56 344
75 34 511
57 65 77
37 36 964
68 13 407
41 43 336
39 14 239
8 54 668
75 49 15
63 14 351
41 43 54
32 63 142
24 46 94
18 1 828
9 33 197
10 74 812
50 74 342
2 58 811
76 2 241
45 18 763
58 55 721
62 52 74
65 59 417
35 30 232
36 41 684
38 46 94
63 13 518
55 0 502
45 69 695
59 50 734
38 74 20
23 70 913
41 10 143
56 78 919
43 29 516
42 6 413
14 25 744
77 62 423
80 74 5
56 15 319
63 58 346
50 48 78
9 68 182
58 9 845
37 43 63
23 4 639
19 2 513
26 62 698
65 28 703
73 1 182
33 53 294
65 80 404
41 66 124
3 59 610
42 43 84
53 4 748
39 68 874
43 11 365
39 11 341
18 42 417
75 26 197
53 39 791
51 19 545
29 54 329
74 39 319
23 50 433
17 39 242
49 2 260
10 28 312
50 32 394
28 37 543
1 17 168
22 9 442
32 35 383
52 27 377
55 76 799
20 31 812
57 63 662
77 23 866
46 13 710
73 21 167
56 25 732
4 35 840
4 47 716
29 41 502
65 52 383
48 24 849
24 37 164
4 73 91
24 13 312
77 35 358
17 75 456
80 69 804
10 8 864
68 43 418
43 24 139
31 51 852
51 69 206
40 27 829
60 35 578
23 6 141
3 32 139
74 55 689
26 4 439
10 31 842
8 37 835
59 51 726
26 80 243
46 50 867
80 19 840
63 80 977
9 1 679
71 46 138
61 68 972
79 15 448
29 10 615
39 50 898
60 40 243
79 46 490
7 38 218
34 5 598
32 66 131
39 8 610
71 72 89
21 11 742
14 73 713
43 23 162
47 54 187
11 31 739
47 55 659
60 54 512
43 70 497
26 55 96
29 4 188
7 18 383
28 10 322
77 4 249
12 38 688
19 77 917
38 52 279
15 58 156
58 30 104
5 63 125
31 2 736
32 9 775
1 66 906
48 23 681
69 3 41
9 8 761
63 27 216
10 38 568
54 55 192
22 63 260
45 72 124
17 56 914
76 21 984
8 3 207
39 4 195
54 42 832
39 2 43
74 10 228
32 15 581
8 72 353
12 46 162
33 18 12
26 36 187
7 61 513
50 57 734
24 38 269
54 22 841
20 50 29
27 34 784
47 51 828
32 21 181
26 60 752
75 12 329
45 67 905
20 72 619
11 41 751
42 5 959
23 35 153
1 33 355
64 37 15
64 71 765
34 5 389
12 27 417
75 21 697
13 5 990
38 2 504
76 52 768
32 31 867
61 79 350
15 62 806
74 73 331
32 48 743
39 25 173
51 50 744
1 57 760
32 5 778
46 80 905
45 30 693
14 3 42
28 62 466
63 31 854
67 62 275
4 74 739
11 13 537
37 68 885
40 3 820
13 15 836
5 25 457
33 79 247
30 54 268
71 8 570
4 58 333
3 52 844
27 73 519
26 8 838
36 12 174
7 42 389
55 32 584
0 16 567
20 50 343
47 53 618
49 30 148
21 10 959
21 28 352
39 35 96
42 57 902
55 63 720
0 45 190
59 66 803
6 71 564
37 67 650
55 43 700
47 61 228
64 15 439
5 10 195
49 22 530
64 43 543
20 69 960
6 78 346
12 56 634
24 21 460
63 7 567
21 57 706
9 44 772
8 26 592
18 6 926
67 13 407
72 14 15
76 2 744
17 54 483
51 4 206
33 3 695
71 70 970
63 65 802
21 15 798
49 15 326
59 61 39
59 51 649
74 52 238
3 10 274
65 19 704
15 14 486
68 3 251
18 40 598
21 51 276
46 23 196
13 1 809
56 16 525
38 1 252
59 65 667
32 8 426
74 17 208
64 7 11
13 4 286
10 0 294
40 72 640
21 4 846
14 56 302
42 39 383
44 76 839
73 24 380
26 49 748
34 41 353
26 59 168
46 62 817
78 66 965
71 49 916
17 24 110
11 53 909
66 20 814
68 51 791
20 4 754
41 57 125
46 30 104
38 68 802
24 18 558
58 70 267
16 56 277
6 31 591
13 41 582
72 68 462
31 28 713
22 68 718
31 36 854
0 48 688
77 22 692
53 23 258
65 51 46
33 66 240
27 35 268
0 74 980
67 76 817
74 25 452
72 76 496
14 31 323
48 69 261
71 5 222
47 66 896
45 75 333
54 8 613
7 56 479
71 70 641
76 58 134
17 13 625
39 30 692
40 69 493
33 31 948
49 12 599
70 50 428
40 30 191
22 32 275
41 42 90
17 25 275
25 18 20
4 17 275
61 36 672
37 25 878
22 23 998
27 69 707
42 24 241
73 78 796
28 32 363
63 49 609
72 64 115
40 15 437
18 63 267
56 30 896
34 54 555
39 25 306
33 45 383
13 2 317
56 66 677
30 61 665
47 80 118
19 42 752
28 32 548
42 75 267
60 73 785
64 38 739
41 47 221
79 68 52
6 15 790
40 18 873
17 2 773
5 74 190
48 53 874
73 48 541
53 69 546
48 50 618
19 5 176
49 3 988
0 45 319
9 79 172
6 30 376
1 19 969
62 20 160
36 51 99
36 59 265
60 44 829
78 26 141
6 31 834
22 30 879
4 64 824
41 77 828
5 56 998
71 48 816
44 9 712
10 69 862
19 68 356
40 43 257
20 63 156
29 35 403
71 24 463
3 29 606
31 28 204
50 3 618
3 66 995
20 18 959
75 1 255
14 0 519
41 77 698
23 75 646
40 24 466
29 11 833
34 46 74
74 6 388
35 38 389
54 68 329
59 15 685
20 77 443
80 39 370
56 44 629
13 42 741
7 6 851
78 27 939
3 10 953
2 11 599
22 30 263
21 33 972
43 60 325
63 40 617
80 36 824
62 14 717
80 62 604
36 23 337
13 44 993
4 48 142
59 58 532
59 80 701
52 62 801
50 79 24
41 56 922
76 16 803
44 63 33
24 14 74
3 42 83
16 62 887
16 4 836
31 61 581
44 0 310
33 29 92
76 60 430
22 34 796
25 70 717
66 37 184
33 50 669
40 79 355
33 63 211
54 50 775
14 21 260
68 31 587
68 12 128
62 15 203
72 7 342
63 69 192
67 34 976
30 29 806
13 15 671
38 29 544
36 37 986
71 25 218
26 61 736
34 8 968
15 8 809
64 79 13
31 54 875
50 13 583
30 25 429
32 69 989
58 52 450
78 2 849
66 68 889
49 74 724
50 46 776
50 11 127
67 15 468
61 31 215
22 4 426
44 48 835
39 65 436
42 55 330
73 80 126
2 22 626
31 16 309
44 62 427
47 37 378
15 75 150
20 5 854
20 67 362
80 53 493
14 73 592
12 79 814
64 80 313
5 2 341
23 2 498
1 13 547
32 26 79
52 73 869
39 44 66
25 39 611
66 34 734
23 19 962
13 33 634
75 66 513
74 30 765
55 71 82
32 38 604
7 30 469
67 44 304
16 80 721
67 6 682
47 75 944
29 67 716
32 22 208
46 43 779
72 68 235
0 25 200
51 63 595
48 3 49
13 42 404
70 5 693
72 24 374
76 5 727
9 80 316
15 48 494
22 18 492
7 46 112
75 6 15
14 9 644
37 63 5
49 29 587
22 6 673
40 14 985
26 74 914
24 48 210
75 78 882
25 72 221
78 68 312
64 21 728
55 10 318
80 56 709
45 74 854
6 29 962
16 22 852
78 27 375
70 35 572
78 67 71
44 56 625
51 24 75
39 58 721
8 29 705
15 64 32
22 36 805
63 14 336
20 36 501
18 29 944
37 60 582
80 17 591
46 51 262
67 8 497
73 50 376
54 42 356
49 52 725
28 63 197
11 16 361
7 8 790
11 6 333
66 59 712
17 38 927
17 43 613
53 22 498
62 65 36
6 5 322
16 49 62
28 49 209
66 29 491
29 39 944
26 17 318
16 60 186
8 25 977
51 22 891
42 27 618
23 66 746
66 75 486
20 17 805
72 54 535
2 13 893
21 74 94
60 65 140
39 19 587
62 1 872
7 59 229
9 48 961
8 45 856
44 73 468
10 18 362
63 17 322
63 51 178
63 40 55
33 76 454
44 37 672
79 75 637
78 75 452
28 44 473
6 18 124
74 71 702
54 49 150
1 4 916
71 60 181
14 72 761
77 40 814
74 6 836
43 67 461
51 13 919
27 68 866
31 55 102
55 5 663
32 9 440
22 49 602
36 57 583
19 20 41
64 9 878
7 23 607
58 67 369
77 30 447
16 13 663
35 63 304
17 39 230
49 38 644
10 13 217
65 11 334
52 16 535
33 52 103
13 17 950
71 60 182
54 29 530
31 57 885
75 39 176
18 56 146
78 5 975
14 10 799
12 29 365
50 47 456
16 28 95
37 28 959
18 14 328
0 58 204
60 66 673
11 77 653
49 43 364
74 12 439
17 27 482
64 68 391
77 26 909
63 77 402
11 72 295
3 48 447
54 66 981
79 47 108
24 53 96
19 56 278
75 27 928
48 25 790
78 15 700
54 36 558
24 3 300
41 5 776
75 68 133
44 50 885
20 27 673
45 1 630
58 36 862
53 4 84
0 58 202
16 26 423
7 6 188
9 59 94
21 30 339
38 57 258
25 28 203
66 79 214
66 59 677
13 62 988
21 29 499
62 55 441
74 45 539
74 63 918
45 37 29
8 61 724
54 24 79
45 33 164
56 36 604
74 53 556
45 76 3
0 52 698
66 43 618
1 57 188
75 55 351
45 39 99
26 0 852
41 61 579
76 41 82
25 53 926
57 61 979
15 4 462
15 4 236
2 44 190
8 54 179
44 52 769
18 68 828
63 25 44
73 33 655
67 23 483
21 4 207
34 12 422
31 73 870
35 5 8
79 19 525
59 38 341
46 15 133
34 73 389
71 75 289
15 34 866
65 68 38
31 66 896
21 37 534
29 68 445
21 24 133
41 74 674
39 31 989
37 36 635
70 42 299
67 65 282
11 23 507
69 41 954
39 71 427
60 7 263
72 34 688
75 48 931
76 51 898
61 54 810
33 48 347
76 19 884
43 58 851
19 12 117
59 32 170
73 80 528
48 80 943
71 50 452
66 23 190
65 51 741
9 34 579
3 31 847
8 63 787
58 77 881
73 77 788
61 27 153
9 13 509
41 2 169
18 34 581
38 58 633
7 21 183
56 44 534
4 64 889
51 23 450
5 61 838
60 57 837
37 0 51
34 37 425
20 0 139
7 47 595
21 57 25
42 5 187
60 33 6
51 39 667
59 65 145
9 65 840
22 19 62
36 80 860
77 38 476
36 54 456
63 76 118
66 14 27
12 13 975
58 38 752
55 45 914
15 78 369
55 75 720
62 7 697
18 66 191
80 74 305
74 47 357
12 11 518
16 15 17
4 16 810
78 64 47
38 31 824
57 21 806
78 37 341
29 66 173
28 69 848
62 33 449
41 64 898
56 1 61
7 68 808
24 12 858
79 48 356
11 18 541
6 8 158
16 49 889
70 66 663
32 30 576
28 5 454
56 71 249
19 16 554
58 7 27
32 70 979
29 15 169
23 66 591
22 56 759
1 52 67
33 23 151
57 15 555
70 33 192
20 43 100
23 70 191
21 61 627
9 38 788
12 66 631
80 55 536
8 35 484
68 43 375
23 17 551
64 9 333
52 3 323
73 32 777
4 17 103
9 37 187
67 60 365
48 47 317
80 69 426
26 69 690
41 47 989
45 72 230
22 3 482
12 38 638
24 26 621
46 40 912
79 16 386
3 30 266
61 31 867
25 44 174
49 68 780
49 7 353
51 44 463
58 29 549
65 32 879
21 69 67
30 52 178
28 21 784
41 32 792
59 50 398
9 70 339
34 14 184
38 32 664
21 60 770
35 59 771
0 78 191
10 68 149
19 56 645
18 56 745
19 66 921
50 10 405
40 73 824
34 5 360
0 53 975
56 0 597
43 22 644
18 44 100
26 9 896
73 26 471
52 44 949
45 50 116
61 42 221
48 34 985
24 25 354
41 80 962
78 72 680
12 22 154
19 65 869
62 7 879
24 59 601
65 47 719
62 30 357
27 79 98
43 27 150
63 8 299
71 4 798
31 80 599
5 55 183
69 29 597
78 53 874
39 63 141
40 39 338
61 51 371
1 69 95
72 74 520
26 73 120
73 75 107
43 57 364
40 75 958
42 27 844
54 65 642
13 17 209
14 79 342
74 17 172
22 78 141
46 34 155
66 30 115
76 71 351
48 57 781
22 58 544
7 74 703
14 11 58
5 53 56
43 20 333
78 31 635
49 46 295
67 40 785
72 30 226
20 3 707
62 4 284
34 38 625
51 33 758
1 4 966
51 12 573
6 17 471
25 60 855
72 75 68
53 78 102
59 19 512
34 58 567
66 79 972
10 57 209
56 30 336
74 66 337
36 63 453
25 3 473
58 20 230
1 70 471
76 33 190
20 4 155
49 45 669
78 74 150
76 36 44
7 36 801
56 16 994
8 41 908
28 58 864
10 58 506
73 7 822
52 78 407
25 21 797
19 43 305
69 14 783
78 9 473
20 68 196
63 38 412
43 60 367
62 26 231
78 36 22
63 29 469
43 74 631
73 8 928
12 23 693
3 32 245
1 18 89
36 3 186
5 40 727
24 39 901
10 20 80
63 16 176
56 1 32
7 49 967
61 51 781
64 57 928
66 46 827
9 30 2
68 17 430
28 39 546
26 42 348
20 3 105
45 68 653
44 39 555
58 23 757
44 65 822
66 64 28
54 16 971
52 18 965
29 49 551
53 48 503
68 10 534
78 55 198
29 5 560
63 64 122
14 44 913
10 4 212
25 22 871
22 48 439
56 55 914
7 36 933
3 49 682
48 9 595
55 73 887
26 63 875
49 67 550
41 29 808
58 28 370
66 25 946
51 8 383
19 50 51
33 51 285
64 19 100
5 72 424
31 29 30
30 80 966
37 57 512
68 48 336
19 67 121
74 49 809
15 57 43
75 73 743
79 71 642
60 52 261
6 3 855
10 20 444
74 34 228
59 7 470
45 61 960
38 2 477
49 58 484
17 65 974
53 21 581
25 76 307
72 71 647
53 63 367
80 21 131
23 73 280
75 70 496
37 40 241
64 28 541
7 36 765
20 12 150
0 37 259
15 5 79
20 74 764
56 22 514
60 25 929
57 72 993
73 20 278
26 7 982
13 34 826
77 1 112
78 67 338
12 19 234
72 18 635
52 3 975
24 38 180
69 43 929
45 31 781
52 5 133
25 12 878
43 33 10
74 24 215
79 11 608
57 41 366
31 55 1
14 1 552
50 15 327
69 16 483
5 25 331
50 17 396
26 6 621
22 41 469
25 1 977
31 76 274
22 11 97
47 57 32
80 41 269
52 38 479
76 69 553
43 77 653
25 28 712
48 70 906
62 65 958
49 45 517
79 25 597
51 18 900
56 1 883
29 66 979
50 47 478
20 16 322
78 80 119
40 0 741
61 80 828
76 32 9
55 28 130
35 49 935
48 42 158
62 44 118
54 16 555
73 10 781
33 78 223
31 54 865
47 14 935
40 70 970
13 7 898
25 59 788
44 14 374
34 59 945
13 18 994
12 61 245
20 39 431
16 66 496
39 8 170
70 60 316
62 49 715
30 40 332
25 75 173
15 25 50
72 80 63
25 13 429
19 46 654
35 49 257
41 22 978
67 10 503
17 68 424
78 36 993
39 72 534
2 49 610
0 38 112
42 64 965
47 18 603
14 40 672
44 48 879
6 54 17
27 45 967
47 72 560
2 57 564
54 1 638
43 4 1
22 43 355
32 29 518
45 34 526
46 48 197
46 63 795
67 24 265
46 19 710
15 5 121
78 54 874
30 57 846
73 53 780
32 47 189
18 24 367
60 30 462
58 31 741
21 37 602
24 14 664
36 10 848
25 46 594
42 27 585
11 63 948
47 5 573
51 56 720
6 5 699
21 66 232
33 60 942
5 7 362
16 18 328
67 77 889
2 38 437
68 75 825
