49 46 244
1 12 27
7 24 895
31 18 15
51 24 138
29 4 909
48 4 368
42 10 278
53 39 713
50 24 376
11 39 712
30 36 378
23 58 43
31 38 12
14 55 730
53 31 809
19 20 474
49 30 480
5 41 671
52 30 226
56 26 679
22 20 216
14 11 204
3 33 503
9 10 753
47 21 756
40 47 309
25 10 605
53 16 458
4 13 151
57 34 212
6 51 76
41 28 361
11 4 789
56 14 581
30 52 724
27 2 142
8 58 38
5 9 552
14 6 493
22 10 971
42 22 222
46 34 641
18 16 110
43 57 345
11 17 54
41 43 670
17 2 151
49 29 163
39 36 25
0 14 239
20 47 813
58 14 917
17 37 293
7 23 578
46 13 969
26 4 594
22 40 427
0 41 375
26 2 335
46 20 231
30 25 511
54 18 811
51 42 675
2 1 1000
19 6 562
49 51 315
10 6 709
52 34 582
18 35 517
57 43 959
42 58 326
24 21 994
4 44 592
14 3 233
47 0 500
48 27 162
26 38 497
55 5 96
57 0 808
57 52 782
35 24 793
26 11 576
7 58 803
32 17 585
12 28 73
44 12 780
3 21 378
56 12 512
47 14 528
34 1 728
10 21 640
45 5 269
42 26 708
2 47 940
48 10 198
4 22 118
38 52 712
57 54 394
54 29 609
51 4 401
1 39 835
57 28 410
27 46 519
11 51 513
55 5 315
12 37 738
50 41 64
0 19 208
30 54 613
44 27 98
12 10 983
19 56 344
22 45 573
24 3 157
45 27 876
11 43 581
21 32 431
49 58 51
46 16 928
1 54 934
49 10 271
43 33 491
54 25 692
57 38 929
22 18 754
22 46 237
21 25 789
35 45 612
1 4 848
28 52 622
25 11 896
53 19 425
23 25 349
55 7 132
47 16 759
4 47 729
5 46 996
30 55 553
2 34 85
44 43 138
44 5 96
0 29 780
44 1 308
47 22 908
26 14 704
1 42 882
4 50 665
49 38 149
21 52 190
39 4 811
2 22 688
47 39 980
58 40 403
54 48 808
39 52 337
53 55 59
4 35 209
25 5 986
26 7 688
1 32 697
37 42 600
49 15 631
44 8 404
10 42 121
25 36 120
16 46 396
38 23 183
24 37 199
30 8 323
28 2 954
51 7 759
27 10 656
21 14 735
35 14 744
30 50 249
24 2 566
18 41 146
26 14 972
50 51 363
51 46 475
38 20 568
19 13 743
54 27 632
44 55 800
24 4 740
21 39 453
44 2 848
24 17 525
5 51 176
47 12 661
8 12 354
37 42 922
57 26 441
32 8 110
49 30 569
1 2 950
12 32 889
10 17 155
40 12 843
25 11 150
3 33 819
50 52 964
7 21 277
58 56 687
42 39 881
22 20 33
45 39 27
38 42 202
4 8 89
2 57 155
5 57 53
17 34 521
54 57 982
50 27 1000
27 58 580
36 24 291
2 12 187
29 16 219
10 11 666
34 4 345
40 34 793
3 37 494
52 46 56
11 49 524
10 19 937
50 20 21
47 18 969
13 0 828
20 56 932
49 41 65
17 42 492
55 2 702
29 48 208
53 57 61
48 21 392
24 12 859
27 5 101
37 39 961
27 41 688
41 51 416
2 21 957
46 41 953
0 29 646
58 33 94
34 42 953
57 17 280
43 22 357
19 43 255
27 18 352
55 14 495
41 52 655
12 27 99
29 24 34
2 35 388
14 22 438
3 32 22
56 39 178
52 3 537
20 43 662
49 3 567
44 10 195
4 27 323
28 52 968
2 4 846
21 6 176
54 15 459
25 51 930
4 37 177
15 30 575
54 24 740
9 21 722
51 16 996
29 20 967
58 45 194
45 13 427
6 47 997
44 43 294
51 42 395
48 1 471
54 23 65
8 39 87
12 14 445
57 2 362
39 31 989
7 1 608
3 19 468
53 54 584
49 35 548
14 51 337
53 18 926
24 12 461
28 21 393
7 15 600
19 34 813
48 10 307
6 8 464
26 22 714
34 51 968
16 34 281
3 41 519
51 43 491
11 22 583
53 32 327
19 36 931
16 14 510
41 30 450
35 19 190
2 32 561
1 21 903
50 30 605
9 45 949
27 3 428
4 31 461
1 51 585
34 11 576
1 28 157
58 14 29
57 8 242
17 38 961
7 39 923
46 18 746
4 42 848
26 40 369
51 39 503
28 9 176
0 9 805
58 23 48
43 13 435
38 0 775
44 46 290
49 28 456
50 51 735
26 50 253
8 28 710
32 19 457
26 36 569
20 36 491
13 19 341
35 20 845
30 36 528
47 24 993
1 3 953
47 30 652
25 1 260
49 52 753
6 48 443
54 43 803
51 34 946
2 8 894
30 44 801
22 6 983
50 0 776
58 49 961
30 55 197
47 54 586
12 42 604
1 38 534
58 34 279
25 56 368
28 10 585
9 24 468
11 45 155
33 46 1
25 53 475
58 35 655
46 50 903
9 55 256
17 18 484
19 17 501
16 31 255
17 57 267
49 44 424
23 26 744
32 42 812
24 21 311
43 16 284
45 30 339
24 26 995
13 38 728
7 44 617
34 55 428
49 20 481
11 13 10
11 22 15
25 29 318
51 56 500
26 22 407
54 14 285
20 30 9
40 45 332
6 16 654
43 25 102
7 51 208
50 35 47
2 27 260
2 41 574
38 9 334
40 28 292
34 5 338
45 32 682
25 12 652
56 53 543
56 33 186
38 31 158
30 19 570
48 38 12
40 15 751
37 35 721
56 35 497
23 54 782
5 19 97
58 11 891
14 3 274
19 32 206
3 0 682
23 39 327
10 19 726
33 22 104
16 44 504
28 14 732
22 58 450
12 40 120
26 24 199
35 21 206
14 41 230
56 55 333
30 2 34
57 58 562
51 18 946
28 23 3
38 27 678
34 14 983
10 35 620
47 26 836
8 22 708
48 19 709
30 18 575
49 42 243
58 25 133
25 51 106
23 34 656
49 12 786
53 47 361
11 51 224
5 22 578
56 20 844
10 11 11
3 25 480
44 18 129
23 45 319
34 52 210
54 43 325
40 34 48
0 29 111
3 30 473
53 7 612
15 11 162
20 3 213
53 38 601
16 37 27
49 25 741
33 9 464
29 10 40
53 21 540
28 1 513
56 19 970
34 49 43
48 33 630
55 20 559
4 22 24
2 26 902
6 1 201
41 29 510
30 23 353
14 24 676
11 54 964
17 24 735
12 33 128
33 21 834
47 38 701
33 26 185
51 55 921
25 57 501
56 48 252
33 2 407
6 30 341
20 41 972
22 43 253
47 16 149
36 14 852
22 45 95
11 42 344
20 36 826
32 49 637
21 48 798
35 40 623
5 45 920
28 20 852
7 38 870
19 24 883
4 11 736
36 56 297
43 13 716
15 58 994
2 6 428
4 58 88
38 6 352
23 21 526
28 14 706
54 27 902
14 4 428
17 28 29
31 51 410
54 50 999
43 55 525
26 1 658
44 49 810
14 3 971
34 40 172
39 12 241
6 47 485
41 38 880
40 25 510
24 14 807
16 6 836
25 19 886
31 11 160
44 0 188
41 23 507
26 25 853
8 51 583
49 12 509
25 53 841
54 13 504
28 6 584
51 1 638
27 37 508
0 1 742
25 42 746
13 43 756
14 13 719
7 52 338
2 23 513
9 39 516
49 11 175
38 28 167
22 57 649
58 5 415
15 9 366
24 45 435
9 27 805
25 8 354
28 39 267
23 29 444
15 9 458
56 32 976
29 27 170
45 16 652
10 48 783
12 25 398
27 2 645
40 3 623
36 19 686
50 7 465
33 56 971
9 28 128
27 31 603
26 33 220
9 55 471
49 14 208
21 30 11
53 13 147
5 46 764
36 37 58
24 13 158
57 0 727
3 49 182
29 50 950
23 20 280
57 45 300
16 2 636
58 8 700
36 39 994
23 26 693
8 37 689
41 57 483
18 21 184
21 7 946
42 43 853
13 50 514
20 14 163
46 18 37
6 31 613
29 6 99
39 11 556
23 7 947
16 19 481
47 1 32
4 5 56
26 41 982
6 12 571
43 28 135
45 40 682
57 41 301
49 44 588
29 23 375
15 55 180
48 10 192
30 37 713
31 24 189
28 52 769
32 34 577
20 30 418
51 57 400
1 15 218
25 39 367
15 22 545
42 20 327
17 2 19
3 58 493
12 20 666
35 30 630
42 55 574
14 53 637
47 14 308
44 3 292
49 12 545
8 35 754
7 2 877
31 39 408
34 36 248
5 1 767
41 46 180
17 51 669
34 54 533
3 51 672
14 28 901
22 38 109
21 37 611
1 13 618
26 48 378
52 49 122
13 25 666
29 45 627
7 57 159
8 12 904
34 36 599
39 29 501
20 10 77
54 57 636
39 26 414
24 28 925
52 29 136
44 16 894
20 58 694
32 17 834
50 0 88
1 2 929
4 42 909
2 22 445
31 26 457
54 47 652
22 14 492
24 50 348
13 6 353
57 22 888
54 13 677
55 24 645
21 50 804
52 23 72
20 48 224
5 30 519
22 15 408
50 44 298
9 32 971
11 23 756
45 33 73
10 32 810
25 30 549
22 50 826
44 23 41
56 10 694
42 5 494
47 45 697
14 52 29
16 33 469
33 36 285
43 15 726
20 7 926
52 17 817
0 49 199
47 29 422
26 11 771
28 0 812
40 30 233
4 32 342
54 10 560
52 56 191
29 10 937
8 45 486
55 29 606
5 22 150
43 20 406
41 18 942
2 53 334
20 48 192
23 54 386
44 26 368
35 57 666
44 20 931
31 5 944
25 32 373
40 32 810
51 16 717
10 48 455
52 58 603
48 52 89
16 22 302
49 43 770
9 48 59
18 38 834
52 43 529
8 50 290
32 35 160
51 41 266
29 54 905
14 36 418
44 14 587
37 50 476
53 15 273
53 39 581
0 18 12
36 18 899
46 6 141
30 17 551
47 8 707
31 27 31
28 38 301
9 3 103
27 25 396
24 21 767
42 56 184
6 41 621
14 17 536
23 21 431
16 10 709
26 37 381
41 6 784
34 27 863
46 48 805
29 31 751
40 48 123
55 54 176
19 37 725
3 41 465
40 11 905
33 17 211
55 26 176
48 29 674
20 46 552
37 29 656
11 21 658
11 23 309
32 28 859
37 47 472
13 41 152
45 41 372
2 8 499
33 40 719
36 52 108
32 0 48
34 47 877
48 49 963
30 27 737
0 42 811
36 55 242
54 36 774
19 50 88
54 34 988
8 13 651
2 8 895
56 35 846
35 37 535
16 39 445
24 44 732
1 12 91
25 12 150
23 39 413
15 36 668
7 56 777
39 41 440
24 29 999
3 38 396
35 32 34
30 9 980
5 38 670
1 51 258
34 37 69
52 49 95
16 39 408
54 2 144
26 29 405
25 19 626
36 18 649
57 9 162
47 21 30
54 34 464
33 3 929
22 55 56
15 11 717
23 47 11
47 58 555
18 16 135
18 31 315
51 56 662
15 55 84
22 50 936
48 9 686
54 26 365
5 35 710
40 20 228
42 28 324
50 37 554
14 9 216
33 40 703
34 33 476
41 33 385
27 29 939
17 20 81
44 47 99
19 18 116
24 27 802
53 13 611
27 45 209
57 56 794
39 32 605
16 43 758
24 8 830
49 0 112
7 23 659
31 30 479
40 32 252
37 29 746
5 28 540
18 20 766
56 57 129
32 24 195
36 55 672
1 54 341
16 29 473
44 10 977
13 26 350
29 18 286
27 30 151
32 29 757
47 23 339
57 14 77
36 42 182
46 2 566
27 50 718
29 53 956
32 54 256
40 13 981
16 34 141
43 36 485
29 3 986
22 30 748
52 57 655
51 41 57
1 17 346
54 5 481
1 49 415
25 46 831
23 12 391
52 12 318
44 19 154
26 43 310
44 45 562
51 48 412
10 0 207
30 45 174
11 17 634
56 46 418
2 35 84
44 51 27
14 34 246
31 58 659
32 56 248
38 24 161
