23 44 908
35 2 16
38 46 321
15 18 286
6 18 805
8 29 305
5 23 723
12 20 635
4 8 481
15 17 613
40 9 635
14 15 45
45 44 681
16 22 620
23 40 74
45 14 916
8 22 483
29 22 76
44 9 393
28 18 825
11 20 589
45 46 702
7 0 734
25 7 504
0 8 690
32 46 675
16 7 637
45 8 295
36 32 129
1 17 756
7 41 368
30 31 399
21 37 366
14 36 623
19 5 637
25 12 727
3 46 143
26 38 4
21 12 11
44 13 585
20 17 531
29 20 719
12 45 816
37 39 364
27 25 794
46 38 88
33 6 642
29 27 305
8 25 980
23 15 629
30 24 39
41 46 978
27 23 928
38 16 369
42 30 284
6 36 453
34 6 123
29 28 101
42 32 191
27 26 719
34 22 442
22 1 84
41 8 817
19 0 60
7 33 358
44 13 261
13 12 92
3 36 371
42 12 450
41 18 897
5 37 373
41 46 351
17 38 347
33 18 332
29 7 318
26 2 225
1 16 587
26 36 72
38 3 587
14 41 554
30 40 866
21 38 916
44 15 142
31 1 309
40 8 147
21 8 75
27 30 962
2 15 641
21 17 368
18 7 312
23 18 681
8 33 444
32 34 243
10 7 639
9 26 138
6 34 971
37 42 281
42 15 734
39 13 636
33 46 342
42 38 541
1 5 923
5 17 64
19 9 335
11 4 793
24 34 909
15 3 10
24 42 94
34 15 280
28 19 171
28 1 860
37 46 60
0 39 294
4 33 934
19 41 750
39 26 813
9 16 750
2 36 576
4 32 222
38 2 6
17 29 567
4 44 802
25 15 278
16 25 423
30 37 610
29 36 474
18 41 551
36 35 381
33 26 376
27 23 110
33 28 851
13 18 807
17 31 183
3 40 41
42 2 391
31 33 820
32 15 250
23 9 199
17 21 173
29 7 187
7 24 297
46 43 836
8 33 955
21 41 316
46 42 670
35 10 748
33 3 681
40 9 592
39 31 412
30 26 183
26 28 844
25 3 699
35 36 375
0 13 157
5 31 642
46 22 344
15 22 178
34 23 729
4 23 815
2 28 109
42 14 477
34 14 212
36 39 44
35 27 351
13 28 13
11 5 603
4 19 312
0 25 510
21 38 98
5 37 668
29 23 884
36 21 97
13 9 944
29 31 182
46 3 875
31 33 517
5 0 718
29 44 86
14 5 578
44 36 276
10 38 691
7 28 228
10 19 551
36 6 321
35 24 766
24 16 170
8 36 757
6 33 774
39 22 345
13 25 157
36 8 164
32 25 166
9 34 253
13 7 536
36 34 267
27 2 122
33 6 293
0 41 356
23 9 178
38 18 655
43 35 145
27 38 876
44 24 737
41 8 509
46 25 552
25 26 692
24 40 55
24 45 210
2 42 385
35 39 329
10 16 152
28 4 430
7 28 408
10 7 204
43 8 14
30 17 897
45 37 937
10 21 487
45 34 58
18 23 871
12 7 315
33 45 978
17 1 832
0 40 196
40 30 340
14 19 207
25 26 293
45 23 163
38 45 627
22 5 8
37 3 310
4 20 761
6 4 975
13 26 858
13 28 630
10 42 174
23 13 339
4 10 899
1 39 491
39 4 788
44 27 531
23 27 6
21 37 501
21 8 521
14 6 119
11 20 455
32 21 708
18 19 528
2 35 530
12 36 18
19 27 14
23 21 5
37 46 975
21 3 573
46 10 474
21 5 917
33 21 919
6 0 165
43 27 948
40 23 787
33 35 194
15 32 326
9 19 918
15 35 968
39 8 369
7 0 508
20 33 631
34 11 683
1 39 445
40 16 470
13 33 91
2 1 391
0 46 504
6 2 770
30 5 766
6 28 266
34 37 701
42 46 298
20 19 438
9 44 450
7 39 125
25 7 341
46 4 244
19 30 235
10 2 887
20 36 651
17 9 119
22 23 564
41 11 620
14 21 1000
4 21 14
15 44 8
21 46 454
26 16 905
32 22 320
15 21 728
14 39 219
43 18 156
11 25 969
0 3 278
26 28 827
34 14 97
6 7 867
3 1 925
0 16 163
44 45 271
0 36 279
36 17 117
4 3 557
24 31 729
24 14 15
28 10 410
11 37 778
41 38 861
15 8 685
3 35 432
42 43 459
31 45 839
8 22 663
6 44 429
45 16 367
11 23 133
16 32 553
5 26 156
27 18 381
19 28 689
13 7 768
17 41 670
16 40 718
30 23 540
6 40 461
8 27 623
42 26 303
40 8 120
17 38 945
24 43 382
10 0 306
41 7 903
8 33 286
42 16 755
8 42 279
45 24 643
45 20 408
1 15 48
37 46 960
36 2 177
19 33 107
46 26 89
42 33 998
40 31 607
7 13 277
28 4 128
1 20 306
12 19 806
0 46 768
9 11 628
5 13 693
44 35 899
33 40 38
43 42 84
25 12 308
13 3 245
30 28 542
20 43 552
37 24 609
23 28 519
30 46 371
35 31 127
28 2 75
32 37 631
28 13 940
23 13 309
11 36 681
23 12 523
44 30 238
41 32 664
12 23 183
33 5 712
13 18 907
44 34 423
22 39 803
10 41 251
20 14 525
16 40 972
8 6 805
14 45 317
21 22 238
42 23 467
38 35 320
25 4 403
3 18 576
23 24 20
4 12 984
5 12 171
32 28 860
28 27 58
35 42 673
25 22 858
29 35 578
11 26 983
23 7 960
2 44 458
14 19 308
23 35 279
25 6 994
5 24 809
32 19 807
39 19 713
15 35 191
10 17 75
40 4 431
45 43 237
30 28 785
36 33 201
7 26 454
35 5 639
12 18 430
23 40 963
44 37 985
9 3 410
20 24 140
16 25 896
1 15 689
46 15 418
38 9 104
12 10 100
43 4 464
2 8 172
8 34 715
45 1 247
20 28 719
3 33 170
30 20 733
43 37 484
46 42 174
9 1 333
6 10 711
30 45 650
30 28 249
32 28 128
37 15 907
16 1 12
19 34 967
46 34 479
38 6 271
23 41 230
9 18 914
29 17 544
18 10 192
41 0 999
20 19 298
44 40 476
19 4 964
39 25 936
7 18 428
4 5 98
5 10 656
40 2 353
2 12 896
36 3 391
32 5 147
20 32 155
28 2 32
34 20 955
30 13 178
15 31 371
43 40 942
25 3 90
9 13 162
32 26 757
15 28 453
37 18 569
13 3 107
20 36 603
46 14 437
38 14 611
13 19 697
13 22 33
41 46 274
27 33 645
43 32 281
34 31 323
20 12 55
44 25 113
8 7 666
27 23 550
12 1 350
31 4 220
28 39 492
11 40 377
8 7 190
12 7 186
27 16 664
37 32 167
22 40 233
20 6 113
3 23 636
16 33 405
11 18 824
41 36 362
23 27 345
29 28 750
22 9 709
8 42 675
46 18 204
4 18 103
10 44 707
12 22 618
45 21 548
9 37 556
5 31 245
36 9 588
0 9 62
26 17 794
17 2 905
17 1 227
16 25 75
12 28 311
39 9 936
3 12 285
16 17 715
0 27 460
46 5 748
7 30 545
26 43 961
34 13 628
2 42 573
37 45 140
41 1 139
7 28 708
9 45 465
9 13 170
45 30 276
1 30 162
15 43 495
6 10 391
42 33 943
23 12 787
27 16 79
6 41 484
32 8 530
19 43 334
21 8 577
43 30 583
35 23 93
3 4 317
46 15 696
44 11 579
14 41 70
35 18 34
23 24 369
34 25 950
7 22 579
43 31 566
45 39 821
23 19 505
32 10 403
