4 58 670
38 4 301
40 48 880
66 54 287
56 40 341
73 20 558
72 32 42
30 6 127
22 67 424
32 24 2
64 24 81
13 2 210
31 74 744
65 42 94
68 10 271
4 59 315
24 10 966
70 57 20
49 62 187
59 63 149
45 36 162
38 26 744
73 38 925
32 10 529
74 26 681
36 35 283
28 26 167
69 25 18
66 70 488
0 55 208
47 40 276
18 11 793
11 58 616
0 65 231
53 13 331
32 67 933
0 62 833
63 5 597
31 66 6
18 12 714
18 73 402
4 72 360
0 58 974
19 13 64
36 9 252
40 19 825
7 18 834
8 68 324
21 62 505
21 7 47
59 57 163
2 19 306
43 51 998
54 65 256
16 56 260
24 60 506
3 47 434
49 51 15
18 62 494
28 56 212
3 69 968
44 19 597
17 2 953
69 14 809
6 36 775
13 10 943
30 14 191
71 74 23
13 3 474
73 69 457
71 76 18
49 31 657
8 49 314
58 53 869
28 51 237
20 17 329
36 41 871
29 53 188
66 73 295
50 42 412
13 40 262
69 71 727
0 33 787
4 59 896
1 46 148
63 49 513
7 32 477
58 15 692
41 55 338
74 40 235
10 54 495
1 24 148
4 69 18
38 21 836
27 36 937
12 3 456
53 22 365
71 32 549
68 54 695
23 47 976
14 6 528
59 71 366
36 1 116
58 19 46
47 60 4
65 3 32
75 38 723
74 11 817
27 45 386
75 53 895
66 28 997
8 58 936
22 64 64
2 26 34
23 18 270
6 21 59
3 9 589
63 64 681
24 29 323
52 13 226
36 62 809
32 31 459
37 50 46
31 21 953
55 4 209
27 51 658
27 19 217
13 50 466
44 69 391
42 65 941
27 7 496
15 37 884
52 29 174
77 11 705
52 4 656
70 63 29
51 45 388
46 34 907
45 28 357
27 43 265
40 48 465
25 59 798
13 40 849
16 2 102
8 43 476
61 35 837
35 18 817
71 67 799
22 6 781
7 66 757
5 53 337
25 58 513
54 49 677
16 0 33
65 62 47
56 42 901
73 71 850
13 27 266
69 37 52
40 5 3
10 43 224
72 34 594
31 12 446
33 27 599
70 18 938
36 58 469
14 64 419
7 15 666
22 35 614
12 18 324
70 35 448
38 9 624
26 54 295
47 0 206
53 33 711
50 31 330
53 73 509
22 3 580
76 70 662
14 63 783
39 33 263
67 32 448
62 61 348
25 14 428
3 24 25
7 16 371
68 45 302
13 52 477
50 4 137
70 19 9
6 22 183
5 75 71
7 73 356
21 54 554
76 46 510
36 15 468
49 61 798
7 22 430
69 35 41
38 76 922
40 59 63
11 20 429
48 5 486
54 50 200
77 21 90
16 31 658
4 74 362
2 47 254
55 73 279
52 69 539
20 28 786
21 68 848
26 31 768
43 20 599
55 4 359
34 60 223
61 67 281
53 3 283
75 7 255
40 33 517
37 33 658
55 2 113
27 45 557
0 32 338
32 68 975
5 22 447
36 34 714
45 71 152
39 10 319
37 72 721
24 4 597
33 70 95
71 51 650
72 6 3
64 12 5
70 5 46
12 69 124
68 32 983
30 20 583
6 30 328
17 77 278
22 30 790
26 75 714
39 23 38
54 62 604
44 7 717
26 61 455
68 71 550
72 65 810
35 57 334
64 10 630
29 4 544
55 26 112
24 3 241
56 9 611
32 39 665
53 58 302
20 5 900
52 56 997
52 3 17
68 16 393
77 46 92
34 30 694
55 22 964
62 0 395
26 62 434
16 52 496
46 27 658
16 33 948
52 75 408
33 32 594
67 59 825
15 12 751
46 66 604
31 3 970
35 69 330
60 62 774
5 61 981
46 9 235
51 72 281
10 0 344
31 71 210
74 43 559
4 59 777
4 19 233
65 71 38
48 27 274
8 18 211
58 8 591
55 28 805
73 8 334
72 18 404
51 70 284
64 20 303
31 40 15
16 76 728
48 19 858
72 23 761
9 35 614
58 15 12
68 75 253
74 6 417
1 73 112
65 68 231
20 61 427
6 67 461
59 54 289
76 54 413
54 15 574
68 67 737
25 0 979
36 17 192
59 19 897
72 71 35
1 17 492
2 68 708
22 55 41
52 67 982
6 11 292
5 73 118
30 31 42
40 27 39
48 31 315
44 53 602
6 13 706
57 12 167
65 75 873
20 4 176
6 56 795
31 66 349
11 73 800
58 62 545
14 58 209
72 75 127
41 54 965
24 20 418
23 16 99
9 60 494
75 77 213
6 19 453
44 38 230
50 26 891
23 41 243
32 11 343
43 18 380
62 39 642
16 25 590
74 76 195
32 74 212
14 43 945
17 64 151
19 57 529
42 72 555
53 34 373
11 77 153
61 54 99
22 2 583
44 60 426
77 21 66
6 5 181
16 35 179
22 31 157
22 2 302
33 13 584
75 15 29
17 61 808
14 10 609
74 14 937
2 49 360
63 52 990
44 68 35
29 64 272
7 59 655
21 28 324
62 34 461
4 8 511
69 56 592
53 39 6
1 69 73
77 10 684
24 11 614
77 11 430
52 59 955
10 2 257
77 26 271
4 61 511
18 66 91
8 44 240
21 0 128
75 0 319
51 29 700
77 1 87
39 12 1000
38 43 938
63 34 812
9 0 119
57 1 448
21 68 128
10 39 217
27 32 295
49 63 435
60 51 688
40 29 12
47 38 214
70 55 670
67 15 790
41 56 61
56 30 773
52 40 294
47 40 303
3 34 803
54 64 556
36 69 177
42 8 821
27 33 477
73 38 956
18 58 35
12 39 222
2 58 66
8 3 250
64 59 784
69 17 926
10 19 282
15 42 380
19 25 472
55 35 596
47 2 992
9 43 476
2 14 731
5 56 626
72 34 109
33 20 514
9 23 793
77 52 662
18 16 201
76 43 103
25 3 141
10 74 805
32 63 497
34 56 372
38 66 702
6 46 126
22 66 216
47 17 401
30 59 643
41 30 84
16 43 723
77 31 890
28 58 418
70 12 701
44 70 245
27 60 509
48 63 140
4 5 808
76 65 699
35 7 287
71 8 48
69 52 611
66 69 477
73 9 813
26 62 834
38 37 586
71 42 83
51 31 662
30 46 559
3 5 58
67 69 160
69 10 678
54 19 151
70 21 605
4 64 77
64 57 542
45 29 902
39 49 936
23 67 604
30 31 352
6 18 455
74 4 447
21 18 48
62 63 448
64 46 7
44 59 50
68 1 478
16 9 812
31 56 834
77 33 400
70 2 474
26 12 500
61 71 158
43 7 970
47 76 456
1 36 957
39 17 426
15 52 970
52 75 165
63 28 488
9 53 545
17 77 930
20 56 147
53 21 184
73 16 566
62 7 196
70 25 5
10 41 911
49 10 645
62 0 261
74 46 410
4 56 939
13 45 998
14 76 265
60 47 986
51 54 572
42 72 919
34 51 293
31 45 415
7 41 387
29 4 142
12 30 719
2 8 303
63 29 98
29 39 847
71 27 295
36 44 636
42 9 458
45 24 95
50 31 952
56 1 493
72 70 951
8 77 460
49 55 125
49 1 515
46 6 54
42 73 790
68 73 511
15 65 515
21 42 858
33 73 832
5 34 493
59 31 555
46 9 222
33 9 47
41 0 6
41 70 33
51 22 306
29 44 570
58 43 148
53 18 57
26 71 3
2 16 781
48 43 506
60 73 229
7 14 112
9 75 423
61 65 424
45 59 501
73 0 555
23 21 481
28 35 210
75 69 563
47 77 305
33 19 154
29 68 470
44 2 509
76 39 529
73 63 278
12 6 27
55 36 16
8 17 710
39 14 479
55 46 441
68 69 976
27 11 690
39 50 932
62 50 857
42 43 132
72 16 344
52 31 974
58 61 625
47 66 567
69 0 469
16 31 464
50 26 851
26 40 865
55 13 268
46 37 918
64 75 636
38 75 357
51 72 332
17 38 78
40 63 629
73 16 605
43 57 647
37 27 915
49 22 895
75 52 455
54 64 616
61 74 176
60 53 312
47 55 948
13 75 889
24 14 729
54 42 476
21 24 174
18 2 160
29 13 389
42 6 882
24 63 775
68 77 644
9 61 287
10 41 45
58 26 881
49 70 521
8 40 443
30 47 347
16 51 208
22 12 592
76 68 597
55 48 702
19 31 997
63 30 8
24 62 398
49 45 674
58 32 658
57 30 563
51 54 249
38 18 126
46 2 32
60 14 985
43 19 877
59 14 988
16 13 440
22 38 587
27 69 1
24 20 781
4 65 344
20 71 497
48 16 220
55 49 66
66 60 829
64 30 99
7 1 983
47 54 491
47 45 919
37 15 828
26 75 728
37 52 57
46 48 535
70 36 881
44 11 253
24 76 574
10 69 983
49 62 744
68 2 330
69 44 76
62 69 991
10 41 412
15 22 40
65 42 82
55 20 360
24 20 69
14 70 787
19 33 882
15 39 215
76 49 917
58 37 328
1 7 287
26 0 631
39 1 566
19 6 440
76 9 372
7 77 763
20 10 199
27 26 364
25 49 240
29 13 287
28 8 838
44 16 990
33 67 324
60 26 578
37 13 352
15 0 112
67 25 150
60 26 234
36 32 268
7 56 765
17 59 968
1 12 36
51 61 423
68 74 338
48 27 49
23 13 855
22 60 513
52 61 727
6 40 358
33 10 540
6 15 724
63 30 375
70 77 368
3 54 932
60 70 877
26 29 65
11 0 94
23 69 359
32 14 268
41 34 201
18 33 685
52 40 612
35 19 86
31 30 719
41 51 539
13 64 153
20 19 666
22 55 315
4 71 211
66 46 145
52 67 297
57 32 427
39 34 954
9 13 773
62 52 775
12 23 538
5 28 296
13 46 457
49 33 231
66 49 381
38 72 810
51 54 908
73 38 660
46 3 92
4 31 348
67 41 835
59 74 130
71 6 587
28 54 867
15 13 396
16 38 260
15 5 771
75 71 752
15 2 34
15 67 767
57 25 201
19 23 400
2 63 161
19 3 619
38 66 681
75 62 345
5 51 192
13 2 562
8 21 704
54 8 190
27 5 270
49 29 898
67 41 332
49 28 235
55 45 92
58 40 412
68 36 484
40 71 670
60 44 771
71 60 250
33 27 948
21 60 315
28 11 292
15 50 145
18 72 640
24 70 309
9 70 998
17 63 234
34 46 839
26 12 329
2 14 341
14 22 317
73 27 689
56 73 806
5 63 504
50 16 484
68 69 207
48 37 891
42 13 214
64 3 139
70 52 938
3 48 417
71 5 720
53 44 931
8 17 850
2 14 29
10 9 149
45 71 573
54 40 120
31 2 508
40 0 213
43 42 171
75 15 81
40 37 696
6 28 232
69 14 41
23 67 683
24 7 915
9 19 247
20 4 915
64 38 776
54 55 858
53 14 388
58 46 539
62 14 745
45 9 955
29 70 689
34 42 287
11 67 509
75 6 166
39 33 529
77 32 846
49 38 53
69 58 197
16 44 956
59 14 960
67 11 538
7 6 723
26 25 567
40 62 546
45 1 686
56 55 69
66 56 889
70 4 571
69 71 439
8 37 767
51 72 768
9 77 621
31 33 708
20 42 293
31 63 99
53 23 930
33 30 83
8 71 148
32 67 849
28 34 164
49 33 771
39 71 133
42 47 798
40 39 392
4 71 476
32 2 526
19 66 631
39 54 159
67 25 527
47 76 773
65 5 924
61 57 769
36 49 904
48 27 529
70 42 971
52 76 56
45 48 918
11 59 263
46 10 180
54 48 77
7 66 452
65 60 647
70 9 55
31 16 83
45 1 754
41 57 329
66 30 738
29 6 645
35 1 589
29 22 935
45 32 167
54 75 285
74 27 69
77 62 527
77 45 962
12 44 35
52 38 204
2 49 277
14 48 753
23 27 559
9 74 11
6 45 12
66 48 29
68 25 85
62 27 152
45 27 175
51 24 110
58 38 587
24 58 988
19 65 881
75 69 884
44 17 137
62 52 265
76 46 837
6 31 432
54 73 941
58 71 40
64 45 242
4 18 705
60 62 81
46 22 336
52 25 911
76 39 690
46 22 938
27 42 241
68 57 871
53 49 729
43 61 743
37 48 912
29 37 809
3 31 516
62 39 667
6 8 462
5 66 7
30 1 789
28 26 648
31 63 840
13 65 297
41 12 188
32 9 625
24 68 59
70 69 517
46 57 884
61 29 43
27 32 632
37 48 637
16 46 247
77 29 480
62 16 650
2 11 149
77 47 195
14 36 481
8 31 424
63 75 912
5 10 167
55 72 135
16 61 901
19 28 334
13 37 135
32 50 437
77 69 261
43 70 133
46 59 154
51 54 29
50 21 762
67 65 249
35 61 342
38 0 244
73 33 820
48 64 801
69 29 50
68 71 836
52 71 846
35 10 775
70 5 106
70 21 389
22 24 61
58 74 340
36 39 920
2 56 808
65 76 668
23 10 758
38 2 14
19 8 137
77 1 466
21 18 814
40 34 192
32 42 752
12 5 148
19 38 3
69 66 175
8 7 451
27 75 862
36 15 845
26 19 353
0 22 274
66 3 236
1 36 167
20 16 621
3 69 511
34 68 655
52 12 212
28 23 691
25 7 289
12 10 835
34 55 509
57 19 312
20 50 518
22 37 53
28 31 196
69 77 616
37 1 721
52 23 841
66 52 656
51 19 252
0 13 358
11 59 921
32 14 590
13 40 452
12 23 248
4 10 834
31 27 424
25 50 598
69 63 868
73 26 688
63 2 237
26 43 645
52 61 710
4 46 833
40 58 285
56 47 317
48 63 261
66 15 78
35 27 559
45 21 707
26 37 812
37 67 421
12 33 633
33 34 499
5 22 951
31 46 580
25 64 587
56 6 738
12 40 215
25 75 599
6 35 704
2 48 226
58 53 51
64 63 802
32 19 851
8 72 148
26 2 637
70 3 659
9 73 994
22 33 968
67 30 621
11 67 326
0 53 233
66 32 664
70 46 53
44 46 395
45 56 222
26 9 676
16 54 457
52 53 532
3 62 485
63 36 263
70 12 393
34 77 989
32 60 562
9 40 862
8 45 699
32 28 326
17 61 368
22 15 960
16 69 573
43 58 623
68 59 219
71 63 589
72 30 83
38 16 94
22 14 878
56 45 657
50 76 595
23 47 925
30 61 283
67 58 143
5 26 430
52 50 812
57 49 437
27 23 342
18 58 864
14 55 743
17 40 449
50 45 475
16 24 118
72 61 421
20 17 421
7 15 803
72 35 80
33 21 814
48 42 688
58 64 699
36 9 959
27 29 575
60 12 617
45 13 782
76 73 817
76 8 196
54 8 644
44 45 931
70 36 815
68 26 305
50 13 285
76 54 313
44 19 344
31 12 783
14 63 960
45 1 887
11 32 583
49 53 583
56 2 505
40 25 740
64 74 104
59 17 485
27 63 479
52 43 744
75 67 680
17 48 275
51 9 478
15 63 541
44 8 3
28 44 663
37 2 304
36 52 422
7 19 848
7 67 803
23 27 188
64 6 394
49 71 119
11 36 113
57 21 225
59 42 205
29 53 435
42 26 488
75 29 419
73 32 804
13 5 787
51 66 598
35 62 37
59 65 283
0 15 811
59 33 699
38 69 335
18 8 540
77 52 112
69 2 463
22 39 543
52 49 94
76 34 145
63 65 769
17 16 618
70 34 208
53 51 162
50 35 108
49 22 846
68 64 993
7 16 802
44 46 95
65 11 239
46 21 438
28 45 533
26 36 648
45 62 422
35 63 879
60 32 820
39 61 150
67 26 434
72 33 462
23 15 776
45 67 512
24 41 726
27 64 925
9 75 734
53 70 702
43 44 546
51 68 643
38 32 878
24 10 83
34 17 757
0 17 211
63 2 596
26 0 941
34 20 135
45 61 393
20 41 584
46 14 458
64 24 692
76 43 258
47 75 90
39 29 831
33 54 509
51 23 687
4 9 141
22 24 664
19 70 984
46 18 702
43 23 893
22 16 342
77 51 919
59 28 717
19 75 403
43 25 393
58 56 62
41 2 627
73 65 101
15 46 243
21 75 693
48 1 165
25 66 516
24 7 349
10 45 862
56 48 994
63 22 774
41 2 1
23 58 72
35 57 500
6 50 218
12 38 804
37 70 801
8 28 44
43 17 27
68 7 271
67 58 257
55 46 329
68 19 276
6 19 962
46 24 531
69 21 460
39 6 362
32 62 893
9 42 334
18 42 627
39 17 751
6 56 468
25 46 938
23 67 536
42 20 619
2 0 85
6 58 790
69 15 397
65 32 607
33 77 208
68 20 453
76 61 135
33 48 146
67 25 434
17 32 746
12 14 385
74 33 691
1 12 721
2 58 466
55 0 94
30 38 888
35 2 70
52 26 644
26 30 248
77 39 499
13 76 613
28 27 210
40 50 998
9 2 732
61 31 574
15 33 315
45 32 871
21 19 685
76 30 990
8 64 809
60 3 589
41 68 900
2 58 428
41 63 95
34 0 706
33 17 3
12 15 265
39 58 431
38 12 670
77 33 333
62 14 439
45 68 149
34 42 714
6 69 959
33 41 771
49 39 515
52 24 550
19 60 48
26 20 590
8 23 232
18 65 863
36 21 79
45 27 661
75 41 630
50 73 788
53 22 840
75 64 209
69 76 664
18 65 911
45 39 10
17 34 233
69 37 246
2 29 88
19 33 200
26 51 779
59 63 221
72 35 725
43 6 451
17 49 19
74 48 63
43 59 37
38 61 392
47 1 331
76 25 43
50 19 396
65 32 539
66 43 961
71 2 890
60 34 448
49 44 960
15 30 47
54 38 103
53 68 457
28 38 442
15 34 908
58 45 904
16 56 879
30 70 586
38 30 904
50 27 662
34 28 725
56 11 413
17 10 877
61 21 167
21 13 148
24 64 730
39 11 498
67 49 116
56 20 745
48 17 215
19 46 114
76 43 34
51 17 872
42 32 160
31 65 642
72 18 689
55 57 649
69 54 660
47 18 255
32 20 700
59 50 832
7 44 347
77 3 286
39 51 796
0 46 251
47 65 319
41 2 6
9 12 45
2 7 844
33 0 646
10 61 513
12 41 811
21 27 206
20 41 106
74 7 280
23 57 937
3 37 115
59 56 302
7 73 957
23 48 70
21 45 748
62 55 629
44 41 386
2 71 334
41 63 793
36 49 721
14 32 423
25 7 994
46 74 256
25 7 908
56 39 498
21 18 741
39 6 42
34 6 158
35 27 743
69 55 19
55 7 600
43 29 669
26 66 839
21 7 759
20 3 989
21 77 626
46 57 966
0 28 296
6 47 877
35 14 909
36 10 533
4 6 255
69 64 27
51 72 952
39 69 935
51 64 506
31 24 407
55 70 256
31 32 800
62 13 309
56 75 126
6 20 438
21 11 735
28 62 555
49 1 531
35 60 9
70 77 268
27 28 281
69 57 682
36 45 941
14 52 38
20 36 313
14 65 341
58 49 957
20 11 412
51 63 394
15 22 456
55 32 712
31 69 628
16 4 523
17 63 951
55 7 755
46 73 497
22 15 63
37 6 430
37 24 219
18 29 669
53 25 209
72 47 192
7 21 5
22 10 174
13 48 893
55 15 729
43 40 740
56 74 582
63 19 623
32 5 366
13 62 598
61 40 532
49 23 795
48 41 445
50 26 996
62 60 790
23 56 817
75 31 766
54 10 292
48 0 136
64 7 932
14 30 927
14 35 909
36 23 703
46 69 119
45 41 551
54 48 318
62 35 558
46 57 372
31 37 394
24 7 83
67 39 803
64 72 953
5 25 755
52 12 390
33 25 643
44 49 832
29 51 32
60 7 918
74 14 103
2 74 883
60 17 710
74 37 623
21 12 211
31 8 625
56 74 485
17 6 862
10 47 244
22 34 816
39 4 390
0 29 719
9 10 935
54 58 648
43 66 224
7 76 60
70 58 354
33 43 81
17 52 818
35 25 860
67 53 506
67 7 978
66 23 506
16 76 830
13 22 292
16 23 790
21 39 980
13 67 537
7 53 416
60 12 515
68 7 125
6 33 586
68 56 808
50 9 265
2 67 479
70 13 264
23 22 446
42 10 62
3 72 175
4 35 5
44 25 468
6 64 697
53 29 693
17 9 956
39 57 720
55 37 387
42 7 595
74 11 153
31 21 764
58 67 251
1 56 477
26 19 226
26 20 132
40 31 546
38 7 369
7 59 476
46 75 158
51 45 840
5 48 225
63 40 43
16 60 17
54 5 579
58 57 365
28 36 602
8 54 366
24 1 21
56 5 929
31 67 302
50 15 18
70 26 277
74 8 215
10 14 756
73 7 685
35 34 87
1 62 177
2 0 218
18 1 130
65 8 758
68 27 719
32 52 835
