15 0 318
24 14 155
15 28 710
5 14 227
18 13 374
23 18 547
17 27 264
24 18 605
27 12 829
0 30 422
4 14 838
25 1 784
0 29 858
20 26 254
30 2 577
30 26 700
12 15 206
6 11 25
10 19 305
22 9 495
24 27 888
9 12 527
23 18 925
22 7 567
14 27 908
23 18 97
9 2 392
4 17 488
1 14 666
19 20 183
17 3 914
27 14 438
12 30 134
19 0 468
1 18 737
2 30 955
23 13 560
21 3 739
26 8 498
22 12 693
9 16 164
0 6 403
28 6 231
16 5 560
17 24 513
11 2 121
25 12 374
30 18 475
19 5 81
12 15 261
13 12 3
21 25 639
17 6 308
19 27 677
21 8 290
28 8 889
20 17 729
16 30 814
0 15 20
24 5 519
6 3 162
9 30 170
10 9 476
28 29 401
29 30 986
5 13 667
17 22 206
29 23 70
19 10 687
10 13 966
24 29 740
21 0 911
1 28 198
27 12 596
30 10 510
1 10 705
20 14 927
19 6 251
27 0 468
27 13 380
18 20 166
30 28 338
21 19 514
12 30 928
14 2 875
24 12 97
16 0 379
23 11 243
20 19 972
4 13 582
18 26 838
22 7 138
8 29 837
6 3 55
26 1 810
17 29 481
28 20 332
27 6 945
4 30 147
6 13 744
0 27 823
14 28 375
29 21 46
9 23 902
2 8 253
3 15 174
4 26 450
8 22 940
5 2 588
5 0 70
6 25 546
1 2 980
5 30 576
0 2 406
3 7 200
10 15 620
6 17 303
19 2 147
28 20 340
29 24 588
14 29 201
17 20 62
13 7 978
13 9 185
13 1 980
15 8 959
27 11 547
12 18 805
23 11 508
11 10 337
30 11 50
18 17 660
19 7 9
13 8 105
17 5 289
18 15 718
29 0 701
28 24 695
4 19 213
3 12 514
10 11 898
1 12 129
28 9 26
8 6 423
14 1 611
2 26 291
21 3 896
18 6 420
5 28 175
12 15 200
17 14 150
25 13 356
14 11 442
19 18 149
4 21 338
14 8 867
17 1 697
29 16 41
9 13 354
17 13 348
30 25 633
9 7 905
10 7 530
14 16 778
10 26 11
21 28 124
2 30 634
29 16 170
28 16 811
15 28 607
22 18 921
20 28 91
26 8 979
2 10 490
24 21 819
19 29 166
6 0 869
25 13 512
10 15 103
19 25 480
26 8 937
19 26 922
28 1 209
24 18 644
19 0 510
27 3 471
12 1 108
12 27 663
25 6 47
29 26 553
6 5 19
12 11 991
2 30 55
18 21 126
22 23 134
25 19 757
4 13 152
26 18 559
10 18 3
27 30 554
4 21 688
28 21 861
5 15 809
3 12 857
2 23 131
27 8 847
8 4 491
30 1 480
27 4 937
5 12 857
4 13 861
22 9 135
24 26 373
5 1 832
4 16 485
30 21 275
30 25 998
5 13 368
19 5 439
14 4 404
24 5 830
24 27 95
4 1 382
28 25 386
26 30 997
15 10 971
21 0 916
25 1 670
7 12 353
16 27 990
9 29 429
7 1 452
3 29 796
16 19 131
29 13 439
26 3 118
13 20 512
10 15 631
1 27 865
21 25 748
13 25 427
16 3 306
29 19 369
7 0 801
1 2 280
18 3 980
15 4 202
17 18 846
17 21 465
1 27 218
25 9 942
14 12 49
1 11 289
11 28 397
13 30 519
