103 32 857
31 42 565
42 18 387
114 70 708
31 100 964
59 106 981
28 70 891
116 29 689
116 15 139
52 3 41
84 68 685
48 25 261
60 118 344
49 0 439
100 56 42
44 13 361
34 57 466
105 95 357
1 54 517
61 111 343
63 66 809
89 27 669
72 62 994
44 16 18
53 63 639
24 51 954
57 63 78
61 110 803
98 10 350
40 20 747
82 71 766
12 112 539
87 1 1
79 95 605
74 84 86
42 70 819
91 24 331
18 104 869
104 116 136
44 74 528
1 3 438
115 11 531
31 49 694
115 79 469
49 112 73
1 60 107
57 89 269
70 68 704
86 33 474
45 107 102
102 57 23
19 77 542
29 48 795
20 9 358
15 80 788
22 47 546
101 20 716
72 75 510
116 25 885
57 102 912
25 72 405
81 32 528
22 106 638
26 116 592
54 107 447
57 97 73
34 42 526
51 24 349
50 35 710
69 6 80
90 79 605
11 105 92
27 115 773
118 16 765
90 4 210
34 38 474
16 84 982
79 80 197
68 113 695
98 12 54
15 48 628
16 114 554
88 60 59
18 27 222
91 42 79
49 22 391
100 45 883
37 77 413
49 34 644
42 92 897
108 71 989
32 76 129
14 13 863
39 58 794
118 66 674
40 103 626
64 42 589
97 77 384
101 14 718
106 88 78
95 112 490
39 97 715
64 73 542
5 46 9
7 3 44
26 22 459
38 88 477
83 114 913
84 45 963
39 63 609
33 68 628
117 88 832
97 10 910
88 105 821
4 92 493
85 61 978
30 21 42
83 70 213
2 112 636
21 39 462
68 79 2
28 108 326
36 117 866
101 69 610
0 70 382
53 118 731
7 51 622
19 84 830
9 82 305
35 46 131
96 116 897
11 67 297
95 11 411
52 45 911
21 7 309
102 116 730
97 47 399
12 111 130
26 18 987
104 0 519
1 96 827
103 55 338
36 78 495
82 93 625
0 42 730
31 51 547
69 20 9
7 63 472
1 75 640
87 29 652
85 36 306
59 80 747
12 101 153
24 31 225
34 14 800
21 70 231
16 85 734
80 40 488
36 97 511
62 88 872
5 102 846
91 112 984
111 97 629
10 4 412
4 72 797
17 45 11
30 101 313
99 64 236
101 2 699
102 57 173
72 30 368
118 42 78
12 96 939
80 106 381
98 67 892
54 119 310
56 46 782
75 117 297
73 24 323
45 85 491
105 114 540
80 6 447
114 23 897
82 62 109
91 64 56
4 111 887
48 63 42
28 25 795
20 112 29
92 60 204
41 57 72
61 30 443
72 67 1000
29 8 354
53 64 324
98 62 186
77 92 915
1 15 578
29 64 131
111 109 811
95 81 435
22 72 688
29 103 639
17 22 596
64 17 871
17 93 390
61 63 576
3 89 979
92 80 238
15 106 826
81 78 199
43 91 823
41 109 955
43 7 956
3 20 430
14 50 466
54 14 72
114 19 2
58 19 598
38 20 53
64 82 637
28 86 717
74 77 13
100 51 811
77 93 875
53 105 213
72 38 299
80 71 959
99 97 290
58 62 95
111 114 233
86 33 489
2 96 411
38 7 983
36 49 678
116 87 899
34 103 794
27 5 665
19 55 150
15 56 74
58 61 772
102 38 403
28 103 33
84 118 872
5 41 273
99 67 853
94 103 932
19 3 198
34 17 286
56 12 632
53 15 487
38 58 190
71 112 354
36 33 741
3 82 331
8 107 205
42 0 243
8 36 834
111 109 73
19 62 702
102 108 878
109 62 2
80 117 950
21 76 973
3 110 701
58 94 579
73 23 5
89 104 534
110 56 22
52 89 936
117 26 111
56 105 421
112 84 311
118 77 621
26 67 703
89 26 650
72 85 478
102 61 845
71 86 108
35 41 864
102 56 417
60 61 271
39 73 952
34 21 126
97 114 812
64 9 237
76 35 27
84 73 888
52 0 233
38 23 751
80 14 29
29 36 733
72 24 587
101 86 536
14 103 209
40 95 463
2 43 855
90 75 724
31 102 609
71 22 316
111 17 800
27 93 455
25 10 797
92 56 680
21 106 894
0 62 825
21 59 145
64 99 746
39 108 819
4 118 592
68 74 600
0 24 475
5 48 540
90 22 246
13 11 1000
23 119 646
94 119 647
52 30 777
31 4 668
5 23 329
107 114 302
85 28 648
111 22 80
87 110 178
33 23 960
102 42 826
46 40 645
88 89 597
90 30 575
70 90 27
90 107 778
29 32 763
57 3 867
115 89 255
70 9 546
46 88 893
81 22 121
110 93 105
88 104 864
112 93 326
89 37 648
100 44 397
6 11 220
47 3 71
101 35 561
79 99 880
37 8 488
56 8 541
108 57 785
99 104 713
94 12 684
20 57 694
2 26 205
101 85 296
54 59 946
80 54 553
74 117 314
31 49 413
50 68 759
97 44 995
82 35 768
55 36 683
68 114 79
117 63 630
91 32 553
61 111 715
46 30 332
52 81 909
91 30 555
84 102 620
41 33 627
53 51 371
1 76 151
24 100 496
58 22 859
53 101 570
21 45 644
7 17 570
113 19 666
97 92 775
105 20 180
83 98 922
86 17 646
92 33 356
15 101 58
115 69 563
97 114 222
116 105 390
48 23 989
98 0 931
77 56 426
23 46 877
23 5 453
104 85 937
34 110 454
82 48 291
41 83 408
45 60 317
60 86 470
90 119 275
81 109 816
93 109 185
37 65 510
19 65 364
44 108 422
32 84 52
93 33 750
100 37 519
57 105 685
115 22 111
10 115 935
16 24 120
35 20 183
0 48 755
46 70 315
44 21 598
117 6 499
49 43 181
63 119 224
50 53 24
8 92 69
33 17 92
15 19 366
9 110 669
64 41 470
48 46 619
49 34 191
108 6 570
90 46 395
114 77 812
28 107 151
12 95 794
100 21 118
65 86 606
69 94 597
12 109 170
85 119 951
47 21 783
91 76 908
31 45 678
61 36 504
11 112 48
16 115 969
21 66 356
63 8 431
47 78 224
50 97 199
73 97 56
25 6 462
119 10 271
3 61 95
106 50 566
13 112 739
75 41 294
61 39 379
91 77 360
83 114 747
109 13 68
6 40 94
39 23 431
76 110 80
30 60 660
52 43 363
60 15 670
61 64 572
2 33 778
92 18 344
105 42 337
101 97 873
4 93 910
37 69 678
67 111 605
11 98 983
44 35 984
108 109 15
74 47 432
112 39 682
100 111 330
117 54 700
49 5 553
78 92 93
81 73 851
61 74 193
115 110 66
99 12 718
22 50 600
110 115 982
32 110 289
37 12 376
68 114 814
40 64 467
32 31 654
67 31 207
118 29 442
40 72 408
31 6 710
36 27 116
104 10 122
48 107 232
63 28 166
16 17 973
63 103 902
59 69 361
5 6 587
56 90 1000
67 99 966
27 6 409
58 74 845
35 86 148
9 40 288
114 29 288
98 15 51
8 118 244
6 83 953
81 75 429
9 47 594
42 10 881
29 35 825
96 26 223
1 91 295
12 102 915
48 99 100
99 5 946
41 100 259
49 5 372
108 61 419
85 27 130
17 57 134
39 33 489
15 29 754
20 101 824
73 106 748
41 97 862
52 94 410
56 7 823
56 8 148
63 73 245
79 27 744
106 35 899
65 95 110
68 24 307
108 93 662
45 89 70
39 49 780
99 27 551
113 29 621
68 82 704
90 81 65
102 55 615
59 23 53
56 114 265
26 113 422
107 28 577
86 75 739
11 53 925
65 40 251
12 30 612
78 119 194
6 50 132
86 91 810
58 70 376
98 69 149
36 37 956
116 70 751
102 22 192
15 30 889
42 56 37
9 0 411
21 90 451
26 97 712
35 41 24
11 49 472
47 34 538
87 67 648
36 14 108
118 1 558
36 60 969
39 84 339
1 52 37
89 23 460
10 95 869
46 26 656
57 47 434
71 34 954
102 43 574
81 69 776
61 107 802
113 55 898
46 117 481
14 64 867
73 17 700
33 112 118
8 30 53
61 72 400
20 45 465
58 13 228
82 84 248
85 84 444
82 28 39
20 90 222
117 9 261
17 48 715
60 26 348
76 117 847
72 104 973
64 62 43
49 89 84
9 66 679
46 70 900
58 6 692
53 104 323
77 45 245
38 68 330
17 102 945
52 116 364
68 54 443
85 92 703
23 91 757
75 36 16
70 114 501
109 80 11
115 33 481
35 95 837
13 85 279
26 21 162
118 57 395
90 33 916
54 56 535
95 96 468
32 71 335
112 85 644
103 44 747
103 111 156
100 8 477
11 89 7
109 58 726
119 82 209
49 41 71
67 21 530
49 5 455
44 98 581
3 56 411
78 97 490
99 62 776
108 72 248
4 1 375
68 27 683
56 26 282
114 24 708
77 84 898
0 46 354
98 42 588
45 21 974
35 15 982
73 108 588
101 54 762
46 102 692
85 61 594
83 44 676
2 77 154
77 13 80
26 43 355
54 104 854
76 93 43
15 80 840
57 59 362
18 117 179
16 83 352
38 96 776
0 119 697
45 102 873
25 38 720
53 7 215
102 108 214
50 107 878
49 45 880
118 70 482
69 72 297
31 115 873
19 115 273
66 84 448
88 49 106
73 34 725
100 20 763
29 114 185
59 19 611
7 52 843
90 78 652
60 99 716
80 70 517
33 56 162
100 78 547
20 25 710
5 27 158
60 24 303
48 4 53
72 33 905
28 49 263
21 37 84
116 69 705
14 40 992
92 16 564
46 16 77
116 92 191
94 119 981
99 1 892
81 59 318
74 30 179
88 89 419
85 88 536
119 55 259
115 24 289
114 38 862
71 87 536
28 103 251
53 70 945
75 63 948
29 0 48
42 59 420
30 97 362
23 17 863
58 15 457
80 23 676
71 61 571
64 14 625
102 50 420
54 82 249
63 30 925
29 6 740
66 22 569
111 35 406
61 29 206
105 109 364
7 24 453
90 94 739
93 60 487
3 102 706
70 84 410
54 86 7
50 67 869
53 52 47
1 21 832
25 43 77
12 85 940
20 73 323
95 11 728
60 50 649
104 3 392
91 39 72
69 66 217
102 68 397
30 84 7
60 11 831
32 60 795
67 15 668
24 15 305
53 25 710
88 101 544
112 66 586
29 86 256
10 82 419
63 79 363
68 61 294
30 103 322
13 18 24
112 66 648
21 94 718
55 25 716
111 6 804
50 58 386
62 54 597
118 105 409
74 99 963
28 53 915
1 58 532
26 55 569
44 1 387
36 15 558
118 94 954
2 17 53
114 29 723
88 44 857
23 4 601
62 43 743
47 70 889
62 57 149
110 108 399
2 16 767
7 95 576
47 32 887
93 12 981
39 88 721
93 58 947
87 79 752
41 55 456
43 87 259
117 37 1
96 99 352
75 18 98
64 48 826
31 70 334
61 118 290
116 1 932
42 4 477
49 82 563
67 26 784
27 105 146
97 72 952
91 57 146
89 109 6
56 10 703
114 99 355
87 0 786
59 99 394
71 11 195
96 45 4
53 48 465
107 108 311
88 47 931
44 34 644
114 2 265
118 107 972
115 30 288
57 19 753
33 38 270
17 117 634
19 46 242
17 34 382
17 1 718
23 57 849
6 82 956
12 45 439
80 2 482
44 3 325
19 78 730
31 66 600
93 88 369
80 56 604
4 52 854
8 25 546
83 35 45
44 115 462
114 55 970
52 8 402
16 12 173
10 86 977
65 41 792
25 32 606
117 18 10
68 4 191
9 19 173
102 118 244
8 83 934
44 83 701
44 49 995
5 44 272
52 116 975
43 118 978
31 16 725
113 118 394
26 79 851
105 24 673
40 20 533
81 105 875
25 87 460
72 61 52
62 50 497
104 71 154
88 82 426
93 9 686
70 71 451
71 14 87
68 67 176
36 11 300
106 52 408
33 6 627
116 98 943
110 68 249
85 79 768
34 42 209
25 10 71
58 114 11
114 38 172
100 78 894
91 5 949
38 41 943
75 3 485
55 112 801
79 71 847
96 64 637
38 70 136
35 34 503
44 13 84
70 97 792
58 60 575
92 116 118
44 113 551
54 33 389
104 11 915
114 86 667
55 44 938
99 15 606
93 102 582
115 51 714
114 71 256
5 34 291
84 68 36
118 18 978
71 111 171
51 99 829
112 15 40
46 111 59
6 84 28
8 32 160
80 52 412
65 104 757
65 5 498
103 10 132
36 102 522
99 34 894
108 67 2
93 54 391
84 23 56
91 97 455
19 55 309
25 119 289
97 5 680
8 111 900
37 2 953
67 61 981
68 28 653
8 5 295
54 33 6
22 14 112
91 38 745
46 117 680
106 89 600
11 2 88
114 99 362
112 40 731
85 22 733
117 60 299
38 71 37
49 92 981
15 83 797
26 76 690
14 48 450
96 38 501
60 86 599
12 25 329
67 48 119
37 70 827
34 67 980
4 83 629
54 77 200
68 25 576
91 18 227
48 103 322
97 82 555
74 72 90
2 23 132
25 43 535
22 66 938
80 118 618
33 93 216
108 49 759
69 33 841
103 71 652
112 79 46
115 32 990
10 119 15
41 36 850
42 28 497
71 61 429
51 42 233
40 20 158
57 5 222
108 24 508
16 6 138
7 5 290
18 77 178
41 59 794
35 68 558
50 73 766
43 108 800
3 21 234
95 37 85
68 12 245
32 9 425
77 108 581
46 41 996
68 66 364
116 20 485
78 105 535
75 104 807
12 6 256
108 101 902
95 53 401
63 101 234
7 61 235
103 11 916
7 104 129
79 114 383
46 18 724
58 99 476
101 42 241
19 36 514
62 11 480
32 20 250
106 66 138
114 28 431
96 57 976
13 21 842
83 2 914
38 99 399
69 80 276
59 74 621
7 2 300
90 9 910
119 57 759
17 67 269
51 110 396
77 118 230
25 13 18
69 118 726
106 33 215
100 54 146
97 61 932
84 19 516
45 111 173
92 80 190
99 8 381
2 62 430
15 93 158
65 60 531
61 66 234
82 64 238
14 80 610
9 33 361
29 111 344
77 29 10
5 23 689
28 116 937
54 83 300
10 63 562
46 23 370
59 45 389
49 103 736
90 48 22
21 2 200
25 51 430
6 106 298
117 85 212
72 4 599
43 71 344
113 2 774
14 111 555
1 2 884
79 110 93
98 5 11
62 11 239
53 72 355
116 103 291
86 41 203
17 106 337
47 72 938
119 52 396
10 36 268
115 75 562
70 17 83
69 14 754
31 9 467
69 37 916
29 90 80
34 112 124
87 8 320
33 34 222
24 75 232
93 69 601
86 56 108
22 61 706
11 69 391
6 5 287
100 91 662
26 52 804
86 112 738
93 66 439
23 111 492
114 105 882
44 30 175
72 33 64
78 45 503
0 11 675
83 88 348
72 76 389
73 96 919
114 51 621
77 115 679
65 83 461
93 4 957
26 25 639
117 23 395
45 26 982
108 64 423
54 21 207
13 78 163
44 102 118
113 105 669
21 90 17
116 92 751
26 80 23
98 53 123
51 69 61
85 8 149
84 76 142
102 89 343
106 27 748
89 79 954
16 75 431
22 15 393
95 65 567
54 32 869
25 100 408
58 96 66
14 51 33
81 68 550
113 46 89
106 99 715
108 69 215
20 56 236
45 104 979
86 32 676
61 39 833
102 69 220
83 1 377
97 63 782
72 85 908
5 46 277
9 18 993
60 0 699
3 119 863
93 76 134
3 35 864
114 24 630
99 83 847
95 77 49
116 62 26
71 56 661
55 69 855
13 57 42
14 52 44
63 32 584
27 78 196
45 112 800
43 40 864
74 80 203
73 38 556
0 96 166
100 93 841
26 54 406
114 64 829
31 52 553
101 69 749
6 19 892
19 81 683
42 6 302
19 104 777
7 112 439
60 36 59
78 13 431
54 110 825
77 22 486
1 93 300
65 99 138
40 91 485
21 19 401
100 80 709
52 102 887
72 101 247
64 95 378
35 70 386
29 86 492
23 60 569
75 62 1
107 52 39
8 119 726
24 37 277
95 39 427
47 31 215
97 117 38
71 84 765
93 3 711
73 48 758
47 44 606
40 5 969
105 81 679
7 112 449
7 3 415
0 23 327
71 22 966
83 23 951
74 69 969
88 37 878
54 114 963
57 48 888
5 16 70
101 97 475
95 116 977
44 17 67
5 97 370
52 22 613
66 119 112
99 58 374
61 53 483
59 33 884
79 102 909
100 83 702
109 75 138
90 84 373
92 43 731
108 50 974
63 53 171
80 64 961
47 77 324
101 48 652
16 54 895
73 62 308
9 54 399
6 23 30
80 14 235
5 105 546
21 116 439
97 51 60
95 98 653
4 51 123
52 112 860
70 50 310
38 62 147
76 33 744
39 65 625
39 33 541
14 109 599
5 21 886
17 36 355
27 108 679
56 8 427
36 95 585
38 93 57
68 25 276
49 98 509
43 112 379
91 6 494
44 34 942
112 37 768
65 28 234
99 88 320
2 30 829
95 6 791
45 66 567
60 119 138
107 115 463
83 108 95
29 98 435
84 79 389
76 42 830
17 86 487
101 107 237
28 115 135
37 103 187
110 115 486
19 32 135
39 14 919
72 116 167
2 43 714
119 5 456
55 59 390
112 97 986
73 11 897
47 106 786
52 62 746
109 90 77
79 29 625
28 19 435
85 55 684
52 113 120
105 16 129
60 33 111
113 101 28
109 74 912
118 42 504
102 40 950
30 19 283
48 14 131
40 44 503
79 63 338
42 117 55
26 15 947
111 20 593
11 103 754
105 95 114
44 65 867
113 11 782
97 51 117
94 84 797
46 101 134
97 53 662
68 4 202
6 60 854
92 82 423
68 70 249
119 12 256
102 41 428
80 4 964
47 6 301
6 35 461
5 101 799
36 22 352
36 73 856
77 46 357
60 74 102
25 27 69
76 94 853
46 75 465
56 39 681
57 2 692
0 26 172
51 115 513
26 67 174
30 71 146
88 95 665
109 87 760
37 1 935
77 110 463
109 103 390
72 91 531
78 104 128
75 115 853
50 63 164
12 56 645
66 68 135
10 60 290
85 90 628
82 44 778
49 37 117
0 79 131
4 107 929
85 101 713
26 48 574
24 38 197
30 12 707
19 8 997
27 20 336
41 107 668
77 32 983
36 9 339
17 64 788
102 112 207
106 96 132
2 61 563
100 107 891
48 47 662
118 90 767
87 10 700
104 8 719
31 78 564
92 17 419
33 84 226
28 101 417
109 66 563
3 87 36
73 115 869
56 47 120
108 31 572
47 109 351
13 79 299
9 66 168
41 31 165
82 66 376
95 73 941
59 62 789
66 70 100
4 42 208
29 7 222
58 116 26
114 7 617
52 14 427
63 108 71
118 22 771
117 110 424
2 40 659
32 91 40
98 108 243
54 58 132
51 74 907
21 46 752
105 91 171
5 22 583
17 108 643
9 15 357
61 113 216
7 11 591
108 90 68
57 97 135
36 13 968
69 36 803
97 56 504
28 12 719
48 106 881
102 15 76
109 63 236
52 27 492
2 52 729
4 54 447
36 97 848
29 36 293
56 69 66
85 22 392
106 46 337
102 73 722
102 25 164
65 22 494
41 100 11
110 68 379
110 19 327
70 109 948
27 117 276
87 53 768
76 38 352
73 19 552
57 117 393
62 3 920
25 110 902
12 17 832
82 17 742
85 61 78
67 85 301
53 30 541
25 98 269
93 64 33
32 31 59
109 27 498
39 92 47
107 51 71
66 50 992
21 40 792
0 20 854
102 53 558
109 6 667
8 81 418
9 85 372
49 0 824
69 45 614
117 25 832
22 86 428
36 110 986
115 111 579
62 111 723
105 107 766
2 81 312
94 37 344
45 94 172
118 62 849
118 57 335
63 80 308
41 31 401
91 65 754
32 6 704
13 37 469
83 18 765
117 26 690
46 20 637
112 0 922
118 82 114
77 2 780
56 6 170
2 74 580
115 103 950
41 115 932
101 83 426
63 64 441
85 29 576
23 93 804
11 69 692
30 114 304
38 98 606
11 44 24
23 80 58
72 36 544
102 22 236
41 16 130
18 15 77
70 12 250
29 75 451
14 81 576
19 66 455
80 73 927
52 20 179
96 95 962
103 59 157
0 45 819
93 27 254
118 67 257
2 32 16
85 63 448
53 3 795
50 93 697
81 82 400
28 8 848
115 101 404
91 106 119
102 75 197
66 31 642
63 86 469
87 40 286
87 54 603
5 27 629
40 110 706
52 112 740
12 47 224
89 109 458
43 76 308
15 88 218
50 100 11
46 31 723
84 78 183
37 91 954
9 115 772
111 93 593
91 5 275
86 15 417
47 2 979
55 71 547
118 117 613
66 98 468
62 29 311
69 40 922
70 107 369
107 81 160
49 90 190
110 55 352
56 103 559
2 21 714
54 104 811
26 47 577
18 81 847
109 108 110
49 13 183
6 45 58
103 57 58
53 96 67
102 63 671
10 30 725
64 111 534
14 47 507
105 34 127
20 106 990
87 34 814
103 32 729
107 24 129
18 89 807
18 13 660
33 61 765
26 61 358
118 16 136
50 100 805
11 2 49
14 34 967
50 48 202
118 84 647
92 10 806
60 1 215
35 59 658
88 49 985
114 97 745
81 103 215
74 53 938
83 105 576
94 3 591
117 104 559
94 67 306
71 79 73
42 88 65
42 99 837
22 43 173
65 107 480
114 41 577
56 118 964
100 88 488
3 21 435
24 18 291
38 20 420
91 111 478
52 96 740
115 37 752
30 34 1
113 115 14
36 3 938
55 0 716
61 16 90
16 2 109
8 4 490
23 51 95
22 53 807
31 26 511
62 55 848
102 50 881
107 67 751
71 35 513
101 83 420
86 18 543
32 1 844
16 115 10
3 43 755
7 19 363
100 47 965
98 72 767
99 2 731
16 65 400
44 92 671
56 37 301
66 9 218
12 23 883
5 67 384
71 45 136
45 27 157
91 58 638
70 12 744
29 37 682
74 16 120
56 119 847
8 86 221
109 1 239
9 54 230
43 2 719
20 1 475
71 38 158
30 92 182
20 43 557
79 81 501
13 23 681
60 66 944
88 77 744
28 38 708
49 94 85
9 50 460
16 93 923
79 73 994
42 73 5
25 74 534
20 93 52
114 0 27
86 47 896
65 34 48
78 91 70
101 74 168
26 46 506
82 81 947
59 114 85
118 103 262
2 71 631
53 10 53
108 55 156
78 75 292
43 60 573
7 109 707
1 8 17
16 37 455
60 7 348
61 48 536
48 2 413
30 72 965
23 29 891
15 57 673
110 47 251
50 115 164
15 67 449
63 17 908
118 48 955
25 58 564
115 64 495
106 41 176
103 44 728
19 113 817
4 12 247
22 68 386
70 74 830
96 15 239
96 46 991
50 31 808
70 35 31
99 69 950
50 14 456
102 62 627
17 9 581
34 119 93
64 109 739
118 16 142
97 8 857
52 72 720
91 50 295
91 30 305
24 1 415
67 102 985
4 71 224
52 15 896
36 16 700
116 100 694
78 25 436
70 96 299
58 0 311
117 17 257
91 75 535
116 28 257
8 59 439
5 112 712
111 28 642
109 9 240
87 103 565
57 46 247
70 72 205
63 64 648
63 88 555
19 14 29
105 96 882
77 41 728
117 21 942
118 71 642
43 36 155
75 29 776
4 18 707
108 114 561
11 34 229
104 73 221
36 49 164
89 79 309
117 26 423
78 85 248
38 50 408
94 107 911
105 33 765
8 32 36
15 46 730
63 29 656
20 68 761
40 42 602
57 22 768
73 55 510
106 67 531
116 58 898
53 30 964
43 17 558
86 88 647
84 54 745
68 25 760
48 96 94
89 50 692
26 34 594
20 88 594
102 38 588
46 18 101
61 48 890
64 27 807
55 19 240
39 26 15
50 62 156
8 11 701
50 32 170
49 53 731
33 29 965
87 116 66
5 20 504
43 47 542
32 102 670
10 115 433
81 95 351
5 25 699
39 0 44
14 8 99
1 36 205
43 33 266
33 5 645
42 98 146
9 67 368
1 101 289
99 68 290
91 98 201
31 36 286
17 82 88
76 40 651
22 70 480
81 23 513
104 77 274
48 109 739
32 100 588
99 80 501
56 53 655
73 99 594
113 8 275
3 119 768
30 51 118
27 12 225
87 84 30
100 29 230
68 112 903
20 15 797
102 82 352
35 115 504
50 81 838
85 88 51
92 63 219
73 28 512
6 33 204
41 47 397
43 39 939
53 26 386
11 84 663
56 13 438
103 40 786
45 29 953
14 115 401
15 71 504
79 21 299
2 32 852
20 33 110
24 114 816
48 105 819
37 61 588
112 113 679
104 76 122
76 12 738
2 73 836
113 81 155
82 99 350
1 30 552
40 50 549
48 56 740
6 16 31
102 7 986
113 11 836
31 16 47
46 116 44
56 88 372
116 114 554
78 96 445
15 19 989
67 113 746
85 65 887
9 104 103
31 39 356
60 78 160
94 48 371
108 105 781
112 11 309
2 111 208
61 107 457
94 33 935
0 1 475
60 100 409
81 55 881
100 17 844
20 38 945
53 115 421
18 64 938
68 59 863
56 89 482
99 95 596
108 14 241
115 49 413
115 108 480
14 12 401
85 9 306
65 113 703
81 32 352
118 10 608
75 32 18
24 55 527
8 15 268
3 52 228
11 13 991
97 12 13
36 30 530
45 101 361
55 78 306
22 98 906
108 3 923
66 110 663
76 19 75
37 110 632
89 48 940
2 114 331
63 7 754
17 48 933
73 15 818
56 119 266
116 21 478
76 106 17
7 72 667
54 21 838
21 80 359
18 34 367
101 52 924
106 51 916
10 115 929
49 81 516
39 43 342
10 6 619
38 113 728
19 30 939
62 74 860
108 110 375
83 13 491
29 35 346
45 88 741
87 79 347
74 50 70
10 58 5
4 79 697
14 25 828
26 109 433
96 101 872
87 56 891
92 93 858
4 71 646
36 40 283
105 30 122
89 85 217
40 31 715
113 109 23
115 60 229
2 111 893
54 84 148
115 109 604
10 49 833
13 91 61
18 51 435
74 109 140
106 42 969
116 92 689
106 79 882
47 45 145
65 116 233
87 109 107
77 47 695
8 9 492
56 27 874
16 73 514
58 75 901
75 105 336
98 110 730
107 24 848
66 78 468
32 111 545
56 4 121
94 72 915
14 17 673
65 37 861
87 17 660
72 1 594
79 55 466
75 61 178
35 80 695
93 55 442
59 8 922
91 74 644
29 54 467
108 7 563
89 108 10
95 69 449
95 96 991
118 44 307
106 46 792
23 43 707
111 57 220
44 67 38
39 115 584
46 114 41
89 11 897
11 50 975
115 70 321
74 42 715
39 8 582
102 71 703
110 73 354
77 113 41
108 85 741
64 116 88
105 50 411
14 56 919
30 59 994
21 24 477
112 39 224
105 41 230
25 51 132
101 113 129
41 64 663
47 107 730
8 116 996
52 69 722
60 56 411
10 21 947
69 19 227
24 39 153
107 15 160
1 6 251
1 103 337
103 38 616
57 71 974
59 102 275
7 95 992
21 72 640
8 41 963
50 21 866
75 10 152
104 22 92
75 76 328
6 10 276
64 34 812
72 49 430
84 10 973
60 119 219
94 117 722
119 74 310
14 23 88
107 88 645
2 56 592
72 62 210
90 31 304
26 91 33
23 1 594
23 24 741
71 114 129
32 34 79
66 96 400
77 112 71
43 6 127
89 68 987
83 67 829
118 81 726
39 10 908
65 10 389
118 44 36
98 112 679
23 43 598
103 62 561
17 0 636
68 72 76
23 76 177
40 6 958
48 30 402
90 50 363
26 47 884
22 47 286
76 105 622
33 25 528
21 59 880
93 36 561
26 107 270
109 115 999
49 33 826
1 39 254
111 7 319
90 99 465
6 47 480
46 87 495
8 2 803
42 20 585
67 80 554
44 88 119
40 7 988
4 72 51
99 54 655
85 113 236
34 37 95
5 22 449
98 53 728
30 47 971
14 94 461
110 104 67
14 45 306
24 88 236
48 5 44
41 92 97
56 28 269
49 2 755
11 84 75
49 90 591
10 102 305
51 34 432
29 97 826
54 100 29
19 34 495
63 57 252
68 84 960
58 100 529
94 51 117
118 98 657
29 22 190
99 87 483
2 55 419
45 94 733
60 40 170
53 63 315
115 63 707
12 57 282
63 78 903
27 45 114
78 92 965
2 30 933
93 32 784
114 44 227
98 11 887
32 45 481
20 68 851
10 28 819
53 1 425
54 22 313
90 83 371
98 103 753
21 40 457
70 68 880
93 80 248
100 111 957
103 84 745
119 47 170
34 24 587
54 56 603
1 67 78
69 15 581
79 86 260
36 71 636
105 47 314
11 46 517
106 82 190
33 66 515
35 90 697
76 35 114
92 78 688
97 69 304
77 62 961
62 113 540
9 33 765
103 65 218
113 10 566
2 32 842
6 72 834
49 90 669
30 88 928
23 85 975
31 46 546
115 77 212
4 27 755
52 43 733
43 68 63
64 27 249
74 6 242
76 77 955
70 92 527
29 101 280
22 79 600
93 79 410
34 105 56
39 85 482
24 18 380
74 40 893
113 57 914
4 37 701
100 26 871
87 62 46
106 99 712
63 112 274
66 42 348
4 22 228
23 19 682
77 3 999
28 17 468
96 111 962
104 99 850
20 38 443
51 99 860
79 106 899
95 53 105
11 52 104
38 12 684
63 0 569
24 12 286
83 36 635
81 15 430
61 25 461
36 16 315
101 26 600
14 61 545
118 28 760
74 16 780
13 6 826
98 65 72
23 7 928
81 59 92
11 8 183
79 55 747
62 13 574
53 88 349
115 30 712
81 44 848
34 15 859
12 84 285
82 19 414
79 0 662
70 17 474
85 106 552
112 116 536
113 48 720
68 3 209
62 85 526
60 17 426
96 16 306
93 0 472
0 1 354
98 38 433
55 37 274
69 86 972
104 64 211
57 12 129
76 72 756
35 10 861
43 1 323
58 48 56
75 78 339
111 79 195
54 28 578
90 94 804
31 100 761
109 36 223
40 1 46
24 91 215
77 48 34
6 8 949
14 63 153
41 109 684
87 83 362
55 74 919
98 16 752
80 8 738
43 1 240
9 41 732
72 90 555
36 15 349
38 50 855
8 37 103
53 65 262
105 20 861
0 91 249
32 97 907
93 40 595
63 14 759
93 29 287
98 102 572
106 119 722
81 93 919
85 39 48
37 84 761
35 103 927
69 84 408
17 86 420
47 87 605
8 66 981
98 90 651
99 114 349
115 84 829
111 119 772
56 78 228
32 5 275
78 103 915
10 73 853
105 110 883
109 20 993
3 47 465
79 85 750
91 53 428
79 13 70
87 38 896
94 90 93
83 40 605
54 34 694
86 65 501
119 42 29
3 45 16
76 29 547
24 106 544
27 78 771
36 85 703
59 117 114
86 78 907
38 96 142
22 41 562
41 89 355
35 31 993
118 86 754
47 109 55
77 6 185
102 4 834
25 58 178
25 38 355
51 32 652
114 33 595
27 30 691
110 91 844
6 84 220
113 60 162
25 53 977
70 28 555
32 31 452
39 100 816
40 100 873
48 4 111
88 64 792
34 103 800
36 118 204
21 79 708
16 25 493
63 23 156
77 119 980
3 40 410
105 99 972
103 73 160
77 111 774
93 42 545
45 15 675
80 52 639
46 0 339
88 112 802
15 82 368
103 57 161
28 91 11
17 116 160
106 17 243
19 52 431
63 92 40
27 49 309
115 74 286
77 78 685
51 78 196
109 21 113
109 35 428
2 45 126
30 89 727
105 78 701
1 61 188
91 42 599
53 95 319
31 32 789
79 57 824
60 22 618
43 77 797
48 25 763
21 76 631
88 50 228
111 79 730
103 33 257
26 61 554
101 32 537
82 83 316
51 97 918
22 19 431
83 18 115
97 119 807
16 47 441
113 4 1
103 38 378
5 95 508
51 59 315
70 73 200
78 67 765
21 62 783
45 57 709
58 118 442
117 45 503
5 13 201
96 4 755
118 5 21
108 32 534
86 97 227
5 83 536
14 67 536
75 19 686
49 22 458
111 115 488
92 59 750
116 51 515
0 34 365
89 42 789
61 95 54
55 9 683
27 52 391
2 115 96
55 93 418
117 19 482
5 82 914
1 18 993
37 70 914
20 92 472
25 2 625
84 77 457
24 43 660
72 29 990
31 72 188
21 3 484
98 33 619
94 45 322
93 83 195
65 35 155
53 55 483
75 112 196
96 42 509
102 104 168
33 0 329
25 33 675
14 6 260
44 19 978
44 85 769
41 111 542
93 18 654
48 17 156
88 25 132
35 105 825
30 40 538
74 116 14
77 27 146
88 58 748
0 53 193
90 108 587
68 33 429
113 109 160
105 59 264
28 20 640
38 22 921
15 10 910
47 51 858
45 25 413
91 16 520
31 119 950
29 43 803
113 37 642
55 24 561
16 90 9
96 42 520
19 50 352
96 87 216
100 59 76
57 47 83
56 10 778
91 89 944
80 112 42
92 72 490
32 10 663
21 41 868
105 32 92
94 109 767
74 110 294
110 17 766
116 81 40
53 41 139
91 103 765
32 68 726
97 78 507
41 96 444
27 57 224
29 91 283
5 17 508
105 51 166
4 89 690
111 8 823
105 86 391
96 100 671
104 115 9
65 106 436
75 89 547
13 87 187
86 65 683
68 62 869
8 86 552
65 119 967
65 87 728
13 94 271
28 87 881
43 97 89
85 107 860
26 41 590
55 27 66
47 1 524
111 42 835
84 31 771
37 34 630
77 110 315
8 38 704
86 55 82
105 38 608
118 3 652
94 11 35
36 103 890
6 28 515
17 84 252
31 87 438
112 15 541
106 112 712
58 10 313
114 17 763
47 106 672
32 55 92
107 37 867
60 98 885
48 3 956
82 119 332
21 108 13
85 24 241
61 96 90
89 94 384
50 103 502
10 30 292
70 43 803
47 53 63
40 14 87
69 97 804
16 14 510
9 73 526
106 100 879
28 63 365
29 118 381
73 1 148
88 106 162
93 6 433
22 98 239
23 22 155
43 13 923
8 102 612
80 78 623
33 70 810
81 5 725
115 84 772
60 55 340
113 105 944
6 65 578
25 34 498
72 22 17
107 111 257
55 38 545
110 87 732
35 51 130
63 10 335
0 114 906
27 43 35
107 101 768
60 63 479
9 41 674
84 104 850
77 18 698
95 39 545
28 57 535
72 60 443
30 95 357
101 29 732
77 32 694
31 28 412
32 88 25
67 114 516
49 96 113
30 20 832
78 104 180
85 70 830
33 73 302
89 83 676
87 8 715
55 83 633
61 17 346
20 92 557
31 111 836
59 17 702
18 115 33
32 2 505
13 85 704
9 18 82
96 28 599
15 3 312
77 111 627
29 38 985
38 116 915
14 26 831
7 44 985
109 39 437
47 6 908
90 87 974
106 79 400
56 16 105
110 64 965
107 16 867
49 46 677
57 10 487
2 66 936
40 106 269
68 72 664
18 40 525
83 62 963
108 52 572
72 49 421
119 82 208
70 19 484
40 108 98
7 118 303
105 24 869
93 96 36
114 117 86
111 35 250
105 6 253
72 107 684
68 29 934
35 2 885
94 97 857
96 52 755
18 90 663
71 67 973
28 64 933
4 76 582
17 20 963
88 51 71
107 94 436
52 86 558
65 21 103
23 114 189
80 109 464
83 30 888
104 61 575
95 100 345
83 21 700
81 38 62
115 42 233
61 3 999
110 34 721
93 9 116
65 67 521
5 1 412
109 45 57
34 114 381
62 38 823
28 118 837
7 105 483
8 5 548
105 111 618
48 106 954
104 62 884
91 49 415
34 72 111
28 31 889
50 75 678
64 16 350
60 1 436
72 44 542
39 21 784
35 19 523
115 108 715
86 34 303
69 92 649
94 110 562
49 18 564
48 69 653
30 85 155
43 61 384
67 28 123
86 2 487
73 3 488
90 17 720
12 1 210
36 87 704
89 80 619
94 50 424
83 22 668
24 75 400
105 0 327
89 50 508
78 35 879
73 75 337
90 100 404
87 42 625
98 25 43
68 30 839
114 101 491
40 44 282
13 41 772
24 86 722
50 95 48
63 54 248
91 16 33
42 108 927
11 13 990
8 94 770
49 71 320
100 119 817
5 28 716
29 96 565
17 62 168
79 48 135
13 104 634
16 104 21
35 96 689
24 77 383
57 108 984
93 109 882
85 25 938
102 64 648
50 86 284
31 68 607
95 12 840
42 4 517
46 7 437
98 69 300
21 25 775
105 44 20
48 0 697
8 85 372
114 55 741
87 29 343
105 103 77
16 80 254
94 6 880
115 112 7
52 18 581
2 107 636
79 85 223
69 47 990
54 59 116
58 16 106
14 41 212
3 115 134
86 10 701
107 30 469
21 88 14
23 107 202
46 50 684
94 45 632
77 101 733
73 94 728
87 102 54
96 1 914
37 0 737
111 17 146
59 75 56
117 52 65
27 110 281
27 28 850
58 35 756
32 80 63
119 74 351
41 6 714
119 107 255
103 82 975
26 54 873
116 96 972
99 90 151
22 26 564
37 17 779
100 62 451
31 79 442
55 96 511
109 85 617
6 66 446
40 94 866
20 73 739
101 117 273
64 99 326
11 118 413
114 63 999
91 17 189
72 74 500
88 66 400
99 16 439
100 102 311
112 100 449
19 91 474
7 53 896
107 86 253
104 91 673
119 94 822
39 100 958
20 16 581
113 95 46
108 15 82
7 0 387
95 45 531
81 82 366
48 74 269
62 60 158
71 88 637
71 89 489
98 34 765
84 22 110
97 48 121
101 61 99
34 24 549
48 65 370
58 60 317
45 17 553
84 65 349
116 4 519
97 42 908
82 21 195
20 44 315
95 119 509
44 45 273
69 65 350
20 87 231
22 68 526
6 90 892
80 21 243
66 110 812
111 34 916
13 110 658
10 61 200
53 104 922
67 102 126
49 31 466
88 58 402
38 45 537
117 91 383
8 29 394
12 19 172
60 16 95
28 89 971
102 20 88
116 1 560
88 53 65
19 113 79
1 40 606
10 113 361
16 30 584
41 103 467
51 20 702
92 61 762
103 16 187
17 1 15
64 96 763
8 3 470
50 21 586
23 69 936
8 21 304
70 103 427
94 111 2
28 8 69
14 63 666
9 99 540
54 8 835
103 32 99
69 96 449
19 100 667
41 97 591
33 28 465
28 44 741
4 112 704
33 29 5
68 2 409
32 6 812
80 59 98
87 88 491
65 78 252
7 29 88
114 73 344
10 58 930
52 44 872
12 83 550
33 116 708
78 50 243
69 43 985
78 107 914
69 55 476
17 89 751
37 50 42
60 53 246
30 59 845
58 12 747
74 72 510
3 24 450
90 78 798
67 85 513
39 67 543
119 84 878
104 84 93
54 111 340
20 10 922
94 58 426
70 117 193
101 29 499
79 100 930
82 103 796
53 43 330
86 94 199
12 102 759
40 71 947
34 19 454
87 70 82
95 17 354
98 56 606
8 77 213
109 118 712
41 14 682
2 24 371
56 93 62
61 72 949
105 30 711
28 1 581
111 45 256
74 19 829
46 105 929
76 44 505
74 33 513
98 88 881
66 109 587
62 58 507
30 28 929
30 26 989
91 100 117
3 69 605
118 90 964
60 37 251
59 42 473
99 102 684
61 42 982
75 103 342
47 73 157
100 24 719
35 14 679
66 42 470
85 68 247
71 2 685
84 74 670
6 44 452
87 37 982
74 59 234
67 94 18
46 85 306
45 75 692
23 31 421
117 33 436
44 71 545
104 75 266
32 62 153
26 35 873
35 20 551
89 50 331
60 52 22
78 77 420
40 112 732
89 117 850
33 59 564
118 8 345
63 95 49
66 13 280
63 21 708
94 89 877
82 49 653
115 58 220
94 54 122
109 61 330
72 10 276
1 11 118
45 95 35
107 30 278
96 13 341
73 103 807
31 111 815
19 97 995
1 48 784
67 99 104
74 26 996
11 10 370
48 83 833
41 33 787
47 107 575
115 30 857
53 9 37
13 82 85
89 110 303
9 20 773
82 73 567
25 8 658
2 31 255
1 104 265
72 94 886
33 58 619
41 104 496
107 60 341
40 41 902
43 116 250
65 118 41
103 117 98
36 32 65
23 26 270
7 75 765
107 30 570
88 24 561
98 82 593
76 110 167
61 116 205
9 45 83
37 100 414
74 95 164
68 46 254
40 90 627
84 110 632
93 80 406
8 24 813
82 67 311
65 8 413
56 118 712
9 76 447
63 88 162
119 81 233
34 38 139
44 55 782
36 102 779
100 62 845
26 27 707
88 24 338
51 38 213
83 32 3
3 39 764
80 68 979
65 71 565
87 64 996
17 116 496
13 68 851
38 25 512
33 23 334
6 13 773
41 67 875
104 15 906
7 74 610
18 98 292
49 68 121
105 72 55
119 20 104
8 2 430
51 112 849
119 17 818
17 45 567
86 38 444
57 117 621
17 96 119
77 98 133
58 35 396
42 25 378
22 54 381
80 102 23
41 11 734
0 108 849
42 9 643
68 14 820
81 49 878
2 36 175
90 116 452
60 82 580
102 88 60
32 114 330
118 109 861
104 95 167
19 47 430
29 106 857
101 114 124
51 33 372
23 43 463
70 33 430
91 48 91
14 109 313
95 17 384
21 112 322
79 40 371
41 84 833
19 70 68
40 101 854
1 55 101
6 51 629
65 61 226
20 25 890
65 82 585
74 55 234
31 68 587
81 84 699
114 19 994
25 38 940
29 83 219
9 86 798
61 44 633
21 16 109
6 11 188
90 23 395
106 102 62
75 116 213
103 7 805
29 111 904
0 85 62
34 23 175
41 18 257
89 24 36
109 4 279
89 30 69
74 85 739
80 31 236
16 31 375
67 76 505
57 11 679
44 83 334
100 90 604
98 71 880
39 75 700
111 68 112
111 101 725
30 29 115
9 72 53
6 29 516
96 32 437
16 75 668
9 105 278
16 109 906
71 66 88
39 94 259
21 113 435
47 72 690
78 89 295
94 18 828
32 50 653
43 44 700
5 71 166
1 15 30
38 19 565
6 14 223
66 9 781
83 96 717
115 17 114
74 81 560
115 75 422
10 3 501
9 78 259
26 41 758
116 0 229
58 8 847
33 20 400
22 8 527
99 11 880
99 6 803
45 15 764
26 78 369
108 32 445
91 82 572
6 3 268
55 32 494
115 93 991
103 9 360
30 94 981
24 57 568
99 74 535
117 54 451
28 1 213
45 65 905
41 6 948
110 76 473
82 96 556
37 97 904
35 97 624
105 79 186
102 25 117
45 96 215
96 109 849
9 101 80
4 17 574
54 77 82
99 62 273
112 4 709
45 65 489
51 41 402
113 49 331
93 39 713
54 78 558
40 104 590
11 73 730
33 89 888
103 48 334
78 68 10
74 117 543
103 37 72
70 90 981
12 16 825
62 6 98
41 111 929
0 108 233
116 85 570
84 30 192
6 60 285
55 97 4
25 88 767
113 84 739
46 45 613
69 93 141
42 51 441
30 115 47
26 15 777
113 34 188
36 59 763
75 58 14
46 20 634
13 6 15
109 19 291
26 114 90
114 61 784
111 71 915
13 108 954
75 43 242
110 103 649
119 52 672
3 89 148
51 10 765
50 34 735
90 20 455
15 70 168
118 33 403
89 109 772
21 102 16
56 40 444
12 67 240
17 117 149
5 70 973
89 8 526
48 11 140
32 45 456
42 40 347
68 64 875
60 88 270
101 56 955
27 3 287
51 40 565
33 15 471
10 83 874
53 21 398
0 58 252
11 44 513
18 78 829
21 94 804
40 56 403
106 118 655
92 9 637
84 114 631
17 7 236
19 31 840
36 108 169
34 111 813
77 5 226
37 5 318
89 55 345
107 40 481
97 45 170
25 105 131
55 113 774
102 5 267
78 35 447
113 41 241
58 92 300
67 57 813
99 83 784
106 44 426
92 70 438
92 7 107
86 43 743
77 81 598
29 91 716
28 16 315
38 112 816
15 52 393
29 7 499
76 69 35
30 46 211
9 79 463
24 80 841
61 84 256
64 113 526
74 25 487
30 0 171
86 50 410
36 40 387
113 93 437
61 73 494
78 93 870
51 17 11
7 18 435
93 98 534
85 11 500
76 62 981
42 67 687
55 94 438
109 36 183
50 102 646
53 82 647
114 5 142
46 71 692
112 57 669
91 46 344
34 114 378
39 45 35
51 91 643
19 94 214
110 67 852
88 8 17
59 17 709
29 64 421
109 81 520
19 119 22
77 17 559
83 19 726
38 28 88
58 80 851
80 43 198
12 22 317
82 48 956
67 0 827
58 14 432
11 19 447
119 117 889
32 67 667
71 61 91
21 27 496
91 48 626
20 76 813
85 63 760
103 39 722
18 56 407
23 114 887
38 5 140
94 49 761
13 27 313
97 14 449
59 102 122
89 5 531
9 56 310
109 28 324
114 22 591
74 15 261
56 46 624
52 5 494
29 37 482
75 114 832
46 82 44
34 13 131
87 11 958
59 66 826
59 79 130
102 47 654
99 33 39
96 23 625
25 86 497
26 50 693
26 19 831
119 31 474
83 21 140
75 23 91
48 57 83
54 23 303
66 92 797
10 97 983
20 108 54
36 6 494
51 27 476
55 57 651
35 37 936
95 93 325
73 112 940
111 28 567
32 0 699
28 23 171
76 109 562
44 99 556
19 80 795
36 105 922
100 95 252
82 22 934
107 36 129
66 95 841
13 18 338
2 4 201
88 102 396
34 91 741
23 32 467
119 107 788
41 68 315
43 74 607
106 1 55
38 95 244
71 63 610
54 77 585
60 37 748
26 58 808
21 57 744
87 57 809
32 5 848
21 112 51
62 59 98
40 68 247
107 88 914
106 13 918
25 76 734
118 44 75
37 74 133
118 69 220
18 61 47
20 6 392
90 63 778
111 30 640
32 113 65
60 24 740
115 61 145
52 92 601
87 114 34
93 27 433
109 89 620
67 74 894
26 118 108
30 0 117
101 80 760
90 74 221
79 47 970
73 54 820
93 14 721
101 32 247
14 9 605
100 54 575
15 69 896
86 104 902
72 14 843
73 28 366
76 84 364
26 50 6
16 94 269
77 106 521
112 15 107
103 6 241
32 26 922
70 66 924
5 29 572
115 17 669
11 7 388
7 0 416
90 37 754
63 4 226
107 71 77
86 18 558
47 51 127
114 28 711
47 82 710
13 14 734
15 119 818
11 10 650
11 76 46
117 6 893
57 69 862
54 64 958
91 16 619
70 66 261
84 87 418
102 117 951
45 57 215
69 50 398
46 95 815
43 111 154
114 49 82
69 118 17
104 34 617
74 4 257
105 90 350
119 60 5
57 39 124
91 44 2
72 33 196
109 110 450
85 77 354
104 94 536
72 106 514
56 101 730
105 3 224
41 28 89
77 102 453
82 78 984
44 33 178
44 52 631
62 89 274
13 40 896
12 20 753
72 101 179
79 73 877
99 79 173
19 72 376
2 59 964
73 56 699
112 9 898
6 46 957
73 113 534
43 25 514
74 42 383
90 86 322
92 74 726
39 0 777
98 38 165
66 119 672
11 58 162
27 20 806
99 107 316
104 49 181
58 79 806
90 32 604
111 32 185
110 60 411
10 86 146
103 94 333
25 62 101
49 18 972
25 36 551
78 116 27
54 57 952
42 16 661
65 76 258
87 48 646
37 51 541
97 75 934
14 54 967
96 111 538
110 118 182
0 94 764
40 115 719
22 75 489
48 52 199
17 15 964
56 19 509
112 106 911
43 101 272
28 34 867
111 16 194
95 11 334
76 52 524
16 110 471
90 42 153
30 107 895
111 22 470
28 4 500
106 71 845
26 85 122
32 65 547
17 31 476
103 38 680
46 64 500
42 101 98
15 93 766
44 88 677
71 82 148
113 89 719
98 116 674
85 34 69
31 66 513
116 85 559
16 24 887
12 10 847
104 11 442
90 95 805
33 74 936
35 37 433
30 51 643
54 84 203
67 19 690
116 9 693
25 91 856
118 110 500
112 23 19
92 77 325
94 65 248
21 52 534
37 69 319
21 27 247
114 104 768
33 91 212
65 43 253
50 6 892
43 73 506
63 87 705
7 102 713
117 77 282
26 75 105
107 117 1
81 112 645
84 27 650
48 61 699
77 57 640
106 75 338
1 57 901
68 58 366
103 68 192
34 76 34
50 7 944
23 80 264
1 97 796
56 54 109
42 22 414
31 103 964
19 33 805
56 60 460
35 117 273
36 105 789
38 59 407
20 104 328
108 65 339
83 18 234
48 117 389
34 75 350
112 22 400
75 103 913
68 81 182
89 15 184
88 3 646
14 33 952
115 44 963
9 53 279
53 57 218
100 76 758
119 77 723
41 72 821
