37 87 345
19 33 618
7 58 344
49 86 43
26 23 390
73 60 913
7 42 374
47 46 348
72 9 930
40 51 262
7 5 448
31 61 948
75 17 815
86 58 546
9 14 563
16 89 587
0 51 391
55 60 856
70 25 57
26 61 335
56 71 896
74 3 64
26 3 568
3 85 707
59 70 550
60 28 357
20 70 922
53 8 460
53 14 433
13 62 106
58 68 557
60 9 629
84 76 34
60 53 244
68 13 535
86 35 762
85 36 894
28 5 792
51 10 736
57 76 610
12 41 551
1 15 956
52 5 563
24 34 639
72 35 538
23 64 163
54 31 482
57 61 679
83 27 778
45 86 322
37 69 357
25 60 654
27 70 992
57 19 151
86 11 687
90 63 739
70 68 316
24 43 672
27 85 966
47 74 807
13 8 667
16 45 57
44 21 621
23 71 29
47 26 934
74 80 615
49 4 24
82 14 483
29 9 340
45 36 874
57 24 363
69 31 911
72 13 28
16 67 679
44 23 903
50 65 605
16 78 947
84 73 178
51 36 170
35 59 118
89 49 13
61 40 818
88 49 330
16 45 283
40 8 258
61 33 422
25 20 646
67 24 71
12 53 48
32 23 29
72 47 993
26 4 595
42 12 72
51 0 540
75 60 149
15 8 388
1 37 575
21 74 960
5 46 176
75 37 744
23 85 155
48 10 178
45 74 941
73 5 286
22 41 718
74 73 265
6 54 649
4 87 667
42 61 715
24 28 691
37 12 584
20 28 161
58 59 628
19 17 85
46 67 932
8 85 603
66 74 876
85 87 882
66 37 722
55 65 508
6 2 855
68 28 216
20 3 753
66 2 494
81 12 131
80 44 325
12 40 279
83 79 287
39 3 714
79 44 737
57 19 610
40 14 174
32 37 559
68 8 900
27 89 664
60 59 739
4 13 90
25 78 688
46 61 948
81 60 813
33 58 608
56 55 705
6 22 711
58 52 702
36 74 371
83 23 880
73 19 190
12 13 154
56 53 946
88 6 774
0 88 997
26 33 925
71 83 493
61 10 245
57 62 287
63 80 594
45 11 953
13 69 195
80 43 889
19 89 240
71 77 836
0 12 799
81 17 283
81 80 672
32 1 885
9 64 518
33 65 466
84 53 747
60 9 202
65 0 854
70 46 413
31 71 159
35 22 581
7 5 280
61 0 306
76 22 992
27 39 133
81 29 85
33 47 389
21 20 843
81 26 39
7 55 351
5 44 596
0 33 818
63 80 2
87 89 124
58 8 614
72 21 745
30 51 442
41 71 221
77 90 442
80 7 257
59 75 118
17 19 465
65 87 775
10 1 385
54 48 452
20 33 355
1 24 934
4 23 201
41 17 991
15 84 309
76 56 641
60 5 623
2 73 479
82 77 182
31 88 492
18 33 392
55 37 635
16 17 993
51 33 640
44 73 459
57 6 966
35 54 170
72 28 739
46 39 697
19 30 210
20 33 777
42 28 897
46 0 95
26 56 799
14 20 902
62 50 753
57 77 454
61 38 760
14 42 723
52 24 812
39 88 617
22 13 307
38 0 983
30 6 8
1 37 805
59 42 843
7 65 71
89 42 260
78 14 448
53 87 220
48 62 144
38 40 233
6 20 199
78 67 234
17 4 591
78 44 268
22 30 15
39 68 511
5 46 456
3 83 393
9 31 569
24 27 905
22 15 762
61 9 274
3 71 824
15 90 664
79 4 241
26 81 290
20 28 251
50 7 481
31 66 646
49 67 149
79 59 222
40 37 968
40 6 253
58 39 807
69 15 39
55 52 450
89 32 859
88 24 835
24 50 912
39 73 537
20 80 445
66 90 622
59 33 469
21 50 144
58 56 38
38 61 784
28 69 154
88 44 453
42 17 300
51 15 955
72 81 227
50 39 830
41 83 231
30 23 637
11 32 648
23 39 284
85 14 200
14 55 841
38 3 371
46 58 587
71 90 714
23 53 699
28 65 57
38 35 483
10 58 784
19 12 232
87 26 99
9 59 337
86 16 507
52 68 859
58 43 47
71 35 438
29 88 365
63 69 485
78 0 559
63 72 313
78 83 647
26 9 725
34 20 772
46 12 704
64 17 364
17 42 718
81 57 615
66 45 33
73 68 736
58 86 270
27 90 677
31 54 87
40 54 169
90 5 747
19 82 718
34 87 327
33 53 81
19 64 137
51 81 426
37 67 9
62 61 300
68 78 223
35 61 263
71 42 604
22 63 764
75 68 336
58 44 930
42 44 706
31 2 63
65 31 285
69 60 89
35 9 754
82 1 698
16 33 256
85 25 514
50 40 860
76 52 364
70 20 196
31 24 539
86 59 198
17 24 449
6 43 785
64 54 702
71 18 645
5 64 906
84 17 997
25 47 119
63 33 24
87 1 22
33 46 404
65 67 772
84 7 69
88 4 663
63 67 232
87 81 577
70 34 566
46 13 779
81 21 396
78 43 534
83 29 766
40 4 22
18 60 179
50 3 367
15 19 349
79 60 248
82 26 207
44 43 47
80 14 532
65 58 73
63 14 419
39 41 809
67 70 913
87 71 998
59 64 26
29 9 476
8 26 915
32 50 614
13 28 641
3 47 833
70 31 297
46 71 717
82 38 160
64 37 476
40 42 852
59 52 804
75 76 721
77 65 350
17 45 66
16 87 613
62 28 650
57 38 107
39 26 813
27 35 523
89 67 696
26 37 824
67 27 725
74 22 730
29 2 153
35 17 673
85 14 490
72 73 168
51 12 336
32 83 365
57 23 261
86 61 21
44 39 721
5 50 88
82 54 101
17 77 327
4 26 252
33 46 80
24 39 804
58 28 248
18 42 642
67 61 820
43 73 377
22 48 976
61 47 77
56 52 750
72 76 491
89 44 103
9 8 288
62 14 394
65 33 592
84 45 315
53 69 82
63 8 367
49 50 889
15 5 159
39 3 504
76 54 827
77 72 811
14 63 795
68 34 382
23 67 205
38 71 843
78 44 984
47 21 705
54 14 258
84 62 974
13 55 116
86 75 213
14 69 41
44 66 99
49 31 268
0 27 294
63 20 506
58 90 71
88 61 503
88 47 62
63 72 881
18 43 44
8 31 198
8 18 50
45 42 530
2 78 158
14 2 409
17 85 241
48 49 373
86 76 219
27 62 868
8 58 569
77 38 545
19 72 301
12 86 920
9 67 968
42 3 509
28 21 526
82 31 910
40 17 324
1 14 106
78 57 528
23 37 422
46 90 40
51 8 422
10 1 103
7 67 805
38 56 12
55 9 690
16 28 685
36 85 644
32 82 319
6 8 315
12 81 577
34 71 509
61 53 916
69 89 310
11 32 931
19 56 825
37 50 638
14 90 172
30 8 280
68 81 748
89 39 106
77 82 654
0 69 677
50 49 465
12 25 632
66 0 371
69 2 523
0 81 562
45 40 5
64 15 477
6 48 782
80 18 151
87 0 916
55 54 453
37 3 266
18 56 743
1 18 472
1 13 105
80 16 270
71 13 500
4 79 646
54 90 744
13 26 112
25 0 795
70 45 323
70 27 634
82 47 841
76 54 802
87 67 492
55 47 225
30 63 45
61 37 91
54 49 925
72 43 412
37 46 537
23 79 526
86 55 713
75 68 48
23 56 655
24 51 193
84 85 841
57 44 727
81 71 437
2 23 466
66 26 331
47 63 122
46 83 645
41 42 826
62 0 302
12 70 290
5 73 879
79 41 857
9 20 791
68 87 93
42 72 306
83 21 414
70 25 308
6 68 891
34 21 364
66 8 830
37 65 11
67 83 963
48 70 766
87 72 195
53 67 868
41 44 731
28 79 954
81 87 469
60 13 36
67 4 325
37 18 496
60 33 146
31 1 262
86 39 487
80 63 267
1 60 905
32 39 985
49 19 195
14 72 769
28 23 338
67 33 347
83 56 200
50 2 975
74 20 137
63 72 83
81 18 590
44 34 100
88 74 859
63 68 84
10 75 461
86 79 102
42 75 861
49 72 340
55 73 899
75 89 839
66 74 488
54 33 497
6 14 748
71 74 96
14 85 233
80 86 825
46 29 965
52 31 389
37 41 122
38 40 642
18 8 396
45 41 674
55 15 631
0 83 59
37 29 177
48 22 254
75 4 717
20 81 811
9 64 600
83 51 779
46 65 870
85 31 77
17 51 544
46 59 15
61 84 168
44 35 669
10 21 509
86 87 290
88 62 182
74 15 300
5 28 85
89 20 869
80 43 779
71 19 959
25 23 183
61 54 747
66 57 687
24 82 401
69 16 153
56 67 104
27 78 161
58 30 622
6 19 318
68 75 294
84 83 878
38 70 29
88 55 568
24 41 568
31 12 171
38 63 515
30 55 28
20 69 582
52 71 960
5 46 177
60 19 148
49 79 444
40 31 478
60 19 370
42 5 57
65 47 933
7 80 941
81 9 456
79 61 978
71 86 445
71 49 100
37 64 540
63 66 220
2 22 716
44 84 982
3 8 485
9 20 841
8 73 939
50 22 321
68 5 722
59 13 5
23 73 658
75 18 50
89 79 606
54 88 124
79 66 486
41 42 80
76 24 958
74 11 2
61 44 334
89 25 499
27 73 529
18 60 436
10 67 339
5 90 659
28 8 683
42 85 178
90 2 917
67 57 366
50 17 425
21 27 53
59 50 4
11 89 458
84 73 723
30 44 684
22 84 409
83 27 524
15 32 708
84 46 908
18 29 356
61 38 472
33 74 97
5 81 440
25 33 690
50 68 647
41 52 616
83 15 508
54 4 268
42 71 106
12 11 415
67 70 515
33 62 621
69 80 751
18 48 1000
58 31 569
69 70 497
66 21 904
78 66 298
14 60 638
13 15 729
9 20 412
66 32 826
62 31 984
52 8 700
22 15 452
29 55 632
59 12 779
37 64 144
8 42 747
73 31 174
23 31 432
47 65 431
19 36 778
18 58 291
44 7 479
74 10 469
31 34 310
26 81 37
29 90 571
20 53 190
44 2 135
86 35 508
12 83 561
45 65 69
58 39 383
32 77 683
68 41 748
77 17 263
53 58 260
38 43 90
41 24 169
1 20 663
16 14 572
81 0 46
78 44 898
42 18 779
46 81 595
69 24 154
34 55 528
63 83 740
9 71 891
65 56 998
65 19 314
26 10 859
13 53 792
33 46 653
84 28 389
12 20 448
51 37 133
12 11 300
47 71 287
34 4 589
40 21 640
12 76 717
52 79 252
26 15 304
74 65 838
70 59 763
85 21 620
7 87 678
59 87 796
5 70 848
52 47 351
64 67 122
21 9 210
47 84 763
76 86 463
88 52 37
72 45 557
87 74 268
10 40 481
1 53 801
48 30 848
71 26 785
33 9 686
1 25 783
31 38 703
53 50 170
83 38 708
12 35 95
87 65 913
56 61 8
51 56 604
18 77 469
77 84 873
75 17 397
81 89 888
13 90 441
88 53 225
81 82 228
9 39 124
42 73 592
49 41 194
57 69 329
0 69 166
73 18 391
48 73 611
1 41 314
54 57 739
58 44 783
15 70 76
52 13 852
89 21 855
34 33 882
10 8 999
86 74 506
61 65 641
31 34 956
18 12 3
79 34 312
34 25 9
1 42 589
90 43 102
37 80 734
57 50 143
14 17 587
66 49 150
88 67 304
4 57 25
55 11 557
14 38 739
24 3 73
75 74 952
75 69 51
39 60 675
90 69 295
20 39 296
31 48 202
4 50 602
0 88 185
62 68 123
51 77 412
74 1 285
82 5 197
78 85 609
58 25 468
81 4 643
43 32 46
43 82 782
42 88 824
42 64 712
39 0 514
23 20 951
44 74 976
30 54 599
87 64 770
28 74 650
30 90 866
11 8 226
12 70 201
77 72 18
26 32 657
17 15 776
70 5 663
60 73 372
65 51 979
66 81 179
43 21 471
50 43 226
48 87 655
66 26 412
83 51 396
57 60 929
5 90 792
84 35 724
80 9 147
42 45 481
75 62 539
37 1 41
41 22 729
27 28 920
4 7 430
69 58 530
22 79 964
72 58 851
45 46 90
5 38 216
25 89 7
90 85 499
23 5 303
90 68 963
32 17 670
16 89 472
31 47 910
15 19 557
31 65 273
69 12 805
82 81 738
40 75 918
64 63 694
61 60 543
29 26 705
68 37 707
20 66 758
67 80 811
9 46 1000
28 84 325
23 6 169
27 89 963
8 43 555
58 72 460
43 40 486
57 0 613
26 37 162
39 43 925
35 5 434
30 22 897
2 85 271
5 4 654
44 80 49
3 17 269
0 12 956
47 67 59
85 21 570
51 69 918
65 71 163
18 57 437
43 4 716
37 80 917
34 75 134
82 61 192
4 82 974
0 81 20
18 54 582
70 11 390
51 29 396
59 52 348
32 13 287
77 83 796
11 53 285
47 38 308
54 79 552
5 81 536
77 71 489
23 57 120
85 14 208
75 52 37
77 82 56
33 45 244
9 83 445
84 82 372
78 29 101
18 23 724
80 56 727
66 45 504
2 66 97
66 32 49
42 63 875
78 26 508
56 42 755
1 85 826
15 70 282
33 59 980
38 77 765
57 15 29
12 42 488
18 2 863
43 67 426
25 42 176
77 56 329
10 7 325
23 41 42
27 88 48
3 74 893
88 24 882
48 5 240
86 14 334
37 39 85
85 32 221
12 66 922
39 54 929
6 55 279
90 67 678
57 88 975
62 63 100
88 42 924
51 70 556
89 55 455
85 51 365
85 80 809
4 5 351
67 29 123
6 68 407
90 78 979
61 54 40
67 9 317
47 40 677
67 28 107
67 16 186
38 27 10
7 5 883
80 22 298
39 25 148
77 79 180
50 47 259
39 38 375
23 3 61
21 34 876
16 7 185
87 88 636
22 41 467
38 29 556
31 71 660
70 47 640
32 67 489
51 13 42
67 2 857
37 23 317
84 23 740
40 44 528
80 3 950
49 74 978
31 65 242
90 83 736
8 40 232
87 28 531
20 25 718
86 23 820
9 11 913
45 35 45
83 34 691
45 79 523
72 73 906
30 45 399
9 84 804
7 31 215
33 69 984
47 64 266
28 31 405
88 33 611
74 21 375
34 36 697
41 29 97
22 6 802
43 73 368
11 26 853
47 87 528
57 9 787
67 17 504
75 58 528
49 39 132
26 37 40
62 46 87
80 38 978
56 2 119
52 64 749
76 13 153
12 88 736
34 82 500
43 49 868
17 34 13
28 79 8
18 26 903
35 27 263
37 5 487
25 8 395
46 81 539
88 68 599
61 72 756
32 51 66
68 81 15
52 3 17
15 68 522
1 21 177
36 11 645
13 33 768
62 77 346
71 19 953
18 7 680
37 18 709
86 35 940
72 61 64
6 37 192
81 32 787
74 38 525
56 77 412
84 66 997
58 38 406
46 76 750
65 76 838
29 46 396
76 79 307
70 13 260
83 56 245
19 6 86
48 49 749
83 43 957
10 76 631
16 9 804
6 45 252
15 59 11
53 65 692
90 37 44
29 13 993
59 22 37
21 63 597
66 43 852
56 62 628
27 35 21
25 86 962
76 52 225
30 84 33
33 34 86
76 81 502
78 58 207
75 29 944
80 83 735
36 77 135
83 48 630
57 74 309
59 68 889
70 75 916
80 31 967
76 70 326
76 52 544
27 79 192
18 31 468
79 45 580
42 63 982
32 41 326
31 43 101
38 72 951
17 42 946
81 29 544
33 81 639
70 25 833
12 26 575
0 28 776
88 26 480
58 44 910
55 29 609
0 68 201
56 7 495
12 79 494
27 5 530
21 37 595
16 79 211
79 27 969
46 5 741
47 84 665
55 26 175
23 43 311
24 87 510
18 57 437
30 68 15
68 16 650
41 50 449
69 83 861
10 64 482
71 23 6
8 4 335
37 74 827
8 55 26
82 78 423
34 78 799
24 5 215
33 67 221
29 8 704
69 57 117
84 71 543
64 29 4
16 88 593
12 87 160
81 27 77
85 65 753
20 76 849
5 36 280
55 3 906
35 82 722
49 89 561
42 74 874
4 59 448
66 25 925
34 14 9
65 36 688
82 66 710
54 24 944
20 36 797
38 18 841
88 51 67
75 85 454
87 10 328
63 73 529
58 39 733
76 79 95
27 1 129
32 14 605
55 3 547
84 65 868
12 34 523
20 84 222
4 55 109
0 13 342
24 38 663
64 17 689
70 16 133
42 43 346
20 0 101
82 42 448
18 1 15
73 85 923
55 46 544
69 30 904
15 63 148
71 73 541
0 16 128
32 80 239
70 8 732
64 74 330
15 31 641
68 25 368
89 85 113
11 52 442
6 18 737
69 12 422
84 36 151
81 65 748
3 1 616
58 66 226
37 65 665
35 79 35
37 49 656
2 29 666
60 49 559
0 20 983
59 4 564
49 54 879
72 41 275
88 8 594
68 22 14
67 11 90
0 21 546
37 31 219
12 37 665
4 57 611
32 44 952
48 66 234
58 72 502
9 37 966
13 83 379
89 75 673
46 36 162
75 50 516
80 76 209
43 26 652
20 51 701
33 89 995
43 21 374
34 1 532
89 88 86
43 4 978
90 71 973
62 41 190
30 39 147
65 26 108
75 32 888
0 90 403
31 59 261
70 77 782
27 22 977
87 23 396
3 15 352
75 53 736
9 70 96
53 8 84
16 73 513
85 21 910
66 78 863
58 85 225
46 72 352
28 20 122
55 76 897
85 73 89
70 71 925
44 1 586
76 30 767
25 75 61
45 43 87
89 36 722
20 72 270
19 62 692
66 6 58
1 30 670
61 32 732
42 81 136
53 24 745
82 60 542
70 61 750
38 7 684
29 35 734
0 37 717
90 25 297
31 33 295
5 43 677
22 15 60
70 0 121
90 33 628
26 41 351
69 61 188
20 30 304
57 26 39
10 67 56
87 52 210
64 8 128
83 30 858
16 26 821
77 8 731
55 69 974
86 2 621
78 15 534
21 30 880
69 76 355
42 0 644
82 53 571
15 33 155
66 79 258
61 23 522
65 90 342
30 16 400
23 77 264
70 64 114
19 36 613
12 6 232
38 71 180
63 45 790
49 58 954
57 25 623
84 62 428
72 21 256
37 64 234
6 56 277
82 2 745
90 81 517
2 83 598
83 26 810
70 21 687
44 71 241
28 17 762
36 15 195
4 30 564
13 68 61
45 54 223
11 74 426
16 5 819
66 26 45
44 64 447
78 30 690
61 88 724
30 65 358
30 4 693
63 8 856
15 50 644
76 31 77
23 47 198
50 40 422
8 19 692
75 17 794
77 37 176
63 12 690
87 8 807
6 34 538
81 56 894
72 59 69
63 49 804
1 23 267
6 71 373
30 42 206
34 20 462
88 1 514
23 69 862
47 90 996
29 38 196
1 33 752
41 38 401
3 41 82
64 51 89
48 26 899
71 70 698
30 66 238
45 49 184
62 52 609
61 88 74
32 25 158
88 10 529
79 4 188
45 3 833
16 49 486
33 10 711
53 37 184
19 43 102
61 29 858
41 74 992
22 45 252
69 38 446
79 26 46
81 50 663
49 24 550
29 26 468
42 34 125
78 71 414
50 68 814
30 37 643
89 44 733
75 82 548
46 53 552
38 85 533
75 89 673
64 25 923
54 32 168
13 49 216
62 39 648
19 52 655
1 56 579
70 47 41
3 43 769
25 80 779
13 52 630
33 9 111
5 43 245
39 67 338
12 13 106
75 34 720
62 64 910
71 76 647
72 78 976
84 65 355
45 68 142
80 41 250
39 16 167
12 43 914
87 50 530
76 28 880
4 19 763
23 76 98
50 3 580
78 20 909
83 53 264
81 17 418
25 64 951
35 83 849
57 75 693
12 8 885
29 56 972
22 46 300
71 8 236
86 69 238
4 12 660
11 18 175
29 85 918
19 33 158
72 51 958
74 42 392
21 54 380
35 20 787
68 56 151
10 7 834
60 75 865
34 67 968
28 84 778
36 67 175
17 1 956
81 55 204
45 49 540
54 72 355
68 54 649
87 63 657
16 81 370
3 56 95
12 14 656
82 61 635
36 71 990
33 77 438
85 33 574
9 65 874
4 12 979
80 9 816
89 13 551
15 33 572
62 5 65
27 33 985
68 72 22
75 45 3
50 75 900
18 72 677
20 66 564
72 71 432
43 50 799
18 53 578
79 89 60
31 50 858
62 17 741
28 65 338
37 89 56
19 42 246
64 60 528
75 24 508
83 24 821
38 67 916
58 18 354
24 29 893
10 26 386
8 86 603
46 24 401
59 45 905
82 13 343
82 26 265
74 64 7
81 43 552
86 68 112
58 60 425
39 34 942
10 35 502
77 20 337
41 17 530
4 14 563
38 82 652
24 9 740
3 67 938
8 88 113
61 60 373
0 62 438
65 85 869
9 37 549
11 26 790
32 45 857
45 71 509
2 17 234
75 3 573
39 59 682
26 0 126
88 58 154
18 66 885
38 7 259
49 67 86
28 39 637
1 4 275
18 29 132
80 12 647
66 83 782
90 5 448
24 44 275
74 51 473
65 24 799
57 59 923
0 81 875
6 81 383
68 70 70
8 57 210
33 76 369
40 62 126
58 15 465
22 8 702
51 42 210
46 21 741
40 76 21
65 86 576
35 54 545
29 54 108
26 67 493
59 61 940
80 32 277
80 13 781
20 36 61
36 35 200
53 81 495
29 51 33
8 42 805
69 90 353
52 24 618
11 67 936
75 18 706
59 39 595
60 62 35
46 41 631
50 19 799
79 13 851
70 75 145
57 72 278
3 63 803
39 65 731
14 6 415
65 52 782
8 79 412
0 61 199
71 44 258
45 57 40
0 87 54
48 9 654
78 17 553
1 68 320
57 47 236
56 1 353
34 79 634
77 18 254
83 24 695
89 44 162
12 34 409
73 83 867
45 83 637
39 20 980
35 73 742
29 2 612
77 50 484
37 82 93
33 67 180
13 49 636
65 58 609
24 46 849
61 90 537
33 69 69
76 64 861
39 9 345
87 2 666
4 59 467
60 90 615
46 26 604
71 34 354
88 54 375
26 73 594
54 14 974
33 76 492
41 65 319
61 60 17
48 33 305
62 85 750
36 61 107
56 5 490
89 8 651
9 37 694
54 34 650
55 16 475
39 77 597
14 17 446
23 82 835
11 9 12
11 76 970
9 74 920
85 87 928
82 36 955
47 57 93
7 88 74
47 90 152
55 84 586
0 23 679
76 53 872
46 36 99
75 54 967
6 73 960
38 12 294
85 55 836
32 57 127
59 15 397
0 81 812
7 27 587
27 14 922
5 56 729
10 87 915
28 65 564
24 35 217
21 55 481
9 0 181
84 8 193
23 7 314
44 90 568
78 63 208
30 8 968
79 53 558
80 20 787
23 88 931
87 27 545
32 74 442
33 23 978
79 25 122
27 28 479
88 23 322
63 56 557
73 55 293
33 34 737
59 87 171
60 73 839
77 32 358
29 32 934
55 6 527
73 51 825
29 44 119
15 18 450
87 70 811
87 56 77
89 78 266
51 41 264
24 50 19
2 37 910
15 6 210
17 58 717
35 69 999
89 6 209
83 15 248
71 48 934
63 90 271
56 50 122
72 32 97
19 50 494
49 26 833
34 83 749
28 89 939
65 24 815
32 54 707
82 15 543
48 0 95
39 48 500
26 15 683
52 54 242
56 12 976
85 37 639
79 37 707
24 61 321
3 19 850
63 35 125
40 66 994
39 56 622
37 27 550
80 89 747
38 57 925
60 71 541
12 42 363
14 43 580
82 2 885
59 90 988
81 45 680
53 50 345
31 44 281
53 12 579
82 20 276
77 90 717
88 7 764
29 59 106
20 67 183
1 88 459
54 62 753
46 69 467
50 73 218
43 14 854
50 22 794
21 17 661
18 27 633
47 58 572
7 1 223
56 53 346
34 56 953
8 39 982
82 73 59
45 33 86
17 81 869
40 26 976
79 60 795
90 64 604
12 2 787
51 20 656
73 75 503
16 64 567
55 11 821
58 27 110
11 50 923
83 17 10
90 17 970
52 25 280
64 67 110
5 57 533
52 72 603
89 20 672
6 21 113
5 59 612
64 35 362
65 20 963
88 73 427
65 89 717
11 41 261
33 74 208
24 59 201
39 80 127
17 82 305
73 67 42
65 75 315
9 59 34
90 79 905
38 82 419
27 52 184
76 67 983
42 44 351
88 89 55
26 42 267
81 6 476
69 19 146
12 41 289
58 27 103
63 64 83
57 16 782
11 78 132
74 78 293
41 46 865
87 69 194
44 52 41
13 37 390
43 86 343
47 29 43
18 76 561
65 88 604
53 0 606
29 28 15
10 22 776
44 13 922
31 38 844
62 7 484
65 68 733
38 21 196
15 20 965
77 56 495
84 38 657
8 64 305
46 33 312
32 46 913
29 50 859
52 45 396
70 73 8
55 25 253
89 51 852
23 13 833
40 71 923
14 84 357
82 88 317
89 65 44
22 78 794
58 50 82
65 84 523
53 50 525
46 77 510
33 36 322
85 86 939
43 39 200
19 6 748
9 31 732
10 11 238
19 52 681
82 23 101
44 23 536
27 79 924
35 24 707
71 84 308
64 77 835
74 47 933
86 26 369
48 5 260
17 70 879
2 30 505
22 88 357
80 16 446
39 89 472
18 30 693
34 35 174
89 38 477
31 21 849
64 31 239
9 56 351
27 57 910
31 2 717
79 32 808
18 69 650
45 85 783
89 46 26
48 74 421
17 13 547
41 73 962
1 37 185
36 59 225
51 77 759
37 15 494
56 3 57
23 47 200
2 54 829
54 23 979
86 13 505
1 36 644
78 61 677
14 41 152
0 15 869
57 50 189
32 18 700
32 89 859
44 86 656
80 10 704
47 2 274
16 64 604
6 83 240
83 18 686
36 76 106
36 34 599
36 60 672
32 69 311
21 6 944
78 13 716
52 56 112
23 32 546
13 19 752
62 7 910
36 7 909
7 45 595
86 60 774
21 19 531
47 43 55
51 45 96
45 37 274
6 75 399
88 78 940
77 49 490
21 74 89
84 18 445
21 28 131
23 35 409
17 23 951
22 55 925
61 54 286
67 39 780
22 87 450
5 71 692
27 48 816
86 5 986
64 71 218
9 45 213
59 52 333
70 12 802
26 76 279
7 66 285
35 57 14
36 35 777
9 67 787
13 10 941
70 83 31
78 31 378
11 24 500
81 82 511
44 53 655
70 34 88
51 8 375
77 26 42
27 36 299
28 18 319
78 10 163
30 21 202
77 10 481
54 29 89
67 28 24
81 22 105
67 27 60
22 90 501
14 51 971
13 55 106
10 70 752
7 25 207
88 68 603
35 14 719
67 40 365
58 65 258
86 88 233
42 49 463
74 25 918
70 49 724
31 54 57
74 64 974
45 17 715
25 86 817
63 71 746
77 60 996
49 14 123
89 90 44
18 61 976
81 89 609
37 72 17
2 29 366
34 55 203
84 71 538
76 49 49
29 5 170
80 50 512
12 89 439
30 8 989
54 69 544
37 86 948
87 9 479
43 31 92
79 34 283
14 57 279
27 55 115
62 28 732
1 9 353
52 12 765
27 8 803
38 72 846
26 33 623
37 51 1
71 50 111
68 88 663
88 58 783
10 89 763
69 80 725
61 1 544
32 40 279
70 3 809
53 43 179
72 42 66
0 14 655
5 7 570
40 36 520
75 38 404
27 47 39
79 51 461
80 45 613
72 46 385
22 42 882
45 23 353
15 89 698
28 69 395
9 65 639
86 3 472
80 19 387
65 70 859
85 88 850
65 85 883
24 71 433
24 22 868
59 40 927
68 5 961
25 42 184
44 6 565
32 12 520
53 20 458
76 8 986
46 4 403
51 73 530
74 83 740
55 75 555
32 65 744
79 89 143
5 81 810
63 15 641
30 38 459
63 0 719
11 28 809
15 31 720
83 89 980
48 31 520
89 59 929
66 59 643
20 36 282
43 45 325
5 16 28
41 54 479
31 30 83
17 18 235
65 75 493
12 51 82
57 32 728
85 5 583
81 73 671
61 57 784
49 61 690
76 49 820
22 54 864
60 72 981
14 87 52
9 46 9
68 79 33
50 80 502
50 76 511
76 53 552
39 79 964
38 86 897
57 13 68
1 10 601
65 84 305
0 1 37
33 15 922
75 27 405
