43 56 931
19 61 34
52 13 374
17 58 444
35 41 416
1 15 472
12 43 54
63 28 550
32 47 279
58 47 685
16 23 19
2 20 571
4 34 119
28 36 103
24 62 457
26 59 189
24 20 416
60 37 399
8 19 473
14 42 584
15 25 277
0 65 883
33 52 781
65 61 747
50 38 386
61 34 131
32 55 591
36 11 595
47 40 278
55 18 388
64 15 240
39 50 394
17 43 695
35 2 729
65 28 914
49 56 559
47 31 41
55 54 753
9 11 334
36 61 45
57 0 294
5 40 11
29 6 559
33 22 157
47 4 880
45 32 684
1 21 148
35 40 766
29 63 882
55 18 20
1 14 389
20 39 497
25 66 288
39 58 593
32 55 245
22 21 144
52 32 867
62 34 279
45 30 358
29 10 886
2 22 918
53 12 909
60 34 641
54 3 894
14 1 529
44 1 809
49 51 774
58 40 585
55 28 416
2 26 498
33 14 323
3 58 32
31 3 919
19 26 395
50 29 395
5 46 58
63 50 820
17 32 209
13 6 702
65 19 87
28 40 720
2 58 354
23 5 615
35 3 738
55 26 884
33 9 422
33 6 895
39 1 734
0 22 469
59 11 362
52 57 509
64 62 542
13 29 732
37 28 856
34 30 136
5 45 368
44 23 516
2 35 523
54 2 18
33 44 411
59 31 561
15 33 654
59 5 386
8 22 509
37 7 953
49 1 309
59 2 941
32 65 17
66 48 906
4 51 356
6 18 928
33 43 45
8 9 608
58 20 238
64 27 951
61 13 206
43 51 115
32 31 140
8 11 812
51 7 514
39 61 936
59 39 485
35 27 742
1 28 125
24 62 37
15 13 144
3 5 405
10 66 509
33 23 32
50 15 895
37 33 180
48 22 548
65 22 128
32 11 582
16 21 475
23 0 562
21 66 526
18 27 902
64 35 798
0 16 168
56 43 645
48 38 554
31 1 355
22 8 698
26 0 368
33 32 253
31 5 306
0 48 953
63 37 345
44 27 269
27 8 494
11 26 52
2 52 98
1 57 801
53 48 768
64 35 418
25 61 227
28 18 786
1 9 523
62 41 293
21 28 235
45 63 705
13 62 970
8 0 845
66 49 20
44 13 854
9 6 430
52 42 863
4 37 975
30 3 800
48 56 532
60 26 298
15 51 822
25 19 982
1 12 516
23 37 965
49 7 759
34 0 144
28 25 101
36 49 872
30 23 230
24 65 434
50 61 421
14 9 556
57 48 659
43 12 399
16 40 861
9 36 176
44 55 562
63 51 639
8 54 833
19 59 491
24 66 337
26 0 901
47 7 414
28 65 768
0 60 956
28 38 911
65 14 676
29 34 50
44 46 196
18 46 883
40 8 771
17 51 684
45 14 382
11 36 666
63 28 979
46 37 796
30 0 191
15 24 844
18 8 461
51 3 509
32 46 333
44 65 223
15 50 990
5 59 991
39 3 32
4 22 709
23 50 313
54 53 317
28 63 887
42 11 722
44 65 108
54 61 793
58 34 998
39 18 943
36 29 620
9 58 103
55 52 708
53 22 199
53 11 115
18 5 148
2 19 764
59 34 603
6 42 232
1 50 618
40 49 273
23 33 852
52 43 683
44 13 184
19 34 523
43 32 880
54 51 264
51 1 604
8 64 521
59 46 535
62 57 968
45 65 973
63 30 343
9 5 59
16 43 317
62 43 619
7 31 369
53 66 997
23 64 925
55 62 700
10 34 271
44 28 224
33 54 176
9 21 536
44 61 703
56 30 42
57 15 558
9 19 45
7 32 113
11 36 254
53 51 178
48 47 657
34 24 944
34 49 725
59 4 232
40 13 77
36 50 481
1 61 714
62 45 22
37 50 439
30 55 378
2 8 180
54 25 90
0 51 625
14 57 705
38 58 342
53 49 544
17 30 958
24 39 735
43 29 457
40 5 798
37 14 884
33 32 889
57 47 179
42 34 654
65 46 60
21 19 866
50 18 825
65 44 343
46 33 69
35 28 990
49 8 87
40 48 497
51 2 934
25 47 999
66 36 592
7 19 779
16 10 27
10 54 917
11 57 241
50 17 387
25 22 879
9 37 709
53 36 703
55 18 178
66 59 592
64 4 355
27 19 497
28 8 106
50 17 103
55 58 977
49 38 655
9 21 630
47 50 964
52 42 430
38 49 590
1 25 145
59 27 784
54 30 937
22 36 822
11 20 639
24 64 176
39 62 215
9 29 719
53 42 28
6 10 929
63 16 722
58 1 163
13 1 107
7 20 718
48 43 675
55 11 598
15 36 309
50 7 637
17 49 927
39 63 54
24 9 773
1 14 541
5 22 773
9 2 651
7 9 687
50 16 702
62 12 982
3 4 725
59 7 936
3 10 340
35 3 750
43 5 438
0 2 480
9 27 738
47 66 88
49 23 76
48 12 684
51 16 576
63 15 767
61 53 628
18 56 480
63 48 913
58 3 127
41 17 285
57 17 529
25 58 779
48 46 507
34 45 215
19 32 904
46 59 379
58 21 839
10 7 911
63 5 610
1 21 45
14 22 982
56 26 769
59 57 829
20 10 613
53 57 31
64 7 450
14 46 732
22 24 821
26 12 913
21 11 992
37 52 939
29 7 444
56 49 526
61 62 31
46 9 421
65 13 751
25 28 124
24 38 434
38 60 557
61 9 754
34 2 26
16 9 982
22 34 195
37 43 426
57 6 820
52 30 860
41 51 77
41 55 815
20 30 574
55 11 713
60 31 754
55 34 936
66 51 175
24 16 573
61 50 331
8 66 392
19 56 137
47 13 196
61 34 552
46 12 294
26 28 741
33 9 277
45 54 8
16 40 189
46 50 17
24 49 662
27 1 41
62 13 735
20 40 481
38 42 793
30 37 127
18 7 841
66 41 835
6 7 794
55 29 665
16 39 696
2 34 134
65 30 674
43 35 903
63 10 917
25 24 359
28 22 494
44 6 595
18 20 957
64 49 869
57 62 750
29 50 740
54 22 979
2 36 151
14 56 246
3 23 612
22 18 35
58 39 95
39 32 219
12 27 186
58 41 260
44 17 687
56 35 644
40 54 587
42 1 531
23 61 985
30 58 802
44 25 697
8 7 287
21 27 172
34 24 861
42 34 358
59 2 70
58 63 898
32 61 708
14 30 283
7 62 339
26 59 823
35 11 801
15 8 273
21 46 8
19 30 444
46 7 847
50 28 346
40 51 551
0 33 488
7 51 130
27 11 416
33 32 312
51 62 71
17 57 465
55 49 947
2 3 935
27 7 53
36 58 554
8 64 281
40 18 277
28 24 10
63 20 978
18 16 518
34 43 824
23 63 793
31 37 688
16 40 283
8 44 25
56 10 971
32 34 373
34 1 892
47 16 410
5 33 933
32 38 618
51 47 114
10 13 785
20 61 307
7 17 94
15 29 431
65 10 380
57 60 228
18 51 34
42 23 817
34 14 385
33 34 347
18 46 892
22 39 614
53 20 81
48 40 751
3 23 348
1 11 111
65 3 547
3 36 858
52 46 607
10 28 880
47 41 72
65 18 62
46 49 509
20 48 339
32 57 839
65 18 573
8 14 985
15 66 29
20 9 262
13 24 495
26 40 837
17 40 617
30 13 746
29 61 918
52 33 231
51 23 977
45 2 277
56 5 756
37 54 260
49 38 963
35 31 978
44 37 310
37 8 687
58 9 681
17 44 727
52 23 930
27 62 871
59 31 873
38 31 239
4 6 948
61 6 842
31 25 684
27 66 258
39 35 502
35 44 258
51 57 779
60 44 826
50 20 308
27 21 659
48 37 819
16 42 996
48 43 646
40 8 702
21 54 42
16 17 200
41 31 897
24 38 997
7 8 610
26 30 342
60 43 783
57 63 979
49 33 603
50 20 47
37 3 293
0 47 215
41 56 630
6 4 668
29 20 410
62 30 389
1 18 844
22 36 238
64 29 171
53 40 378
62 1 918
40 31 2
10 66 429
64 14 514
31 59 238
61 36 23
50 30 548
5 18 232
5 65 834
17 30 247
8 42 705
0 17 473
56 4 913
55 44 127
15 19 704
55 40 5
22 56 551
52 49 628
61 7 62
6 55 483
17 31 540
35 49 28
40 34 362
4 0 128
10 50 674
27 25 60
15 27 626
6 56 932
44 29 131
13 10 883
30 32 350
31 46 433
49 26 970
63 27 469
4 0 156
19 64 775
55 31 560
52 47 323
45 65 723
57 14 753
4 53 247
43 55 500
40 3 439
35 50 140
28 59 188
30 13 841
59 12 525
47 39 628
13 66 938
39 45 906
50 49 200
49 18 895
34 9 180
10 23 44
25 44 673
50 15 150
44 20 592
24 30 52
20 3 187
42 54 655
11 50 876
52 45 950
39 14 857
52 51 956
33 19 49
57 54 341
63 58 202
46 44 694
46 55 319
37 62 253
45 58 880
57 51 995
34 15 23
11 41 817
21 35 726
31 53 803
58 25 873
20 42 407
36 0 861
54 23 109
18 42 487
49 25 786
0 38 120
10 1 596
1 16 647
23 5 90
52 19 426
60 9 111
11 45 306
18 37 958
17 49 772
29 54 234
54 34 650
23 18 295
22 5 868
60 55 53
30 53 161
44 35 41
18 5 805
52 51 226
62 39 355
42 65 187
7 26 982
44 24 636
43 40 457
7 48 879
17 35 263
40 20 670
30 52 474
4 62 486
34 9 855
29 61 989
53 24 656
56 38 7
25 54 106
4 54 998
25 53 985
28 45 859
58 41 166
61 62 886
51 7 2
58 63 797
63 32 761
17 23 186
10 42 848
47 20 406
18 43 765
62 48 278
35 55 939
34 47 238
60 48 690
33 8 2
17 49 7
24 53 823
19 9 870
48 56 686
53 59 882
35 8 619
16 18 683
50 42 942
5 31 333
38 31 157
7 11 509
55 37 889
46 16 456
1 33 493
60 46 591
12 22 788
39 55 653
11 59 652
3 27 466
12 54 501
50 66 488
23 7 247
34 10 665
5 21 339
25 6 921
24 3 432
50 38 699
20 42 201
21 24 183
4 15 312
1 63 742
16 55 225
0 14 514
14 21 344
6 35 876
51 54 197
48 25 292
31 30 214
24 47 669
25 16 153
64 19 836
51 33 253
50 1 490
62 12 358
48 11 832
47 37 212
32 51 233
28 49 376
56 25 622
11 6 153
25 28 50
8 52 375
64 21 981
44 34 438
63 28 852
22 24 771
3 63 54
16 8 896
25 6 965
10 31 33
47 14 642
58 0 168
47 26 325
50 44 139
9 44 927
27 25 491
46 54 197
33 43 445
11 14 348
9 64 204
65 37 921
27 66 194
63 40 221
22 12 144
49 62 759
12 45 37
29 53 956
1 27 425
18 56 908
30 46 396
64 62 158
8 25 532
50 46 658
33 66 256
64 19 590
11 61 901
11 9 808
33 32 744
44 20 921
55 15 898
63 41 734
13 9 315
3 11 23
38 47 77
0 27 283
51 5 557
63 10 769
50 1 882
57 54 901
37 9 681
46 34 810
12 60 80
41 19 346
39 41 992
31 9 154
19 60 876
23 14 113
43 62 639
24 51 839
50 42 497
11 25 740
28 26 514
53 56 392
36 23 475
22 19 947
33 38 454
51 53 268
51 4 801
48 21 881
8 34 465
43 3 758
18 23 364
63 1 622
61 11 371
21 39 484
17 35 831
49 22 859
43 12 959
32 34 698
30 5 127
0 4 616
62 11 164
60 65 370
58 55 782
8 28 632
7 18 66
56 64 74
23 50 804
65 29 419
40 33 184
33 55 305
63 26 129
3 49 456
45 10 289
51 43 885
2 28 967
18 50 621
4 42 198
2 52 220
8 5 467
21 33 947
62 15 558
51 8 21
53 47 42
2 31 26
8 38 904
3 24 128
43 27 13
52 3 630
63 49 192
13 55 543
26 24 863
37 43 57
49 17 139
34 20 947
65 8 347
45 35 619
17 57 228
36 1 570
37 59 971
60 28 435
9 1 924
15 55 849
1 31 356
14 49 386
17 39 29
8 10 192
41 10 656
11 53 954
49 31 933
54 18 918
6 45 540
26 8 256
44 38 845
0 19 884
51 16 599
0 41 309
18 40 612
37 58 159
23 6 616
46 44 766
42 2 45
2 54 46
2 21 339
47 26 780
64 50 232
27 5 819
51 63 8
40 23 814
31 12 800
15 33 622
5 42 32
35 16 458
23 32 642
35 0 621
5 52 116
14 29 44
25 13 989
36 58 647
61 4 771
34 28 974
47 32 924
15 11 655
31 45 465
60 61 758
50 59 940
32 39 398
42 63 255
54 29 230
22 17 739
31 55 529
35 20 883
45 19 645
42 39 927
16 44 673
32 9 957
11 9 699
12 31 311
49 11 649
46 22 432
21 39 803
0 23 917
4 43 309
38 30 714
33 12 237
30 17 542
13 42 724
51 44 266
37 14 730
17 41 413
38 37 997
33 21 772
53 34 212
61 32 903
42 3 254
46 7 141
39 3 554
38 59 435
19 7 964
10 59 328
45 65 559
37 0 631
56 4 243
26 34 170
8 25 999
26 30 682
19 46 555
52 62 177
41 60 239
66 42 931
59 10 111
41 20 179
48 25 72
59 24 327
39 6 652
40 25 898
13 61 631
29 62 600
29 21 676
31 13 37
18 42 852
23 25 49
35 52 733
57 45 961
40 49 30
16 18 887
42 13 482
2 48 295
31 52 831
47 23 42
48 10 821
49 10 374
35 61 697
56 37 106
44 9 175
20 60 272
18 53 189
35 40 541
64 41 100
29 40 259
5 26 916
34 3 286
21 20 527
3 18 365
3 22 677
3 45 127
14 11 222
49 2 234
25 35 323
11 65 147
32 64 156
48 53 632
42 62 468
61 64 616
61 29 329
15 34 922
59 61 907
47 61 615
26 62 862
48 45 305
37 18 795
61 5 128
22 26 501
23 58 604
8 54 669
54 16 565
57 34 270
38 3 109
17 47 593
0 11 570
11 26 939
0 58 415
22 51 987
2 60 691
14 38 968
5 60 390
22 21 442
6 16 948
3 29 106
36 66 84
8 7 518
41 24 496
53 15 878
36 55 383
12 20 219
11 33 179
0 1 399
65 41 761
17 62 935
24 13 2
22 50 83
56 2 296
64 15 550
20 51 890
9 19 515
18 16 253
52 61 270
17 36 678
23 1 933
38 26 769
50 57 571
27 64 953
20 31 472
2 5 409
45 36 312
7 23 579
23 53 647
2 20 753
49 4 277
31 13 69
20 38 180
39 34 566
52 6 985
46 58 733
41 45 193
6 27 88
64 66 601
51 57 596
6 41 807
63 7 341
41 50 988
45 29 370
60 47 232
60 10 215
0 16 694
15 4 736
55 10 952
40 24 302
2 15 33
42 16 448
64 35 43
59 54 922
21 38 463
15 37 20
35 63 289
66 60 251
65 26 477
60 62 181
53 4 334
39 66 568
21 6 49
24 66 313
24 51 646
40 57 321
28 1 661
23 14 257
49 9 388
27 26 209
41 18 844
25 7 677
16 28 931
63 7 275
29 37 410
42 66 5
27 57 85
30 18 951
