6 21 609
32 16 944
19 34 215
37 14 920
33 8 323
18 32 870
16 6 244
6 20 561
1 12 758
10 2 835
12 4 435
30 38 999
19 16 480
8 13 390
37 2 902
5 6 312
39 16 920
20 1 88
19 15 255
7 12 451
20 16 849
15 19 557
3 14 675
27 37 202
23 35 97
16 2 926
25 16 303
26 16 664
22 21 742
3 25 730
33 24 602
27 22 817
5 3 861
12 8 349
10 1 295
19 13 631
36 4 104
34 9 816
39 34 149
2 32 425
3 0 610
39 21 992
9 35 150
23 37 310
35 6 953
4 25 298
30 0 40
21 12 176
27 4 312
10 16 300
7 18 435
15 16 53
20 39 895
36 22 534
2 37 47
15 37 447
9 26 16
33 38 607
37 29 681
12 29 492
23 3 672
5 17 683
33 10 954
17 15 456
28 16 135
31 5 314
20 3 469
9 29 294
39 17 437
22 21 52
20 8 652
8 10 630
21 14 531
38 10 696
26 8 709
12 6 17
35 32 170
15 14 587
28 33 430
35 23 993
29 13 843
21 17 949
14 30 290
22 36 204
18 29 242
3 26 231
22 35 615
26 0 159
1 10 313
25 19 336
24 37 406
7 8 544
20 21 613
10 38 879
30 36 634
10 28 281
9 17 918
24 1 6
4 36 325
4 24 488
3 29 932
0 12 742
26 18 796
21 27 403
19 2 587
6 37 177
39 5 122
12 9 447
3 20 927
16 36 382
34 3 410
26 28 371
9 11 258
6 23 618
8 16 40
4 12 891
38 24 241
10 27 19
28 12 922
10 38 388
38 31 717
4 14 194
14 8 449
15 9 445
26 29 630
38 17 331
39 37 929
28 3 702
25 16 59
14 34 755
1 25 648
21 26 391
22 7 188
37 23 501
29 23 770
6 31 57
18 14 425
19 7 418
36 17 290
2 30 449
25 0 604
13 26 397
39 30 141
33 9 598
9 16 330
12 8 943
18 10 576
21 3 913
14 20 528
19 39 708
12 30 594
32 1 356
35 15 105
13 37 163
27 29 308
28 3 177
3 27 108
1 5 643
19 24 147
32 16 135
29 9 618
36 39 471
37 0 544
11 8 627
14 13 757
9 31 792
28 37 302
0 12 898
32 34 765
7 39 786
36 15 394
21 9 447
39 38 245
7 8 221
36 0 329
25 34 85
3 11 124
24 36 994
3 12 875
8 27 458
25 27 446
33 30 911
7 23 877
29 35 645
5 30 624
11 2 400
0 10 932
13 1 390
2 34 907
0 9 75
28 1 973
26 32 17
25 30 760
5 28 343
12 36 936
4 14 671
23 12 395
31 9 1
37 16 556
23 14 930
32 18 475
13 27 684
18 33 710
10 38 979
17 29 222
2 4 723
28 31 907
21 28 817
19 33 146
13 37 942
20 18 924
20 26 360
3 8 310
7 30 358
24 11 169
38 8 516
39 14 711
16 8 517
26 25 269
36 17 657
34 38 935
39 7 743
15 21 561
7 14 896
16 20 217
28 12 742
35 34 981
2 0 888
21 31 728
29 1 157
2 12 848
8 34 558
7 34 671
33 22 124
26 28 384
27 3 843
11 30 841
12 31 724
37 38 149
25 17 593
36 38 481
31 0 519
11 7 824
36 26 281
24 8 388
10 32 214
12 39 624
6 13 428
5 20 58
26 34 807
27 38 796
6 38 748
17 36 253
34 19 874
8 22 36
2 15 175
14 31 217
31 29 952
21 14 442
26 9 232
20 3 698
21 26 592
32 6 534
30 27 170
32 5 532
7 27 503
8 36 983
29 34 673
1 7 828
14 0 482
33 36 43
15 14 404
14 3 827
18 16 411
24 17 669
32 39 285
14 36 983
26 18 656
13 23 562
21 26 493
12 4 559
1 10 256
36 39 252
12 26 376
7 12 267
25 2 403
10 16 622
26 24 564
11 10 179
17 22 884
3 16 264
3 0 795
20 27 697
5 19 785
25 6 606
1 32 58
22 11 801
31 17 861
36 28 665
10 15 132
33 23 457
17 13 837
20 3 35
31 12 902
16 18 126
25 24 346
5 15 624
8 19 8
19 23 305
8 5 404
34 36 965
9 8 211
10 39 736
32 30 83
11 13 831
32 12 412
34 32 194
10 35 104
4 22 904
18 20 5
23 39 63
26 6 782
32 28 225
13 3 779
36 32 219
15 16 888
11 20 289
2 8 732
34 16 355
32 33 526
4 33 148
34 15 816
25 22 976
28 35 194
25 12 87
33 31 890
12 14 395
38 30 970
27 37 304
10 22 517
16 13 908
1 27 791
2 7 184
4 10 106
16 33 136
3 15 755
22 0 110
25 29 558
24 0 221
4 7 945
10 5 353
23 22 313
36 24 796
30 19 341
14 29 842
15 33 949
22 26 840
17 20 826
13 18 988
32 6 512
31 36 866
30 22 74
33 0 877
14 32 82
19 7 509
19 32 568
19 8 682
16 19 155
10 25 923
2 38 651
28 25 228
31 19 254
22 39 538
3 30 281
8 6 198
8 19 883
24 34 407
24 15 661
23 22 793
1 16 602
14 39 805
34 23 856
39 2 205
21 27 940
9 3 173
5 28 175
5 34 443
28 36 104
21 9 129
31 26 166
3 21 671
19 2 430
1 24 850
8 19 903
3 2 14
32 27 687
29 15 688
19 26 555
33 22 453
25 18 84
17 31 762
3 26 338
24 3 88
37 12 344
31 7 408
21 25 527
11 38 49
37 4 25
