0 10 681
34 18 395
46 37 918
25 31 488
38 12 833
34 12 106
6 36 542
29 30 490
8 38 995
45 39 898
0 19 671
22 11 431
24 25 712
12 21 458
8 41 772
38 31 419
51 45 435
19 1 857
28 22 702
15 47 364
42 46 369
20 52 416
36 38 691
27 41 97
19 21 686
3 12 477
28 51 525
30 23 310
23 51 639
27 25 254
12 7 238
26 36 874
21 43 962
34 1 439
41 11 96
35 33 118
22 13 602
40 38 985
22 13 962
29 21 562
20 40 831
41 13 576
44 0 622
6 11 342
49 32 971
9 33 120
24 16 23
45 23 42
51 23 592
48 31 797
18 50 736
20 15 506
39 4 405
43 24 837
44 39 295
39 1 313
39 27 992
37 49 3
10 28 760
25 16 761
33 6 302
36 46 633
11 7 654
45 39 589
23 40 862
5 14 746
23 38 508
47 17 979
45 19 197
17 8 218
20 49 857
43 40 49
23 8 514
47 40 164
32 30 97
40 10 355
50 36 18
15 6 520
22 10 584
32 52 383
30 13 735
25 15 110
1 45 401
50 35 101
24 42 345
10 20 882
30 3 437
29 24 830
48 26 471
38 26 636
45 12 903
5 20 1000
49 18 624
16 52 852
34 41 619
18 37 980
45 4 683
27 4 312
31 45 662
34 22 380
43 40 85
30 38 618
24 16 488
29 6 268
14 0 473
22 49 986
42 3 694
51 38 419
24 15 762
31 49 768
27 21 94
12 5 758
45 32 281
18 33 21
22 43 500
47 19 439
37 8 145
35 17 803
41 38 821
0 52 166
2 4 534
21 19 8
0 36 889
6 37 410
33 51 707
40 1 90
52 39 885
30 19 652
15 52 462
16 31 227
4 14 381
16 1 456
2 32 935
44 20 366
24 7 75
42 29 608
19 41 619
13 29 42
6 42 447
33 22 515
19 14 437
39 16 787
25 39 196
14 0 36
41 1 926
13 23 753
10 34 435
3 33 622
51 12 689
44 1 289
14 18 672
10 21 373
17 45 565
34 9 944
11 13 799
23 42 320
49 34 864
37 39 198
10 17 177
42 23 458
51 38 501
47 18 47
32 41 400
41 11 288
44 3 498
18 13 622
9 3 427
20 21 564
1 52 184
4 12 331
15 50 792
18 50 519
50 47 928
5 25 148
1 52 253
0 38 501
41 12 983
42 35 288
46 9 794
52 9 74
15 50 398
5 16 822
20 14 373
7 21 858
1 51 160
52 0 308
29 32 424
35 20 487
15 32 474
36 26 45
48 25 418
16 33 767
5 46 503
32 42 559
8 26 245
24 19 626
28 24 416
31 5 22
35 16 573
12 44 773
37 25 331
22 47 657
37 27 983
13 23 853
34 20 679
16 38 497
15 38 760
35 7 292
22 0 932
41 42 846
19 45 55
3 33 252
40 43 492
50 7 32
13 36 886
4 18 203
52 40 331
47 39 30
52 42 412
14 41 700
7 15 633
41 34 748
29 39 432
35 11 153
9 16 972
5 9 595
31 50 628
30 19 290
8 33 282
4 45 679
37 22 684
19 21 317
49 24 69
29 24 618
2 17 782
27 19 706
44 1 902
1 8 548
8 24 201
33 50 545
41 21 775
44 39 982
13 6 79
42 10 599
5 7 590
11 34 484
7 40 801
50 7 665
51 45 546
35 15 689
28 3 590
8 10 728
49 47 636
21 37 556
52 34 424
23 41 315
47 10 124
3 31 151
41 18 835
5 15 363
19 48 790
41 22 864
0 15 682
38 15 240
48 49 760
30 8 944
17 37 199
13 4 9
8 2 10
15 40 273
26 31 744
8 20 361
30 8 850
7 35 628
3 5 433
2 35 822
26 6 818
46 0 687
36 23 674
8 20 60
35 18 399
6 9 13
36 23 933
10 25 503
14 25 887
24 50 408
13 46 748
46 18 757
24 12 23
52 38 753
4 6 421
16 14 411
2 28 208
20 22 240
4 30 515
43 46 102
0 48 990
6 16 230
30 48 819
1 27 2
28 35 507
50 21 975
18 41 136
37 24 889
38 47 727
13 36 542
1 17 270
39 11 57
24 30 799
49 45 313
20 15 42
1 26 951
24 10 588
22 50 289
39 50 104
14 23 752
12 51 372
14 52 736
3 30 9
22 11 793
12 21 471
23 33 977
29 25 254
11 26 833
40 48 267
16 42 452
14 33 406
2 41 885
10 42 523
32 35 961
38 6 208
18 47 505
31 37 577
35 9 356
51 14 950
19 26 685
30 10 804
21 16 798
48 28 110
33 29 806
48 16 475
35 51 989
34 28 911
26 0 21
45 13 774
31 28 670
29 52 370
32 44 948
9 2 158
41 14 648
23 30 371
34 21 703
32 19 560
15 26 902
52 31 195
44 26 488
36 4 959
0 1 231
4 19 773
41 47 102
46 26 231
46 42 868
38 11 326
6 27 725
15 8 766
28 37 156
34 2 150
33 20 907
12 35 340
25 22 343
7 14 8
48 35 277
5 33 476
32 9 438
9 13 300
20 25 255
7 37 439
5 50 694
28 34 706
26 46 239
31 4 233
50 51 531
16 44 9
17 10 825
38 18 398
44 9 771
16 21 724
48 23 841
11 18 3
24 0 157
21 10 250
5 3 988
17 16 32
45 37 943
13 2 387
31 18 52
3 29 625
10 36 122
4 0 211
32 9 317
2 32 38
41 29 854
11 27 474
47 13 869
46 0 878
51 44 774
50 46 809
52 12 907
28 21 64
35 10 651
42 28 729
50 16 513
16 6 788
17 19 130
36 37 470
41 17 304
45 21 979
51 28 291
31 47 947
22 43 87
25 13 953
17 30 696
1 32 239
7 0 504
5 9 379
10 16 735
40 33 461
12 23 22
28 24 92
28 47 373
41 23 97
48 47 95
27 46 402
49 21 609
15 6 453
32 12 746
43 46 671
28 0 777
10 13 35
41 27 685
28 49 930
33 35 180
10 32 844
12 11 582
39 19 804
16 48 253
22 40 39
37 35 180
26 7 79
19 37 271
21 12 141
5 26 898
0 48 713
13 2 714
32 15 689
20 40 823
41 51 351
45 34 306
19 16 708
0 15 996
4 22 869
19 36 863
37 1 894
13 50 571
0 48 50
9 39 350
24 47 873
41 30 441
21 42 793
49 36 754
31 29 151
31 48 137
0 52 587
33 51 743
43 46 643
39 44 213
31 3 632
9 21 236
28 46 845
0 51 345
25 13 725
43 24 756
23 14 958
30 49 317
12 11 952
44 11 704
45 31 475
50 51 238
13 19 527
41 32 740
35 37 342
43 46 2
26 10 456
23 49 83
10 52 448
14 8 967
51 27 2
37 51 545
43 22 994
29 44 470
30 3 547
15 46 214
15 33 471
31 14 523
8 39 714
3 20 860
51 32 324
9 6 644
11 10 418
37 0 126
32 0 496
1 17 218
42 25 967
44 32 736
48 49 92
11 0 76
49 29 324
18 32 887
31 15 112
46 1 394
25 2 34
18 16 965
27 5 988
10 18 79
52 4 647
16 4 506
28 29 181
28 20 475
12 33 512
25 3 62
21 0 453
29 52 126
42 15 548
11 16 236
18 28 427
32 36 544
21 12 839
4 12 977
40 0 683
26 17 172
1 8 831
35 52 91
1 10 618
50 31 525
31 43 303
25 44 869
35 23 202
29 14 440
23 39 126
45 20 159
27 26 533
27 17 17
15 0 667
30 16 836
31 34 49
48 36 602
26 0 64
1 18 795
3 14 759
7 4 509
46 2 800
47 13 407
6 30 297
5 42 634
52 4 326
31 5 587
44 29 135
23 5 420
24 18 812
44 7 453
14 51 925
19 45 365
48 42 276
7 0 372
21 5 20
44 32 977
36 12 999
47 29 533
48 14 592
46 34 206
52 0 491
29 7 515
3 29 256
19 2 61
18 1 80
23 35 943
34 21 916
26 12 852
37 1 445
2 42 175
4 38 442
0 41 387
28 14 363
10 19 759
7 32 212
42 28 954
14 10 258
9 26 290
4 11 661
18 33 629
52 42 137
5 47 939
37 23 789
33 5 114
12 0 274
20 15 508
18 51 84
41 42 841
0 44 293
18 36 218
31 38 812
35 29 655
46 17 932
20 12 475
7 27 362
11 6 296
12 17 150
39 16 926
1 2 227
12 52 232
16 5 741
13 11 318
38 3 587
51 45 301
14 24 754
13 21 466
51 37 209
22 45 412
39 28 127
19 11 827
11 41 208
29 40 254
34 1 229
4 39 195
48 52 119
29 32 206
52 39 539
32 20 895
39 2 776
8 18 177
40 27 663
31 32 66
17 38 782
1 15 273
25 18 393
23 46 973
22 23 280
16 6 495
48 44 226
14 27 190
35 12 42
11 22 468
25 15 795
22 14 765
34 50 716
9 8 667
42 44 561
24 46 725
13 30 403
25 2 765
1 43 647
43 2 437
52 36 524
19 21 610
40 30 435
38 44 571
46 21 823
47 49 408
40 9 362
21 20 433
2 6 864
43 47 819
14 41 623
12 32 335
5 3 330
27 52 968
1 22 6
8 47 829
21 5 893
14 7 246
18 33 7
14 42 548
32 33 431
28 49 43
28 1 149
22 40 264
24 8 887
51 50 552
21 5 590
31 52 444
50 29 173
48 18 90
13 52 356
22 50 578
28 31 446
23 18 60
33 1 698
50 45 205
34 20 187
46 32 485
39 37 994
46 0 581
17 45 34
9 32 754
