18 14 492
20 57 332
0 56 544
26 59 298
11 31 89
50 59 170
11 41 198
51 56 23
33 15 724
38 32 741
27 15 221
18 29 333
51 46 342
35 60 635
35 45 256
22 18 607
19 61 935
48 36 811
60 54 384
21 44 547
35 30 251
11 38 324
11 17 877
5 28 498
38 8 483
7 32 738
37 11 685
15 34 977
46 4 936
46 51 628
6 56 632
20 7 886
54 45 618
48 22 653
33 44 373
60 36 448
19 35 79
39 54 438
20 41 430
52 59 887
42 7 686
26 32 820
12 41 543
18 31 620
19 48 338
0 26 404
57 33 204
4 21 822
38 7 267
21 45 527
51 60 824
59 54 882
11 46 712
58 42 619
32 51 274
20 49 357
5 10 297
26 21 912
4 32 899
53 40 200
52 37 977
20 28 420
27 39 372
32 59 504
56 54 56
50 27 404
19 21 883
34 26 919
46 30 902
52 47 159
50 57 140
19 1 827
15 16 903
2 18 202
29 37 56
46 56 188
44 61 464
12 10 588
51 16 880
0 58 546
20 23 568
2 26 895
50 43 987
54 2 416
21 14 44
22 21 648
43 12 269
26 49 554
32 41 565
11 13 76
3 45 328
56 17 507
44 49 709
38 54 315
44 18 520
56 31 13
44 9 928
26 17 246
20 49 490
2 33 156
5 49 754
6 7 468
32 13 732
35 23 177
19 34 520
51 55 738
6 49 109
11 17 83
50 60 12
13 21 336
58 7 954
43 7 192
20 34 713
28 24 984
36 22 74
58 28 457
60 13 425
26 58 161
58 16 535
34 51 669
36 1 919
28 19 417
48 33 458
36 37 508
59 45 581
2 12 88
61 42 122
25 48 436
8 9 123
21 59 897
44 3 704
20 23 193
31 50 993
51 24 603
10 13 306
47 9 254
46 43 275
9 17 166
9 27 706
15 21 129
37 22 551
27 50 537
45 16 611
45 28 323
3 50 460
17 35 47
26 15 808
9 57 325
40 35 378
58 35 977
61 49 416
34 48 294
14 38 234
50 7 358
25 1 417
32 27 234
18 31 401
41 32 320
9 29 104
43 49 758
10 27 981
58 21 928
38 58 627
59 31 335
0 47 515
37 17 560
4 61 540
24 40 128
54 59 260
51 21 137
40 49 931
14 33 986
60 26 603
44 4 138
27 53 438
8 61 119
20 23 469
11 40 433
42 18 167
26 38 935
37 58 484
57 61 526
60 50 178
23 44 124
32 40 489
27 42 354
49 58 210
54 27 434
0 2 477
9 36 190
46 44 951
24 30 78
28 46 203
29 18 879
51 2 94
20 12 536
52 7 708
16 25 352
61 51 549
56 16 428
1 2 960
17 4 647
56 57 714
2 11 843
22 8 29
39 49 737
17 29 927
44 25 183
6 10 38
51 11 409
29 47 12
57 19 492
50 19 283
48 10 627
17 57 770
40 4 586
20 51 504
15 56 895
56 25 79
60 24 303
6 11 228
58 32 56
20 36 226
26 60 610
43 54 32
14 33 540
3 36 797
1 31 538
32 1 864
44 10 5
46 3 986
52 30 878
14 12 890
48 44 174
3 2 76
17 13 759
28 35 545
61 33 809
31 47 668
52 48 248
32 30 502
52 45 660
57 14 244
46 60 638
10 29 163
23 36 764
51 5 651
44 34 243
59 49 44
46 11 217
50 3 109
12 19 853
1 5 420
23 2 122
7 30 135
1 15 50
20 43 955
34 59 734
34 39 335
10 36 220
48 20 357
12 14 663
47 6 128
33 43 10
61 53 11
14 52 904
15 47 764
21 11 409
43 14 647
37 45 489
42 26 179
14 35 795
35 41 883
15 17 972
22 41 216
36 34 938
20 37 223
3 32 291
41 49 830
28 51 72
49 7 473
40 44 536
41 48 823
24 51 901
17 14 237
7 40 98
46 36 476
29 14 239
42 11 885
16 37 968
28 23 744
8 46 855
8 40 818
14 53 981
43 18 447
27 46 405
43 34 105
51 4 783
2 26 532
50 16 771
49 36 185
37 12 956
54 31 415
37 0 311
14 29 737
21 59 659
58 19 892
33 59 583
45 29 775
20 9 588
52 54 113
8 36 221
5 56 428
36 10 980
61 47 423
31 52 532
6 16 460
56 57 552
11 20 713
16 3 87
39 32 297
46 45 924
55 28 691
40 41 685
17 45 48
9 61 295
15 22 529
40 60 619
36 48 412
37 60 447
15 38 383
15 55 926
42 36 239
43 39 228
25 2 832
49 6 91
43 52 304
44 7 2
44 45 952
0 9 725
20 32 110
31 6 856
7 48 380
2 1 810
32 7 187
42 39 863
22 19 369
32 20 659
29 47 900
57 60 632
21 30 866
59 2 966
3 24 861
20 11 446
7 58 82
4 52 194
42 49 419
2 18 404
12 48 577
16 9 750
35 41 274
29 1 147
7 51 3
42 44 439
9 2 397
24 17 476
57 47 603
27 46 60
21 25 644
17 52 366
31 61 455
15 39 111
60 31 424
40 11 763
0 30 868
36 51 131
44 9 217
20 7 631
54 27 589
27 16 566
22 36 881
13 16 544
37 1 317
7 60 518
20 42 542
58 9 83
8 14 586
58 42 849
29 19 784
48 20 541
45 33 180
55 35 587
10 49 150
43 38 215
27 0 882
1 22 32
18 52 599
10 49 983
30 3 86
32 38 70
4 47 429
6 5 431
3 41 86
24 6 477
35 14 753
57 5 895
6 54 78
26 33 973
19 48 61
28 51 492
41 0 251
6 36 925
54 25 994
41 15 57
60 57 848
5 48 865
4 24 188
24 34 39
5 11 420
60 58 686
20 49 700
23 18 877
10 16 235
49 24 869
25 38 729
7 55 885
19 34 355
28 27 426
17 59 829
0 38 565
54 27 544
60 59 90
31 59 187
45 26 495
28 47 546
4 33 382
60 35 638
55 12 878
57 17 42
59 16 624
13 54 612
31 1 637
1 42 444
5 49 384
13 60 769
38 55 309
51 26 319
44 38 425
40 20 48
54 51 979
56 16 376
47 6 374
57 22 52
6 9 756
34 31 469
41 13 980
57 54 188
18 40 134
29 36 382
28 22 860
6 0 324
45 58 356
30 59 935
29 50 823
47 17 96
24 37 870
49 7 185
50 24 621
36 6 147
3 56 923
56 45 806
17 57 306
43 59 638
52 5 52
15 28 35
0 56 39
37 34 603
40 38 414
28 21 504
38 39 530
3 4 96
17 11 899
52 50 565
10 35 689
31 11 457
60 21 86
42 2 861
51 38 514
2 53 254
32 57 10
37 22 293
57 35 183
25 23 908
45 20 766
52 33 382
11 45 9
48 55 759
11 8 359
50 31 40
34 59 322
51 41 307
59 31 98
42 50 849
9 26 162
29 11 16
52 7 519
3 9 562
26 36 93
51 35 538
53 20 333
35 30 890
23 2 99
30 14 356
25 43 399
13 52 881
9 3 100
28 24 42
14 9 200
21 34 649
13 34 436
41 53 424
53 2 194
30 49 259
11 36 67
28 6 566
19 49 788
48 53 917
34 48 204
34 52 253
56 53 825
15 46 94
54 9 654
36 30 208
30 25 916
13 48 707
41 8 551
9 36 624
28 58 89
49 14 698
49 45 500
31 29 844
32 57 55
47 27 617
40 43 718
42 10 941
49 45 313
20 51 522
36 56 248
19 50 315
3 53 204
13 48 173
57 11 676
11 19 79
34 10 514
58 50 794
1 41 947
41 24 156
6 12 716
4 10 585
31 45 196
47 42 947
42 54 126
23 15 393
15 40 196
12 25 212
44 11 667
43 51 377
57 12 868
25 1 379
44 30 593
52 1 550
12 52 249
43 60 941
48 55 584
57 13 914
52 43 765
25 42 392
5 46 404
25 8 437
39 60 12
25 41 361
31 54 945
58 60 732
41 35 185
58 8 366
9 37 390
57 34 474
54 22 408
11 21 775
5 4 153
19 16 935
34 18 757
25 13 554
0 33 521
5 61 940
22 36 657
48 19 675
41 50 563
12 18 552
27 38 173
46 47 557
52 61 516
46 45 122
16 5 328
51 46 673
24 5 597
26 40 651
51 39 492
44 23 617
8 41 356
61 48 463
48 11 237
60 29 193
24 43 422
47 57 200
49 14 337
58 59 433
10 7 521
33 13 520
53 25 316
27 25 906
45 30 360
61 17 882
49 4 267
11 8 205
44 9 136
23 9 52
11 39 369
58 38 2
23 30 687
55 40 874
15 5 23
1 36 922
24 27 860
8 21 697
52 51 356
43 2 243
54 15 833
43 33 887
55 34 29
4 37 515
10 57 248
31 23 572
47 28 241
33 34 62
30 58 138
38 54 170
32 33 573
29 25 58
13 2 840
6 7 128
6 27 225
33 61 685
55 40 559
12 48 250
36 17 581
60 10 824
47 16 136
51 17 466
15 48 594
47 53 728
47 10 168
35 16 699
58 32 877
11 53 920
26 36 997
15 9 170
48 56 479
26 60 924
28 50 660
15 6 646
25 24 2
30 21 804
49 2 380
22 21 922
30 17 354
57 47 57
46 14 248
5 43 304
45 59 219
39 34 170
42 10 191
27 42 372
28 22 82
45 17 231
22 14 691
40 0 817
39 3 421
37 34 207
42 60 705
52 18 129
58 35 957
0 23 846
32 17 931
41 1 843
2 14 925
35 20 503
61 60 123
54 30 343
50 51 218
57 1 376
26 48 584
11 57 402
38 40 952
12 61 601
29 37 213
9 3 957
30 11 752
32 52 659
38 13 908
11 52 439
57 22 259
61 51 29
24 49 733
45 48 223
50 26 39
37 60 935
32 53 1
29 46 526
50 47 556
22 46 696
11 24 178
55 36 397
4 13 513
59 22 766
31 57 588
25 58 849
17 45 976
20 31 543
33 34 951
42 43 954
39 14 247
39 28 953
14 28 402
57 42 343
30 53 713
28 0 681
32 5 833
20 28 502
24 12 671
31 56 69
36 6 75
26 15 598
60 39 548
54 46 99
11 42 653
44 23 846
42 7 992
51 15 577
49 25 265
0 24 128
5 43 959
8 57 481
38 58 857
48 11 749
53 2 131
3 23 423
35 38 356
50 57 166
14 10 444
9 15 57
20 52 323
50 17 789
0 2 208
61 21 155
27 44 677
37 21 222
6 58 806
54 13 189
43 34 822
33 17 997
42 16 621
55 6 875
24 40 558
31 30 61
37 52 42
14 13 1000
55 26 390
15 18 42
18 30 87
35 39 71
39 30 580
7 37 964
41 29 255
43 53 967
1 2 471
33 25 65
43 47 820
24 30 471
51 55 500
54 43 870
29 13 866
38 51 421
16 19 803
34 17 166
36 37 582
9 58 585
44 57 331
49 7 142
40 19 907
29 58 15
60 28 914
14 60 509
12 45 582
5 56 933
41 42 808
8 1 957
57 20 149
11 50 247
12 41 170
36 20 213
53 54 128
18 52 244
35 44 882
15 9 467
59 9 238
18 33 664
3 50 815
18 31 445
9 23 351
47 21 25
14 59 571
45 19 152
29 8 249
34 37 218
22 30 473
26 2 869
44 19 489
56 46 24
10 49 187
58 60 422
13 0 95
53 19 624
23 39 690
1 18 477
37 48 196
34 0 390
29 9 937
6 53 582
58 53 753
43 8 923
48 9 391
9 44 254
14 35 21
41 42 285
29 37 704
27 61 578
40 44 183
27 60 610
3 7 194
16 49 227
51 35 172
7 50 676
61 47 573
22 61 938
25 51 56
29 2 199
32 52 170
2 53 938
55 52 188
1 18 821
21 40 751
47 10 611
46 0 990
28 7 852
28 43 163
38 59 391
56 44 82
53 46 366
48 4 312
57 40 725
53 28 407
3 6 229
37 7 533
38 37 624
21 33 525
12 1 859
35 26 323
28 39 706
57 22 586
21 61 642
49 43 396
43 1 666
8 19 7
12 34 654
29 46 93
17 36 563
22 40 580
57 9 193
19 47 133
12 19 652
8 13 126
56 43 418
28 48 23
45 8 726
17 32 354
8 12 745
16 51 859
59 40 389
3 43 633
20 24 91
14 34 592
5 29 789
37 35 500
24 30 229
25 48 326
31 43 656
3 11 122
53 32 656
41 43 175
12 43 267
27 0 237
15 46 217
40 47 502
60 57 826
29 52 652
7 32 387
21 30 391
46 37 334
22 51 497
61 58 738
36 40 493
46 58 922
40 39 171
30 56 606
33 43 83
38 13 700
45 53 326
28 18 657
45 37 449
52 30 654
39 11 79
14 27 182
43 28 648
44 17 817
41 3 404
53 59 399
43 50 624
4 11 979
54 34 169
19 22 810
16 34 806
6 47 830
18 29 174
29 45 385
0 49 459
39 38 116
38 57 558
24 30 646
39 22 587
21 53 572
34 8 60
61 31 447
34 10 207
25 49 618
34 17 194
7 2 297
36 8 987
8 0 501
22 7 645
28 31 700
7 10 400
