27 4 437
28 0 730
6 10 409
5 11 509
19 22 706
25 15 850
12 23 940
0 8 897
1 22 42
5 17 210
3 9 309
3 26 641
16 28 736
5 19 412
11 15 390
22 16 615
13 11 540
25 7 705
10 19 543
4 0 40
15 25 664
15 1 498
23 27 889
22 3 314
26 9 661
3 18 722
10 17 553
3 2 276
22 26 640
9 19 978
7 27 457
23 1 83
5 18 582
15 0 594
25 8 545
9 18 380
24 17 280
2 17 584
6 17 140
14 18 267
5 16 996
10 2 892
5 0 975
27 0 120
13 28 186
20 24 91
1 15 176
19 17 715
23 1 162
11 0 593
11 8 392
22 11 39
5 13 89
13 2 694
8 23 692
1 8 406
26 2 874
16 10 622
25 26 827
10 22 1000
28 18 978
27 22 8
6 28 631
25 27 198
21 19 623
20 2 713
9 14 142
2 19 274
14 1 368
19 12 558
16 5 382
23 7 183
6 17 498
24 26 988
10 5 693
6 17 90
26 6 459
12 2 767
10 6 704
5 10 781
8 6 59
16 17 561
6 16 163
7 4 998
11 19 592
0 4 910
6 14 641
1 18 558
22 13 110
14 16 549
2 19 929
19 9 76
16 27 168
3 14 584
0 24 723
6 18 223
24 21 111
10 2 116
3 12 799
28 22 522
15 26 661
26 9 92
13 6 609
25 11 435
16 3 766
1 6 55
12 5 779
13 15 613
5 22 531
14 24 793
16 23 414
1 20 812
6 7 867
4 3 111
4 8 310
14 9 191
7 16 407
9 21 268
14 3 177
19 21 424
0 28 65
7 24 223
16 20 164
28 9 312
3 15 162
3 15 207
15 2 67
21 17 939
2 9 723
27 4 751
0 22 385
11 17 546
20 0 303
21 23 718
25 21 227
9 8 383
20 26 260
23 27 422
1 6 469
20 7 973
7 0 818
17 11 694
7 26 611
17 27 750
0 15 97
20 24 135
9 13 414
10 25 660
28 18 544
11 27 634
19 3 297
28 14 728
21 11 35
2 23 35
16 4 668
25 15 379
9 24 128
22 10 644
8 5 384
11 12 420
20 17 514
11 10 246
15 27 758
23 3 181
6 4 375
5 27 428
4 0 724
25 8 125
17 2 311
27 0 273
21 28 79
22 25 885
17 20 494
28 0 723
23 5 223
11 4 103
12 13 865
17 9 57
28 0 597
2 27 202
2 11 923
18 26 7
14 24 900
19 5 474
23 7 518
16 28 977
7 0 29
1 22 495
12 17 294
24 9 405
15 16 198
27 0 387
21 10 277
6 5 512
24 16 258
27 28 557
6 10 648
17 9 914
9 5 458
4 8 271
25 13 31
2 20 298
0 15 42
18 25 201
1 27 68
17 4 886
1 12 109
16 1 520
19 18 830
20 0 554
26 9 332
6 22 102
27 15 246
18 11 96
21 6 511
20 13 715
9 6 6
22 11 518
