5 67 821
7 5 195
16 44 471
23 9 499
52 54 756
73 69 9
70 71 172
53 77 619
82 49 862
14 59 402
3 5 783
39 34 198
62 35 585
28 38 599
7 39 141
21 27 937
25 58 332
58 14 770
65 12 929
66 72 215
24 33 634
52 38 221
26 16 333
77 12 483
26 78 208
36 6 407
8 76 671
30 42 863
65 18 863
38 19 520
38 16 437
36 38 453
13 45 127
17 80 637
79 2 311
36 73 620
14 29 506
6 72 455
13 14 24
21 25 315
24 32 970
38 5 173
29 66 256
83 72 209
17 9 863
77 50 218
29 57 185
43 7 598
59 40 16
69 20 937
5 49 845
48 76 810
66 24 932
58 80 227
39 13 744
59 1 484
49 2 396
67 30 331
42 6 79
37 24 302
73 2 192
74 57 977
3 42 989
81 24 684
0 30 556
69 51 19
27 7 358
66 4 20
81 32 839
56 11 617
68 41 482
47 7 439
28 4 527
3 58 671
51 21 439
11 57 39
61 18 250
49 36 900
11 31 236
57 6 530
77 7 868
73 25 137
29 68 6
76 81 259
29 7 506
46 24 485
11 49 57
64 47 791
68 78 160
33 71 533
51 41 68
40 46 877
24 76 677
46 72 456
28 17 9
4 49 896
76 10 208
67 20 624
17 62 520
39 38 496
42 0 957
37 62 917
76 60 79
35 68 621
28 7 841
50 47 115
25 46 49
13 75 723
77 79 551
0 26 827
4 47 176
40 42 321
43 75 93
36 8 502
51 63 304
10 0 884
15 83 624
15 42 214
17 7 258
21 78 818
9 11 168
15 74 670
29 47 817
80 52 393
49 7 248
47 32 202
0 2 804
78 39 942
47 49 29
55 61 521
55 44 417
81 28 474
72 17 985
2 30 326
0 36 979
60 57 400
50 71 285
5 60 133
6 29 688
71 57 97
31 36 192
58 67 410
12 51 738
19 32 657
5 80 887
60 50 629
20 31 671
14 24 843
41 31 649
14 78 122
42 64 895
25 54 263
26 79 327
63 75 364
65 25 122
22 59 877
33 20 158
44 65 889
0 16 659
46 17 650
28 15 18
77 11 609
34 1 830
54 22 512
5 46 695
34 38 807
56 68 913
6 80 659
21 22 414
38 28 762
64 54 330
35 80 918
65 28 730
47 63 829
8 70 709
19 0 332
24 10 325
24 27 194
12 80 872
20 34 699
54 1 35
52 9 820
69 79 789
69 75 259
74 15 473
16 54 643
59 63 555
12 27 318
48 14 91
27 39 795
42 15 154
72 54 72
79 49 1000
82 53 5
42 57 393
72 63 669
42 20 323
47 50 446
53 45 382
35 50 299
61 43 344
41 60 77
30 28 994
10 54 581
7 71 577
2 19 496
59 52 78
51 18 527
18 33 235
81 38 344
47 50 278
16 81 729
76 13 336
26 21 90
11 52 632
8 77 290
33 7 275
63 46 718
63 29 673
20 82 198
42 14 347
10 18 50
50 23 916
18 68 907
4 29 421
49 48 216
55 75 227
55 53 275
82 44 992
78 69 99
37 25 509
14 67 351
22 63 869
8 63 672
52 51 270
11 53 972
43 48 957
53 78 315
6 28 17
34 1 10
57 29 415
64 6 730
4 47 219
9 74 693
44 1 840
0 50 175
19 39 900
16 71 584
64 51 43
48 81 658
50 53 841
83 46 499
11 13 843
11 70 328
81 30 750
69 68 993
36 79 652
48 18 165
9 21 456
62 9 240
36 60 624
42 2 901
78 63 553
18 68 861
75 25 182
47 63 593
82 51 835
73 17 948
9 52 134
31 33 769
19 12 103
36 0 881
74 56 840
8 75 790
59 16 887
47 46 774
13 70 610
61 66 170
29 75 71
68 51 882
80 48 529
24 26 86
68 67 531
55 15 881
74 2 991
49 74 934
28 19 409
71 35 254
74 69 4
24 40 20
65 50 878
49 32 243
24 30 664
79 64 575
48 36 821
65 58 825
69 39 548
30 34 703
73 9 4
43 23 104
67 50 353
36 0 766
67 78 961
72 74 260
73 67 345
83 58 902
23 5 618
50 39 554
61 27 531
56 5 858
45 39 441
4 15 910
32 44 906
73 2 548
21 25 157
76 41 523
43 71 533
16 52 898
29 45 949
24 23 622
11 57 754
49 38 300
11 14 80
64 66 911
39 50 116
63 19 157
65 4 592
34 42 365
78 40 156
20 56 420
83 73 828
26 75 685
53 8 932
56 67 967
66 54 339
66 28 191
64 43 215
25 82 636
56 59 286
11 78 510
44 69 661
53 11 670
27 53 335
10 53 986
61 75 939
40 64 23
57 27 973
17 42 403
9 42 287
68 43 831
78 10 873
57 2 940
68 24 386
35 59 480
81 30 481
42 72 33
80 47 527
20 67 132
83 66 563
39 6 183
21 49 128
15 28 93
18 60 174
72 37 591
70 44 553
7 42 624
77 47 347
17 42 207
0 63 381
54 32 286
69 47 776
29 58 133
5 70 364
80 56 247
59 83 900
48 21 305
25 18 966
68 50 621
78 17 973
31 36 326
16 1 586
81 69 209
1 54 655
70 58 500
27 81 576
69 52 589
53 0 239
51 53 453
72 31 366
41 4 103
61 43 773
6 78 58
46 64 430
13 51 166
79 49 816
65 34 770
71 20 173
73 13 987
59 14 186
63 36 838
41 60 551
57 27 846
67 43 884
24 43 868
32 35 342
57 4 667
58 2 252
48 61 167
78 28 74
55 28 496
82 7 699
13 2 983
53 50 834
71 16 301
5 38 203
27 65 778
61 4 121
16 21 864
61 6 741
20 53 534
66 52 949
58 42 211
55 71 504
60 76 690
61 12 738
66 36 115
10 80 13
48 52 664
58 35 624
32 57 569
11 41 307
50 37 65
57 68 940
8 13 160
81 38 974
25 30 627
32 8 62
19 28 220
61 55 461
27 67 711
37 19 211
59 49 83
82 33 353
25 42 1
10 78 696
62 13 744
78 61 717
12 21 208
82 79 749
57 14 52
23 18 717
49 73 884
0 31 744
69 46 459
69 67 523
78 82 479
50 61 352
20 35 167
17 71 598
10 0 332
36 48 468
71 76 926
45 78 840
11 41 652
31 3 528
62 31 679
36 78 116
81 24 616
44 25 164
29 81 915
41 83 730
45 19 48
62 25 985
51 48 479
24 9 720
20 37 1
81 71 424
22 52 342
62 78 150
70 8 300
42 73 569
60 58 620
39 52 676
39 73 603
13 77 349
25 6 318
26 21 619
73 41 822
29 31 89
18 47 293
8 50 878
37 40 892
7 81 824
26 2 746
77 11 652
12 25 869
73 42 611
46 64 556
32 44 396
70 58 779
37 36 728
6 20 405
10 38 28
40 63 480
7 38 844
71 53 915
67 61 911
39 70 2
15 22 526
39 40 314
21 46 498
62 13 923
41 68 578
63 15 320
82 62 499
77 4 438
44 80 55
62 63 529
41 25 942
37 32 675
54 22 790
11 72 650
29 0 524
67 77 83
75 28 655
38 35 745
19 25 89
45 49 758
71 17 897
79 56 873
49 73 433
60 44 113
22 29 22
54 62 533
43 49 351
83 81 701
55 50 145
35 40 675
82 3 75
6 61 809
61 12 336
42 59 909
21 26 932
67 81 559
70 3 383
5 29 986
59 12 792
36 20 278
50 75 709
68 16 357
62 47 950
17 61 881
50 17 275
37 22 366
33 75 760
3 64 945
74 44 514
64 63 983
15 79 115
26 27 891
57 36 591
83 19 49
15 82 384
62 16 895
83 81 18
2 74 930
35 54 942
31 28 687
69 54 318
1 57 462
34 54 735
73 53 649
72 20 74
57 45 232
46 50 415
60 50 602
70 13 885
48 66 387
73 42 124
29 12 217
48 61 112
74 11 121
0 11 648
71 22 324
68 80 365
49 82 263
0 58 410
10 2 74
46 5 597
68 72 636
62 72 731
54 15 182
73 76 183
72 50 236
20 66 789
23 31 483
44 83 484
20 54 189
73 71 814
8 33 225
76 2 439
36 8 749
2 63 147
82 28 796
37 34 466
65 5 838
65 59 184
83 67 620
13 32 819
64 46 232
15 71 476
69 49 582
65 63 740
68 83 113
28 7 978
66 50 525
39 32 513
9 72 11
67 19 907
53 15 349
6 74 45
64 9 90
1 18 743
71 76 37
21 41 813
41 9 361
78 59 3
67 28 24
2 8 917
73 9 664
3 32 725
72 38 919
82 64 977
45 59 853
67 16 371
6 51 390
82 36 836
43 14 516
39 31 858
61 46 696
34 79 372
56 33 772
45 11 403
42 14 753
71 73 133
42 60 119
34 2 593
2 23 535
79 19 892
82 63 237
9 39 982
69 36 573
76 53 460
71 49 742
25 3 739
32 13 509
25 46 589
81 10 51
15 46 654
44 60 272
78 59 570
16 74 512
63 43 647
75 78 773
12 80 368
47 73 648
20 49 772
61 49 898
32 76 979
66 1 789
16 19 75
24 9 995
29 80 789
66 18 211
43 75 670
24 43 709
4 24 656
1 64 32
25 39 865
39 30 711
25 42 2
62 60 649
26 81 791
81 41 973
69 56 535
9 21 180
50 66 827
73 12 562
46 1 674
51 27 406
17 50 699
40 38 904
79 76 413
2 21 17
48 82 655
18 47 358
44 5 183
68 76 644
51 83 537
14 71 694
7 45 301
35 4 879
63 31 765
42 39 416
78 76 185
56 50 505
37 71 120
37 45 128
13 10 111
5 73 871
82 20 517
22 71 664
48 12 30
10 2 948
34 38 650
82 37 635
57 58 243
27 68 208
7 54 515
34 51 278
23 30 872
61 37 118
2 12 333
59 19 516
74 27 595
54 19 70
80 35 883
19 28 830
8 0 43
23 6 124
79 57 358
30 52 700
31 18 445
73 77 740
65 55 709
21 19 844
58 46 693
60 53 106
8 65 181
67 12 828
34 49 111
28 50 26
28 3 26
50 30 647
80 38 852
2 15 744
57 77 732
36 33 441
63 7 922
16 74 981
68 81 726
7 56 344
12 3 220
77 48 328
20 19 400
38 58 216
4 76 201
80 34 420
67 0 381
24 21 986
15 68 479
3 64 460
36 56 735
76 22 713
51 30 543
16 20 248
49 31 551
27 15 217
4 52 868
72 35 10
2 27 545
6 19 887
14 47 21
68 40 586
72 1 316
50 8 6
81 4 609
50 37 979
19 6 936
22 24 724
1 39 410
76 71 784
10 45 353
41 6 9
30 46 298
32 36 926
53 23 769
37 32 56
43 59 209
81 24 119
30 62 370
44 33 365
66 70 536
61 29 992
50 55 561
10 13 33
53 74 15
33 23 56
52 39 678
11 46 662
72 83 203
5 48 974
44 69 369
40 15 267
62 26 635
13 38 30
53 11 575
64 55 300
72 41 921
65 26 880
48 46 18
70 59 664
53 18 821
68 4 508
61 47 424
62 8 871
4 68 589
54 72 302
36 33 666
24 49 632
39 33 336
32 65 202
33 9 342
55 10 747
20 2 674
46 3 668
78 74 791
38 34 9
51 7 521
27 12 888
9 31 920
70 75 436
34 23 13
79 15 625
34 78 703
38 83 189
15 73 918
22 48 512
36 23 71
11 44 954
52 14 327
37 43 290
12 16 711
81 72 901
57 4 517
64 54 69
8 30 929
52 72 767
32 71 378
2 12 397
24 22 796
74 54 793
58 2 396
29 19 526
15 5 1000
20 49 252
42 52 213
72 66 419
48 1 299
6 22 521
58 14 564
9 6 455
78 44 594
7 19 487
66 65 631
56 62 154
43 28 185
14 21 123
79 30 157
48 26 791
28 4 646
13 43 368
77 51 320
23 21 986
6 39 275
6 46 296
75 27 122
3 62 529
82 13 664
80 79 548
55 39 473
71 64 602
24 53 895
2 74 700
74 72 787
36 62 201
27 44 74
9 42 774
68 37 694
11 26 295
53 61 868
69 29 283
47 29 223
51 58 896
60 64 993
6 24 589
42 78 228
55 66 651
69 5 595
66 40 836
13 60 608
70 67 676
17 33 932
47 16 999
52 21 819
21 55 255
15 36 786
66 67 744
65 66 36
15 46 155
4 11 219
71 81 471
14 62 404
40 78 31
2 77 158
12 58 937
40 12 144
58 72 306
51 29 347
77 47 673
66 50 802
21 19 258
9 30 767
50 22 555
54 73 817
73 65 10
19 50 924
9 36 136
58 51 846
1 31 254
71 78 79
80 22 844
31 33 494
60 53 505
13 18 204
20 68 101
68 23 812
17 69 221
69 45 530
23 63 111
44 58 273
24 40 323
58 78 535
61 68 881
70 47 96
18 37 764
76 25 813
68 11 970
21 1 455
23 67 264
42 2 549
9 47 174
23 42 9
28 12 701
1 53 336
68 73 699
8 47 401
0 42 797
53 62 656
43 33 234
48 22 800
48 55 764
17 52 230
3 61 91
62 10 263
32 24 540
30 26 797
23 28 904
69 35 64
69 83 504
69 74 628
34 66 92
33 63 902
63 18 834
5 46 386
56 46 145
78 25 829
70 77 41
17 32 987
56 58 901
73 40 763
23 5 387
79 33 151
21 27 896
3 56 477
38 15 650
14 11 554
0 73 404
83 65 807
12 16 518
2 1 30
30 29 328
61 49 339
13 46 391
12 60 461
55 78 601
58 57 298
27 80 517
14 44 315
11 19 615
32 72 919
83 35 983
77 83 449
40 74 817
33 61 360
65 24 140
54 70 125
77 19 773
19 63 168
53 7 962
20 47 606
39 67 735
43 83 423
47 1 393
68 56 492
55 68 956
55 13 403
12 51 114
68 55 300
0 59 915
20 67 239
55 60 545
81 6 842
17 29 400
81 63 793
59 61 436
59 69 512
75 20 373
66 16 530
60 68 647
39 79 323
22 68 294
48 36 997
23 53 422
28 78 189
18 10 409
37 5 250
61 57 175
44 19 709
58 56 623
49 71 884
44 61 546
11 10 507
43 28 787
27 23 662
77 61 694
5 11 857
70 17 893
71 6 301
50 19 584
80 27 436
61 3 843
70 20 806
30 14 106
24 58 537
46 64 420
48 28 911
0 66 758
47 9 786
19 18 185
50 28 131
8 9 175
51 63 408
80 32 305
83 58 903
50 26 836
69 74 531
29 75 205
47 60 287
74 81 80
52 20 662
32 20 601
28 62 478
25 69 472
29 25 347
20 48 951
3 64 352
39 77 359
60 32 804
83 32 16
20 15 314
27 64 550
29 71 585
18 39 234
61 71 90
57 29 711
7 4 503
78 64 123
76 17 665
35 58 401
38 7 441
14 20 419
72 5 77
47 18 662
33 49 304
6 31 248
74 82 825
21 23 103
45 83 631
69 53 147
83 55 715
79 20 856
74 37 631
45 8 656
82 71 656
59 68 919
0 42 908
54 25 884
45 42 351
83 12 32
53 23 411
29 57 464
70 28 49
64 20 509
74 20 985
6 2 778
82 55 441
74 30 344
72 43 745
20 83 931
39 51 852
36 15 530
66 38 9
7 48 107
14 6 743
58 52 773
72 0 257
19 78 730
5 73 841
70 32 861
51 31 706
49 56 928
36 83 380
40 43 541
80 37 815
47 35 341
73 34 108
5 75 997
75 4 267
56 8 475
50 40 267
83 39 786
70 2 671
3 37 959
19 5 408
48 59 949
18 10 790
4 34 584
2 17 948
2 10 12
19 45 143
30 34 990
13 18 439
72 39 535
7 56 590
12 29 956
22 40 732
65 42 523
81 1 687
71 49 473
37 36 783
41 51 386
25 82 136
77 73 585
82 27 679
81 39 667
11 2 698
59 1 922
54 35 277
41 18 821
38 9 948
45 14 953
5 2 656
57 77 239
54 8 389
63 42 490
26 79 828
9 20 219
57 69 212
13 68 927
19 18 254
34 24 624
80 28 950
75 38 24
38 48 166
47 36 477
34 65 986
19 31 897
50 35 840
37 46 227
23 71 620
29 71 491
4 61 79
15 26 235
76 60 989
49 34 969
3 56 24
5 54 719
77 59 116
33 22 763
59 10 688
78 25 428
68 11 316
21 22 952
72 3 466
14 22 916
49 57 489
34 49 829
76 55 120
43 28 170
47 80 951
27 39 699
26 82 157
53 32 30
51 22 209
72 3 933
15 27 636
45 19 48
15 71 251
15 40 375
76 29 415
6 11 272
79 47 181
21 62 298
61 62 222
51 29 740
64 24 533
49 2 141
45 58 91
45 6 747
37 33 632
56 34 566
82 63 328
28 71 398
67 27 477
19 41 414
40 67 645
70 54 485
16 29 798
19 34 828
58 43 97
20 18 519
8 4 940
19 11 344
38 80 779
82 58 803
25 78 925
28 45 912
35 82 141
78 35 531
82 76 268
0 63 96
64 55 109
44 53 584
60 51 654
56 80 867
24 69 752
13 41 656
37 31 181
21 6 231
32 60 932
69 30 620
0 19 379
80 21 381
22 31 401
72 69 926
9 44 741
37 2 207
24 59 397
17 1 703
70 29 993
32 1 266
73 1 458
42 31 501
40 57 477
66 17 131
17 33 574
40 31 787
46 80 342
64 47 959
62 76 293
71 70 75
55 29 738
17 61 10
32 40 998
23 65 358
66 17 626
26 59 146
73 0 944
5 26 844
54 53 8
25 81 829
38 2 295
20 46 486
64 49 633
82 51 270
59 40 624
13 10 776
0 64 79
74 29 749
66 50 894
42 43 292
32 68 781
9 58 60
47 51 416
56 39 241
59 11 288
62 24 15
79 12 800
80 57 82
36 21 839
8 75 580
32 27 881
79 77 915
78 50 31
40 80 185
18 25 21
42 33 46
6 20 574
54 77 211
32 53 858
4 0 99
65 57 873
61 23 58
57 73 920
24 22 165
49 31 557
22 24 842
29 7 648
43 55 569
14 49 679
26 15 182
67 62 451
39 17 769
12 26 784
75 4 614
54 79 174
59 69 655
4 13 64
37 73 896
74 46 422
46 14 916
78 40 589
14 60 835
25 10 293
31 59 872
59 22 209
0 28 503
70 53 736
10 31 908
3 45 118
25 15 705
33 78 963
5 74 498
21 13 838
21 9 251
17 53 467
43 22 813
18 2 36
3 83 576
8 72 566
75 80 892
16 80 97
5 79 125
74 52 234
62 54 203
13 72 59
5 25 124
65 63 312
73 46 530
13 29 1
41 83 835
24 50 780
53 5 766
1 37 940
65 21 458
38 24 108
29 78 21
33 39 146
65 31 42
13 73 329
23 29 236
6 30 773
26 33 321
25 13 358
53 57 468
5 35 347
41 11 778
64 9 179
42 10 459
3 53 81
6 9 883
17 19 245
28 4 806
78 69 73
63 13 391
45 14 293
47 29 732
29 53 277
48 80 10
28 25 971
56 82 678
8 25 119
48 3 459
81 1 30
35 70 490
83 61 95
27 12 483
17 43 258
7 19 583
14 63 824
71 68 781
71 44 62
41 45 185
30 53 432
77 19 735
51 56 167
30 73 558
74 36 762
17 11 830
76 41 350
17 39 809
81 68 457
42 23 894
62 17 505
30 16 171
72 23 667
48 42 822
69 28 434
4 60 857
0 45 992
44 40 611
56 12 530
40 72 968
15 66 150
57 76 644
47 55 416
26 9 69
47 23 283
64 31 852
68 74 875
0 25 521
80 63 726
22 4 404
0 76 265
75 10 353
79 53 930
52 33 7
47 34 995
22 49 987
45 36 856
29 39 288
1 59 886
35 64 100
63 79 992
8 7 542
45 72 719
49 12 774
54 20 636
40 10 496
65 53 115
55 11 895
6 72 105
35 26 420
83 43 202
23 33 836
12 83 43
39 82 90
68 75 606
39 6 876
42 55 812
33 35 799
6 65 725
49 73 344
0 15 752
30 1 620
59 13 63
66 41 15
54 47 936
44 43 196
61 82 549
8 42 896
48 50 706
9 47 965
77 36 256
78 9 937
21 63 921
27 10 871
21 41 843
78 56 820
36 42 15
67 7 105
46 50 717
74 52 848
64 3 132
28 23 97
27 0 654
71 81 213
48 10 921
12 34 338
20 25 156
61 10 673
80 41 317
22 72 400
47 4 897
61 43 631
55 22 299
3 23 512
65 44 764
54 4 815
14 46 798
32 45 556
37 14 922
69 31 968
8 48 299
65 2 122
74 38 832
24 66 338
32 3 50
52 12 236
22 1 335
11 75 864
37 78 184
81 19 291
0 30 548
78 28 450
62 61 300
45 21 502
7 6 714
75 63 751
71 77 235
27 7 215
4 66 741
50 60 210
23 50 603
62 22 445
7 54 629
60 66 875
51 45 385
65 53 340
78 9 452
23 5 62
59 38 896
6 82 769
31 25 37
79 21 568
65 4 679
58 0 802
4 17 91
2 47 189
4 19 884
74 65 683
17 10 513
51 61 686
67 3 11
54 14 820
6 70 28
46 72 320
7 50 870
67 41 974
2 25 587
7 76 944
5 29 671
43 45 133
52 78 575
8 75 297
81 17 673
1 9 328
46 45 492
74 31 807
5 36 64
49 31 93
37 39 363
25 82 230
6 15 249
70 4 232
28 27 810
77 36 436
39 7 378
66 45 73
0 78 508
28 83 832
36 41 347
73 5 721
82 48 892
56 19 213
51 23 223
31 82 646
25 64 106
31 52 316
7 4 106
3 18 4
69 15 633
76 20 331
58 72 59
41 8 989
0 24 477
5 82 271
78 76 162
21 45 878
68 42 725
54 83 766
27 18 654
26 76 344
38 4 648
53 3 944
26 9 266
73 59 871
52 49 801
32 57 811
40 15 175
75 64 771
68 55 222
54 20 504
41 29 268
72 81 490
63 25 290
6 38 543
60 82 298
66 36 358
68 78 627
69 30 347
11 81 4
71 70 768
53 40 198
58 72 467
71 10 572
79 25 992
52 29 39
69 32 853
78 80 440
58 10 144
31 64 574
18 1 584
74 9 475
45 37 52
51 25 43
57 67 342
58 49 943
39 74 256
39 72 802
48 64 578
13 64 63
0 2 31
25 7 931
40 45 717
34 12 747
66 2 891
43 15 9
79 77 504
75 12 253
76 59 710
34 32 139
30 7 350
34 20 672
37 41 732
63 6 231
7 8 401
82 69 463
57 27 179
27 18 387
52 21 223
51 8 946
35 22 336
22 5 782
48 79 791
64 20 557
43 62 67
80 78 99
45 24 200
17 18 361
34 26 695
72 69 802
82 10 669
25 39 968
63 71 918
21 43 646
80 25 748
21 15 763
67 77 225
51 12 846
61 72 289
40 53 21
57 50 949
44 17 731
21 64 209
72 54 941
41 0 587
9 4 336
67 82 438
66 63 810
66 5 790
51 36 5
73 3 370
75 46 521
51 25 771
56 28 86
12 23 844
35 28 505
52 34 276
51 37 794
40 62 450
9 65 629
51 76 120
19 78 429
51 62 605
79 19 960
46 3 198
0 55 772
62 77 678
45 10 307
21 28 129
62 58 594
61 14 567
41 15 259
64 37 910
10 34 172
6 42 107
59 62 333
57 82 709
2 25 887
6 25 321
82 79 188
15 81 737
74 67 548
51 66 720
48 13 426
82 64 655
11 9 90
36 29 208
4 32 843
29 44 465
20 28 985
7 25 685
50 48 608
1 41 229
28 13 519
51 43 41
78 15 204
53 82 705
66 40 901
15 32 785
56 33 335
65 34 974
58 79 643
3 58 925
68 36 587
62 10 692
76 49 548
7 2 236
21 80 714
7 83 597
66 4 95
69 23 148
26 65 394
60 81 456
83 20 169
30 22 270
66 69 918
15 82 338
28 20 682
62 30 106
29 12 481
55 69 424
9 36 811
71 3 454
27 29 129
33 77 16
71 45 18
62 37 937
52 42 118
51 74 46
8 30 155
25 77 10
25 65 734
18 45 152
51 59 422
56 27 304
9 41 172
52 18 843
14 63 224
72 29 144
82 58 62
27 26 331
7 0 64
59 26 463
12 10 250
46 82 75
57 43 114
37 5 68
36 2 380
9 54 602
36 61 785
66 3 487
59 66 709
68 74 516
