1 56 609
55 54 203
16 0 785
42 50 981
1 19 793
5 42 81
54 15 150
26 53 873
34 56 308
42 8 904
24 26 976
26 48 778
32 45 544
25 53 678
29 19 142
9 12 181
32 16 566
40 46 740
13 26 448
5 22 936
15 20 469
53 17 419
3 1 435
28 23 525
9 43 238
38 19 387
11 34 276
16 9 630
37 51 929
38 1 92
10 56 572
13 16 195
56 32 323
33 18 635
17 50 404
27 52 701
39 18 443
40 1 790
35 7 127
38 19 649
41 39 374
16 30 172
0 34 831
56 1 939
0 2 498
1 46 338
39 44 932
16 50 678
24 54 806
48 42 412
54 48 411
23 21 308
5 13 962
44 17 819
15 24 346
12 55 357
26 23 56
49 23 6
12 1 840
5 43 313
56 51 312
29 1 616
0 21 48
11 17 321
2 41 500
22 17 572
47 2 782
50 18 760
26 39 9
20 49 687
21 4 367
49 28 373
46 21 784
10 6 56
20 31 530
9 33 918
17 35 984
22 12 710
28 9 415
13 19 988
13 35 484
13 50 984
47 48 790
33 15 990
24 46 634
28 32 845
44 52 432
40 14 506
30 17 115
27 35 424
54 16 129
9 30 519
2 26 702
56 38 617
3 45 687
27 50 986
1 4 526
20 27 303
22 8 132
25 43 891
21 9 255
7 2 587
22 4 62
15 1 23
42 31 548
18 41 231
28 42 1000
27 43 670
31 8 677
42 15 468
33 31 661
56 17 550
52 28 952
7 18 819
56 23 505
28 12 463
24 16 391
50 10 811
14 16 196
15 53 966
29 7 953
27 46 185
14 28 548
3 0 966
39 51 607
13 33 430
15 29 341
39 29 969
5 16 812
18 37 1
51 27 232
13 28 893
33 37 345
56 22 700
31 3 46
6 32 266
36 21 595
30 18 404
42 9 71
52 36 640
44 45 218
18 52 98
48 51 707
38 36 685
24 43 16
22 14 447
15 44 213
26 3 870
44 17 364
39 19 556
25 43 767
4 10 411
0 53 113
45 14 582
30 0 566
0 39 702
12 37 879
3 50 591
2 7 275
21 25 37
32 26 692
53 3 194
16 21 842
34 18 874
40 3 399
56 31 134
5 0 395
13 32 77
36 40 826
15 24 91
49 39 59
13 19 848
36 48 699
22 35 771
2 28 663
13 33 656
1 35 695
37 21 151
8 1 708
50 17 572
3 30 355
55 53 410
17 16 662
37 4 639
31 30 341
39 32 356
19 24 8
56 16 216
7 41 59
26 20 673
13 7 140
49 9 961
2 49 726
11 34 813
53 49 670
25 33 618
10 55 520
45 12 781
48 18 277
12 1 626
7 2 302
9 33 100
4 49 914
14 54 351
48 10 377
17 33 464
28 33 66
37 4 103
55 8 446
16 20 507
26 29 420
33 29 984
26 27 350
17 35 39
12 14 867
43 2 224
47 4 792
25 45 333
43 42 77
38 31 666
17 1 523
16 10 812
7 52 624
3 40 677
46 36 248
52 41 394
32 13 310
8 47 243
4 38 461
36 54 617
48 29 32
13 42 691
3 47 221
9 52 152
44 9 381
17 52 4
30 31 587
41 14 380
45 33 965
3 9 151
39 38 46
30 50 218
42 44 913
56 13 303
34 9 86
26 48 147
20 8 666
40 32 136
2 16 942
45 37 451
52 0 113
1 12 9
18 7 558
53 26 419
9 55 238
19 13 224
42 43 309
33 42 936
51 7 908
55 22 502
6 46 206
0 30 846
20 13 247
14 7 4
48 47 353
3 11 974
29 16 357
29 23 765
33 21 727
41 40 196
23 19 809
26 20 889
48 28 995
24 6 157
35 11 745
20 25 410
42 48 201
55 19 240
48 24 739
18 45 353
15 32 716
12 43 589
13 20 891
42 26 439
23 22 80
12 4 291
9 33 812
22 0 938
51 18 700
32 49 944
27 0 388
7 10 209
16 25 46
51 40 313
33 29 6
45 36 877
10 13 742
54 53 319
13 22 41
2 13 894
40 12 636
50 1 578
4 2 183
6 37 534
8 30 77
48 40 501
48 11 721
15 25 141
12 44 335
28 22 125
6 28 670
35 54 721
56 38 806
54 27 903
14 53 266
13 47 112
25 51 655
32 56 525
1 10 444
53 35 77
34 53 209
23 49 677
10 34 392
3 34 244
26 8 324
36 3 775
26 8 316
18 1 27
39 9 329
24 54 153
3 20 879
18 2 566
54 3 112
7 40 504
38 27 588
47 29 158
20 53 816
29 13 701
25 13 893
5 17 127
52 8 488
21 25 234
51 46 762
16 46 859
51 3 876
11 0 136
44 20 305
9 28 392
2 25 748
53 2 312
12 22 404
52 47 408
18 11 172
2 55 302
37 45 562
42 52 564
29 8 449
53 18 62
18 22 458
6 21 699
8 28 214
41 1 422
2 5 356
44 51 566
14 31 146
47 36 22
34 2 574
3 17 910
55 49 674
26 47 333
50 29 926
9 12 329
48 17 853
36 16 108
27 55 48
20 17 794
51 5 485
56 53 420
37 21 878
18 42 227
50 9 82
44 46 339
11 52 667
23 37 231
14 15 616
34 46 310
44 3 142
36 44 187
42 26 311
41 56 247
52 50 890
11 0 979
10 49 843
55 32 318
50 25 579
48 43 85
26 42 559
42 52 844
17 15 725
4 50 107
44 33 267
51 33 573
37 24 96
20 46 260
48 50 140
46 38 784
56 53 47
30 45 130
18 8 207
36 14 765
10 13 175
40 23 658
6 26 237
7 32 232
35 11 382
43 21 456
47 12 201
29 20 907
46 30 442
8 30 166
51 42 554
9 28 644
6 12 934
46 2 986
37 17 214
37 47 712
1 48 767
21 9 917
31 10 856
38 33 586
26 54 739
13 35 147
23 40 64
18 23 394
27 18 422
32 38 813
18 12 135
56 48 442
49 37 857
32 52 875
28 33 782
54 37 289
4 20 420
22 32 668
34 32 144
35 27 391
56 38 823
0 6 168
2 23 814
7 20 591
39 55 940
10 42 144
2 11 495
30 23 289
55 10 45
49 8 150
42 7 531
2 46 68
43 11 773
50 30 233
43 14 832
32 33 518
42 51 545
8 39 674
35 23 789
32 7 371
27 29 625
20 2 228
21 30 850
9 47 500
40 1 932
42 7 895
32 49 986
19 0 33
8 11 722
47 33 650
1 44 952
34 9 829
23 10 364
53 14 692
47 56 622
3 36 517
41 23 967
42 16 295
46 35 342
44 14 636
10 29 334
39 35 25
20 30 855
13 18 558
51 37 654
11 25 800
9 15 159
42 7 687
29 38 947
3 2 168
44 39 705
2 45 111
31 28 693
4 45 738
41 11 4
30 6 171
23 31 462
9 53 949
20 32 198
26 48 236
48 28 186
24 19 606
33 13 391
37 40 694
45 14 891
21 33 836
51 41 423
8 48 910
23 17 570
39 13 853
2 11 991
16 54 905
12 38 772
19 12 868
16 10 180
10 44 271
43 13 282
33 7 45
48 9 374
16 48 574
34 20 724
14 45 4
19 56 366
37 52 458
4 54 581
34 8 137
49 14 217
11 49 892
48 50 329
31 41 884
36 49 395
22 45 741
47 25 492
7 20 802
45 51 872
36 1 489
34 13 700
7 53 84
54 14 94
36 45 921
53 14 966
5 1 621
5 42 391
11 55 974
4 39 117
31 39 251
5 15 329
27 19 196
53 50 973
54 48 25
50 46 766
6 51 597
47 5 431
54 44 202
33 29 620
4 44 140
54 10 205
19 44 872
51 53 210
56 54 51
44 3 342
46 29 272
19 25 551
54 22 75
31 5 879
36 14 395
24 14 637
40 22 251
23 0 765
14 31 762
0 52 199
50 9 480
32 6 107
27 48 44
55 16 755
35 52 676
31 52 633
56 27 121
53 40 614
25 51 851
37 44 112
12 19 761
42 13 418
30 2 243
10 42 726
10 55 717
4 12 533
1 23 172
39 0 623
53 31 164
35 8 745
36 47 104
41 38 969
3 7 634
20 22 120
27 38 455
54 11 488
51 30 41
35 9 518
34 12 469
30 41 903
9 53 677
16 45 10
56 34 179
23 3 569
20 6 591
49 28 800
18 26 957
42 49 466
48 37 288
40 53 962
34 13 731
19 23 972
54 0 859
15 4 220
2 1 477
19 33 829
52 15 716
12 3 578
28 7 883
0 11 596
17 25 981
4 56 377
11 54 563
53 55 735
40 19 970
52 36 691
53 44 756
11 13 810
0 46 293
39 46 275
38 15 447
27 33 838
29 5 468
25 26 282
8 21 917
6 31 195
36 50 183
41 7 846
26 50 922
55 47 499
39 20 710
49 55 222
25 16 577
5 28 5
14 44 607
6 52 475
5 13 241
36 8 339
26 22 671
6 50 132
23 40 68
5 12 705
15 35 287
5 40 711
50 20 488
56 47 659
13 38 486
4 35 569
31 55 702
37 12 602
0 23 741
17 1 50
56 48 896
7 12 562
53 9 917
46 41 415
2 1 959
40 48 91
19 39 670
24 46 572
22 23 610
13 39 82
4 32 578
15 38 37
8 53 746
29 11 595
29 8 943
38 26 696
49 7 178
29 21 870
27 9 42
30 33 386
9 42 459
33 54 147
0 25 269
9 29 331
31 1 251
51 55 356
30 21 487
10 16 391
53 18 393
4 55 166
46 51 470
38 49 171
13 11 830
21 27 928
11 26 86
12 44 602
4 38 325
25 2 123
26 56 194
19 12 918
27 25 50
42 33 990
56 2 331
15 14 67
8 30 923
7 24 688
33 43 158
22 1 390
45 53 195
43 24 487
31 40 480
44 55 78
39 1 578
39 0 452
19 16 833
30 54 907
4 26 123
2 43 273
6 16 939
49 32 652
31 34 307
25 41 83
55 40 742
13 1 34
33 21 193
50 29 953
37 16 833
22 0 979
39 8 919
17 34 54
10 18 742
5 38 2
9 28 509
1 36 898
29 43 402
15 34 2
23 3 366
45 21 844
41 23 856
5 6 882
2 50 552
30 28 948
41 50 730
43 7 219
3 17 628
34 8 188
27 45 348
13 27 277
24 44 639
13 12 822
17 49 132
48 49 832
12 2 156
26 41 969
51 3 154
55 28 359
51 28 632
23 45 253
27 50 144
41 20 583
35 52 569
23 4 781
3 21 598
47 12 302
38 30 314
40 47 76
34 7 557
0 7 383
16 38 462
8 18 375
36 14 646
6 2 218
33 9 448
1 37 130
46 38 374
20 46 881
50 49 724
8 17 206
53 55 112
36 30 381
2 0 581
14 38 695
36 24 616
5 11 72
37 55 755
49 0 461
50 18 700
54 56 892
19 16 436
29 11 872
12 15 534
4 45 416
32 30 731
38 43 556
24 20 235
53 31 993
50 48 889
39 8 59
39 17 492
30 54 495
0 36 988
43 54 950
26 12 664
22 10 917
16 6 267
2 53 361
0 40 141
8 53 658
35 29 856
36 24 743
48 2 651
33 22 766
17 28 776
18 54 342
