15 17 762
45 13 330
1 23 86
22 14 802
46 47 562
31 10 979
42 7 811
13 4 42
49 1 587
34 0 208
38 43 565
35 50 516
32 50 2
27 16 782
3 26 253
25 44 983
49 40 968
12 40 233
32 3 863
49 4 386
25 50 712
30 36 645
10 20 607
35 37 980
21 37 174
7 11 164
50 8 888
47 50 619
47 17 474
50 6 465
29 33 584
25 40 237
24 29 763
0 41 233
31 43 877
23 36 993
36 41 996
44 25 965
27 36 354
25 29 740
25 2 364
7 25 133
45 4 848
44 13 605
35 43 390
26 15 131
37 20 159
23 35 896
10 28 143
0 8 718
25 27 845
40 34 75
29 42 380
29 39 611
40 26 376
38 19 953
19 32 119
18 49 871
48 19 66
16 10 459
37 45 942
32 45 512
2 3 570
6 5 46
23 36 584
21 42 370
24 38 298
14 21 7
37 14 413
6 21 109
25 5 562
30 45 627
12 38 633
38 49 853
15 22 279
27 43 378
38 28 549
22 8 906
5 16 392
2 44 644
42 41 291
18 48 110
3 22 494
15 40 163
11 49 460
11 34 917
6 43 406
25 15 288
23 9 287
38 16 711
30 23 830
1 0 441
29 10 552
6 3 434
21 27 216
7 9 711
11 20 906
7 12 315
43 25 823
27 23 238
44 6 443
12 14 91
15 31 805
9 14 781
24 6 179
44 39 407
50 12 70
22 7 133
5 42 873
48 47 897
31 41 459
46 4 317
0 39 67
25 32 331
36 26 246
15 31 748
3 18 975
48 5 362
14 16 886
28 11 280
38 14 290
13 36 375
35 13 454
50 2 594
45 49 148
46 29 273
37 30 504
13 18 308
6 35 982
27 14 575
18 6 521
18 23 770
19 26 74
12 28 419
25 36 448
41 2 694
16 40 998
31 23 840
20 16 240
31 30 1000
9 43 389
18 9 324
28 10 862
34 46 897
37 50 474
18 50 554
11 5 720
25 14 464
0 21 297
8 48 287
29 47 156
27 15 533
40 12 660
7 31 924
30 14 129
50 33 514
11 1 687
25 18 459
14 37 333
9 10 137
13 21 296
32 19 835
46 12 483
20 38 945
9 3 719
46 13 151
15 38 983
6 29 458
49 27 958
46 14 740
2 25 505
50 5 759
49 36 813
13 38 96
41 15 76
29 48 458
14 24 21
24 18 22
16 7 560
8 38 795
37 22 62
16 0 214
14 25 227
42 34 938
3 46 568
37 48 194
34 5 832
5 0 684
22 10 675
41 37 540
19 33 418
17 12 514
26 17 547
0 26 155
1 5 161
26 34 684
24 17 764
12 47 413
25 19 694
16 27 53
38 12 718
29 40 647
3 22 718
21 29 319
4 7 845
14 34 40
8 47 584
45 24 830
45 47 976
45 32 900
46 34 419
7 38 458
49 13 267
16 38 341
39 48 801
17 6 853
47 36 427
42 31 685
32 36 657
4 47 557
41 7 406
19 37 334
36 33 5
13 0 251
18 47 796
18 4 835
10 37 80
21 37 121
3 0 223
37 5 632
13 46 257
6 28 3
3 18 427
29 38 493
43 1 594
5 31 987
36 50 401
23 41 640
2 47 871
5 17 392
27 36 70
10 31 817
10 17 125
47 21 520
37 47 419
49 11 951
37 35 416
48 26 601
43 38 464
17 36 624
39 31 895
45 50 200
13 18 843
17 40 511
11 30 568
2 0 497
42 4 439
6 8 711
24 28 227
23 20 524
0 47 171
21 0 332
35 14 892
36 14 872
4 49 735
30 47 643
31 35 253
18 22 268
41 23 85
22 43 20
34 48 839
16 35 536
15 37 313
23 43 533
14 48 670
15 10 236
26 31 918
49 5 721
6 5 980
45 28 583
21 34 684
0 1 916
26 23 500
19 50 571
46 29 228
5 26 207
22 3 796
38 5 799
8 40 51
17 28 131
34 47 437
10 20 207
34 22 762
27 26 683
20 15 642
9 47 957
4 44 39
23 18 139
47 44 612
4 14 743
6 18 136
33 2 544
44 45 501
16 44 449
6 19 501
31 9 772
3 6 459
0 2 477
15 46 807
29 34 343
24 22 424
44 25 345
22 12 189
34 8 906
3 36 745
44 48 95
36 45 163
8 11 716
22 41 442
41 9 813
17 11 304
44 37 197
34 49 946
31 5 550
30 44 20
10 23 888
31 34 584
16 50 992
42 18 483
12 49 198
41 19 521
8 23 621
39 22 618
7 26 340
16 33 613
15 2 127
12 28 20
50 43 333
43 44 486
36 26 186
30 11 344
35 25 172
32 1 524
20 3 406
46 8 786
29 18 770
49 25 632
33 30 613
31 10 155
39 12 525
31 50 642
6 47 590
38 46 119
30 33 641
23 25 242
50 23 357
2 14 923
19 7 776
25 8 264
17 16 490
26 1 1000
11 49 540
17 20 632
6 36 663
0 40 943
44 10 341
48 25 478
23 20 78
30 23 714
37 6 638
22 23 113
50 20 655
16 50 876
36 34 761
32 24 336
37 16 671
12 9 454
34 18 323
21 30 214
2 21 740
40 49 414
36 33 850
36 2 403
28 27 199
35 48 708
6 8 313
19 35 304
43 26 865
45 49 91
42 16 542
12 44 590
5 12 366
49 50 370
45 18 707
35 43 317
46 18 544
44 36 54
7 12 560
26 50 68
34 18 691
12 14 989
39 14 41
44 27 218
16 34 430
40 48 464
47 27 443
33 47 871
41 13 249
6 14 565
38 24 210
17 30 856
8 45 850
29 3 471
15 22 686
6 40 110
35 15 411
37 3 795
44 17 371
32 50 537
47 41 334
45 31 73
32 37 247
20 32 303
18 41 649
46 24 725
33 48 837
18 27 35
38 22 629
10 39 736
7 31 936
34 38 635
18 0 240
14 47 591
30 14 604
5 33 531
1 11 636
26 16 71
33 44 870
22 14 487
37 39 71
22 15 290
10 17 931
40 36 673
33 5 642
29 13 714
3 12 893
32 11 848
38 0 830
49 46 976
33 6 305
47 16 369
1 28 536
45 15 72
29 20 62
23 42 509
18 29 598
1 23 101
23 13 566
22 43 698
0 27 364
31 33 690
42 1 756
7 38 892
20 31 128
23 34 288
11 19 298
6 47 537
28 9 921
24 23 491
48 12 649
14 7 98
4 35 130
27 3 886
14 23 819
29 7 14
42 43 945
37 46 878
34 24 712
42 33 205
48 2 520
37 6 713
1 26 68
5 6 658
22 45 190
41 17 671
40 14 174
46 20 568
22 33 8
3 11 109
20 43 70
34 37 650
2 49 225
24 37 501
25 1 66
50 16 102
31 15 724
19 30 410
4 25 911
27 19 443
11 34 530
39 12 223
6 50 280
26 41 263
16 3 717
44 14 976
44 11 53
11 43 237
44 10 967
2 6 137
25 32 67
25 37 243
32 15 40
35 33 779
33 42 962
30 48 809
40 17 219
18 44 957
40 48 80
32 21 917
46 34 851
42 9 424
43 32 865
17 7 107
49 25 655
31 0 35
21 40 640
13 3 994
8 15 199
36 44 318
35 25 262
26 28 222
37 41 486
41 31 21
15 32 26
2 49 262
45 14 278
31 33 184
35 2 319
18 3 999
48 1 583
15 35 541
4 30 78
4 38 827
31 27 996
28 32 386
32 45 463
49 1 164
0 27 687
36 21 125
50 19 981
49 1 104
39 48 513
26 28 834
43 41 625
44 32 184
0 39 957
12 18 574
37 3 918
3 37 390
38 13 479
0 45 63
30 16 127
46 21 672
6 25 962
24 47 405
7 28 389
36 39 852
27 21 734
1 31 305
13 9 685
41 28 576
1 9 576
40 37 153
14 1 119
36 21 486
25 18 579
12 47 301
3 46 82
27 42 959
36 39 340
42 38 60
43 0 725
36 20 399
4 25 396
20 47 387
25 37 262
2 9 955
30 20 723
45 21 464
2 43 453
37 3 29
7 13 526
19 50 838
33 13 149
22 36 291
13 32 9
0 47 110
48 13 6
47 4 562
44 1 819
41 48 331
35 11 351
5 31 917
47 48 699
39 47 468
32 5 739
48 34 590
25 16 837
39 0 538
8 6 208
29 44 900
3 48 38
10 24 64
5 16 606
5 12 67
47 21 609
14 4 466
31 2 682
8 26 483
7 47 636
23 28 758
41 8 111
9 19 798
23 29 180
27 41 175
24 15 238
25 47 661
41 35 569
20 40 88
32 24 98
26 11 557
29 2 902
38 23 860
9 0 91
27 5 756
41 40 744
19 15 156
24 40 693
37 10 360
21 0 489
25 19 42
0 40 331
33 7 410
8 40 277
13 10 87
8 36 280
22 25 892
44 42 38
31 7 70
36 29 262
40 45 144
