5 111 392
17 118 806
9 6 503
98 35 838
60 98 719
68 77 804
11 38 424
50 16 573
12 103 671
21 65 657
63 93 306
15 99 804
77 100 280
101 79 953
37 116 757
82 44 341
114 17 536
92 62 381
52 124 759
57 90 102
25 23 225
87 12 211
55 24 824
96 33 113
93 88 988
45 79 113
52 70 683
49 46 161
32 99 454
18 114 1
45 116 508
114 28 176
110 16 342
32 27 943
124 87 756
124 40 628
3 39 944
27 93 279
124 74 222
86 34 882
33 31 826
60 15 306
43 108 948
70 39 338
12 117 544
60 71 39
33 77 778
25 85 10
116 90 319
120 70 364
113 94 147
110 116 314
41 105 299
11 22 655
56 6 329
122 48 382
89 91 37
67 108 151
40 8 241
63 107 460
92 19 303
110 76 361
3 8 211
111 69 906
101 1 329
63 86 319
63 15 219
57 61 890
44 92 366
2 33 706
22 33 63
107 117 697
11 74 168
91 11 678
43 46 590
111 52 614
68 114 828
85 1 466
45 67 781
48 120 313
31 47 200
84 117 355
0 69 36
42 10 698
38 88 72
22 103 204
82 79 158
94 80 273
89 17 511
23 108 868
24 83 165
33 29 512
40 8 394
13 121 900
10 109 308
114 3 618
114 111 328
37 31 428
64 112 856
2 34 407
4 52 870
121 94 473
41 108 22
123 18 807
46 54 175
56 77 53
101 103 715
42 33 497
1 43 857
8 71 398
96 6 509
22 45 456
116 117 823
110 60 133
45 15 839
59 78 421
18 122 292
45 9 940
7 29 418
32 69 249
51 7 247
21 70 718
53 61 823
34 14 892
117 38 813
87 98 468
1 66 879
84 56 274
80 87 98
52 19 953
35 50 186
108 115 983
66 51 833
38 80 803
38 1 961
113 57 666
118 93 387
12 1 85
49 108 395
113 22 101
58 35 647
62 124 241
54 73 641
17 48 83
122 4 758
101 118 139
45 26 174
19 91 867
55 50 160
111 87 689
112 36 287
48 27 330
11 98 943
105 86 501
110 104 475
58 67 310
84 34 695
102 118 133
96 59 663
124 98 741
11 100 96
59 8 681
94 18 864
48 121 276
110 92 321
111 20 315
116 15 622
72 83 982
23 15 627
3 30 37
101 31 817
104 17 52
11 65 786
88 3 925
79 61 417
89 58 627
13 83 537
121 118 974
11 8 996
47 48 174
35 65 739
55 118 623
32 14 876
45 124 776
25 42 267
123 66 693
79 98 558
80 25 221
6 93 744
44 66 637
113 25 508
46 30 815
5 8 74
39 9 96
42 60 983
99 58 314
70 88 196
95 68 227
6 59 232
85 67 429
122 94 130
53 29 464
22 28 791
77 87 894
13 89 426
43 50 766
72 7 756
40 43 872
11 110 664
119 49 929
113 19 891
35 83 523
7 42 242
39 3 206
36 81 949
83 77 568
80 59 259
45 35 327
0 120 233
9 25 784
91 13 139
4 7 526
123 38 289
29 104 193
38 76 636
48 23 697
12 65 930
26 24 860
93 77 554
84 31 377
120 36 890
77 107 870
34 47 239
0 29 924
66 53 58
122 96 18
66 102 664
118 60 301
37 59 58
74 23 189
98 53 891
115 98 410
19 55 140
27 68 976
10 107 77
35 37 41
81 22 465
52 81 291
5 68 716
49 27 419
57 21 99
116 111 862
123 16 108
35 50 86
64 43 432
74 75 319
25 53 172
87 119 804
60 101 679
114 90 895
34 47 252
35 110 514
123 63 897
81 8 31
91 83 39
86 124 356
23 39 806
123 84 128
94 121 103
54 1 532
49 50 498
39 82 624
85 47 609
5 28 506
61 47 339
70 7 831
13 9 45
62 57 758
25 109 593
7 14 889
41 10 738
86 122 681
17 4 905
33 57 13
111 16 765
111 26 874
59 94 23
64 49 612
87 92 124
76 65 157
33 38 695
44 66 197
1 92 787
103 13 206
80 102 576
85 40 285
77 62 218
63 1 348
41 100 301
60 85 812
31 38 809
47 64 265
81 14 287
21 61 513
73 16 609
78 22 174
114 5 564
38 85 431
80 12 601
88 42 76
113 88 725
17 9 233
109 70 834
10 79 678
32 84 616
76 86 937
2 109 967
32 91 675
110 17 211
123 33 14
13 28 101
52 102 455
28 80 567
56 44 979
53 54 306
96 5 721
101 68 906
91 37 555
112 49 301
9 122 256
46 29 346
46 117 338
75 88 571
45 85 904
124 85 96
93 108 326
99 12 33
82 78 993
107 27 706
85 4 549
87 17 795
56 53 95
43 33 92
72 116 480
38 35 952
122 70 677
38 89 860
5 95 84
123 49 247
43 12 787
14 8 694
118 41 65
43 109 746
86 65 614
103 23 892
92 86 59
2 75 414
44 3 663
86 108 595
25 51 958
114 29 901
103 33 853
91 60 27
72 96 413
65 112 760
60 96 532
44 53 430
28 99 811
122 118 804
42 48 736
112 82 955
86 33 19
3 93 728
18 115 403
66 19 263
21 48 905
19 77 824
109 36 626
114 21 960
4 25 43
100 86 553
95 75 254
72 2 703
97 15 666
55 56 162
34 76 127
110 112 144
65 3 186
92 32 995
13 35 68
75 14 168
102 36 393
16 22 172
51 112 845
86 103 922
31 45 963
28 69 46
106 23 666
43 47 359
120 4 747
72 28 902
61 50 821
44 75 306
2 86 478
24 55 99
88 16 235
58 121 468
74 99 737
0 22 110
68 60 193
112 23 601
120 32 683
60 104 97
86 54 570
108 58 24
66 94 21
0 68 662
119 120 557
52 66 856
24 61 204
50 46 684
79 20 827
10 20 100
124 7 985
44 85 952
121 96 974
25 94 581
98 97 527
96 119 791
14 47 926
35 94 935
71 33 915
109 66 524
112 6 534
64 76 2
12 65 850
50 37 626
83 80 589
39 22 263
24 8 572
33 25 847
31 87 103
10 56 244
39 49 342
121 89 722
81 29 217
42 109 365
55 103 757
98 93 699
106 23 660
25 49 568
40 107 582
108 60 14
100 22 785
25 60 756
90 55 65
2 123 188
121 50 844
83 57 958
76 92 389
43 19 767
53 34 988
6 94 201
38 69 863
77 4 528
39 21 47
50 84 656
32 2 172
109 18 790
20 42 203
103 19 515
45 70 589
50 73 277
14 122 719
62 51 243
23 86 266
94 24 801
112 46 640
81 15 682
21 70 766
62 75 46
24 64 344
30 116 604
21 27 362
99 61 373
64 92 106
84 5 667
65 12 654
23 18 293
88 51 737
91 55 818
42 86 441
85 114 187
109 33 120
85 107 33
33 115 465
79 56 552
86 41 570
87 60 409
25 33 390
51 71 758
108 104 498
25 102 820
16 118 777
45 83 806
23 41 517
33 116 75
31 103 617
14 25 537
22 10 995
38 8 652
70 78 685
27 94 361
78 101 830
108 15 327
51 21 365
70 14 228
17 119 610
34 18 501
118 35 835
111 114 957
25 42 355
21 85 269
101 106 423
106 122 175
101 123 629
75 64 972
95 44 824
63 13 814
98 13 541
9 14 231
84 59 686
44 32 548
82 28 213
80 73 918
91 58 659
1 75 573
68 84 806
117 16 912
29 93 553
67 101 616
55 81 622
6 103 647
78 34 390
58 55 266
30 67 777
104 16 111
118 84 52
124 47 704
16 7 733
17 39 783
48 12 629
59 37 369
50 97 294
47 111 443
50 57 195
111 0 967
70 120 24
57 88 349
120 95 838
92 99 352
90 66 467
17 60 399
91 123 358
68 73 389
87 111 578
104 103 375
5 108 847
12 11 206
81 111 37
82 100 766
122 26 524
85 67 383
42 28 948
15 53 557
93 48 20
11 103 36
19 91 21
8 114 783
94 123 449
50 113 461
56 65 862
48 10 60
7 6 703
90 86 710
27 49 500
124 3 608
32 108 737
80 44 902
48 61 85
42 3 240
88 26 343
16 26 340
3 12 687
103 85 590
43 73 735
61 22 323
90 33 306
97 120 344
32 101 241
64 104 364
57 115 758
25 33 459
61 83 944
13 2 78
112 55 110
30 45 749
10 62 724
5 85 531
19 51 942
98 68 766
101 97 864
118 102 481
93 5 858
21 91 49
68 45 775
115 99 773
66 80 904
114 50 31
33 105 343
64 80 598
75 66 217
52 97 292
65 100 331
27 99 52
51 118 501
119 68 337
2 37 581
76 113 286
27 83 12
38 39 96
48 76 478
53 58 693
123 54 536
5 90 681
44 123 578
0 21 854
85 54 194
22 80 630
123 60 753
110 44 847
49 69 8
54 45 720
13 68 57
94 6 923
25 92 227
92 87 571
49 39 943
96 39 530
89 32 71
85 16 925
48 78 301
26 43 532
18 107 518
71 34 581
2 88 681
12 42 290
116 106 787
89 5 565
4 95 159
115 31 411
110 106 335
30 45 213
89 116 38
4 62 991
83 85 69
114 12 503
73 105 777
43 28 199
40 55 652
100 4 576
34 21 249
120 111 418
49 86 965
64 0 36
5 26 407
21 11 146
122 109 969
73 25 650
4 98 773
65 74 625
77 21 48
8 19 8
122 25 161
115 38 6
97 33 33
95 51 993
121 105 575
89 47 989
74 124 59
63 102 354
62 58 186
97 67 443
71 32 613
74 24 139
69 124 720
24 113 975
6 117 471
102 69 747
72 113 335
95 115 4
83 47 725
0 73 964
89 66 912
4 92 715
38 102 276
4 65 285
102 24 406
10 3 87
68 82 355
91 26 895
32 53 26
40 59 177
22 33 905
16 34 702
103 101 543
33 91 146
2 85 566
32 21 536
84 19 381
58 108 719
58 71 24
30 49 492
47 44 196
59 81 151
93 113 740
57 26 257
65 82 496
39 49 609
79 11 190
112 119 547
54 104 772
43 69 872
43 45 66
2 71 980
66 26 843
6 35 833
95 24 312
4 84 258
76 29 673
22 33 795
107 114 631
113 47 319
62 124 188
20 0 92
56 26 914
73 49 631
120 38 930
68 30 85
47 64 135
121 124 427
47 102 679
79 94 47
99 87 505
49 20 202
115 76 928
77 21 246
54 90 664
27 37 421
14 8 80
19 114 593
58 40 643
14 22 62
104 86 734
18 58 155
7 90 270
118 84 806
46 117 833
100 74 449
40 55 279
47 93 393
26 107 636
41 3 631
58 11 371
94 78 103
58 43 883
89 29 321
28 84 278
6 119 696
8 123 791
51 97 972
65 91 896
0 100 204
37 91 774
65 73 392
116 108 604
124 81 982
119 43 963
32 52 546
20 13 978
4 82 812
26 101 916
2 58 434
44 97 925
60 70 877
49 114 450
23 95 286
47 51 743
106 41 854
122 119 498
79 3 640
73 16 232
69 118 409
66 22 474
78 64 859
107 74 286
64 25 452
9 103 486
78 21 389
43 96 884
71 20 118
33 5 496
81 63 414
32 56 291
124 71 167
9 52 343
117 3 755
81 118 105
99 27 712
89 72 604
93 41 227
47 108 88
80 105 911
45 66 912
32 91 175
92 80 135
9 82 854
55 86 310
55 96 268
56 107 43
16 91 379
49 59 256
12 114 641
36 55 853
122 100 242
46 3 234
95 52 234
119 81 848
68 26 86
23 6 585
118 22 881
105 88 237
114 113 55
123 100 855
4 6 6
13 40 109
45 74 287
75 56 430
46 106 781
75 117 18
83 71 181
117 12 749
109 2 205
25 116 818
106 112 995
47 81 922
12 46 193
99 39 169
120 104 147
47 80 901
70 74 702
79 91 954
65 18 540
62 28 670
64 88 453
96 58 371
64 124 411
100 22 651
62 101 643
19 123 810
65 9 285
62 27 161
73 116 299
9 15 695
108 100 66
105 97 22
124 85 61
7 50 704
20 11 620
16 11 96
117 21 55
118 87 667
20 100 526
14 121 141
44 80 89
31 117 899
4 124 8
57 28 119
65 54 670
102 88 30
57 65 481
102 40 69
20 104 516
70 52 898
116 96 128
45 40 551
83 123 61
55 65 547
124 13 287
15 40 624
54 13 12
59 39 389
57 47 685
10 98 544
13 47 269
50 114 862
44 23 850
118 121 143
124 82 351
121 44 216
51 96 158
110 0 912
106 87 374
81 30 255
79 83 565
89 80 142
62 39 556
120 115 810
3 55 560
70 12 670
11 86 323
38 20 678
47 111 803
43 93 37
121 26 771
92 65 389
6 31 854
47 50 337
111 101 243
12 45 501
106 61 595
67 113 964
10 58 447
70 82 621
70 30 388
46 101 374
9 40 142
95 99 459
17 10 774
58 70 728
51 26 709
64 53 600
123 18 941
86 11 533
83 30 789
121 115 796
57 110 853
115 71 123
32 49 213
27 104 741
115 16 699
19 111 129
27 29 52
34 120 346
106 74 502
117 102 225
9 94 583
56 89 734
8 112 966
15 97 733
89 12 578
35 73 495
4 87 55
1 10 974
23 121 597
63 6 670
25 124 346
107 0 568
1 83 150
44 67 393
95 51 425
54 86 570
99 75 390
97 84 580
65 115 868
53 116 522
0 79 738
106 114 838
33 121 213
89 47 646
68 94 55
86 93 38
26 79 836
75 91 653
43 71 890
89 63 302
57 44 152
67 48 157
0 119 987
103 47 9
86 98 563
50 67 438
35 37 674
113 31 161
94 116 618
66 93 406
16 116 547
87 74 936
96 78 979
25 80 256
57 96 890
100 38 282
25 88 125
34 122 525
103 9 253
48 116 151
84 108 92
44 4 71
59 98 366
121 81 590
123 79 339
95 69 737
74 62 53
86 69 522
95 105 63
86 40 603
20 5 867
31 90 107
48 67 736
95 35 367
37 7 289
28 78 25
5 55 386
4 88 459
115 50 215
5 27 155
77 31 265
82 81 683
76 8 553
41 34 399
51 16 843
120 59 674
107 109 589
60 62 14
78 83 455
105 123 390
102 40 552
1 90 815
6 36 515
72 60 53
63 112 471
59 93 270
48 97 330
104 18 983
4 105 897
121 92 896
67 6 988
94 0 729
26 37 866
114 61 772
43 53 623
68 30 715
121 33 460
70 8 937
52 98 99
120 48 560
54 85 894
93 60 719
31 114 204
84 121 80
122 9 543
49 107 988
112 27 960
87 103 107
114 36 428
64 54 564
2 106 527
102 65 492
53 26 549
109 31 477
30 35 145
20 95 840
100 60 279
1 118 222
97 28 947
6 61 650
62 29 771
96 72 2
60 63 995
67 86 780
36 59 28
44 47 406
35 9 667
80 48 620
22 121 118
27 53 179
6 53 299
79 69 648
10 91 571
114 95 825
33 49 150
9 95 120
8 91 224
56 81 394
97 88 85
12 120 559
31 58 516
90 21 680
23 108 474
75 14 485
27 23 737
96 92 907
70 101 828
5 24 125
57 7 979
84 95 58
118 108 225
121 84 862
8 106 166
99 57 756
124 19 458
117 70 984
11 113 133
68 22 290
38 24 112
20 56 908
48 118 270
6 123 253
11 98 588
42 53 992
9 107 826
67 8 390
14 40 731
104 26 999
69 79 72
12 83 647
112 25 344
108 16 569
104 13 417
46 81 925
68 121 595
20 103 853
27 79 391
124 100 119
120 99 615
38 12 431
40 88 455
7 61 871
61 43 329
2 60 431
2 34 590
23 36 530
39 89 292
59 54 632
29 43 313
31 46 439
124 116 793
6 31 465
20 9 45
116 111 937
79 49 371
29 63 988
30 58 430
25 6 594
109 22 297
108 52 153
64 82 891
45 0 525
69 116 60
56 71 838
16 112 759
94 23 71
16 74 607
108 73 942
50 89 851
114 51 819
23 54 238
13 49 979
94 119 743
29 43 248
110 10 343
32 100 1
79 85 920
88 116 136
64 7 701
116 4 585
70 124 828
105 75 134
48 119 787
92 44 766
58 98 537
21 78 476
69 33 556
83 86 311
67 1 860
78 119 544
109 54 985
38 33 410
84 7 326
98 55 545
40 66 796
117 13 818
70 81 433
122 29 27
85 13 946
6 70 197
78 90 49
101 11 628
39 29 413
16 107 373
85 69 854
54 87 553
106 23 118
11 64 992
102 80 775
79 105 705
36 109 64
50 90 566
96 107 409
103 23 397
39 107 201
65 46 703
61 110 205
20 103 370
50 43 996
59 25 151
119 93 152
76 98 180
52 98 905
40 18 383
89 41 524
104 77 392
124 102 390
41 107 944
44 99 436
106 86 732
9 94 935
34 95 175
47 18 334
118 55 990
97 36 544
64 31 216
68 31 90
84 110 55
72 30 482
32 100 873
43 32 207
23 18 571
84 108 299
78 20 44
116 31 445
108 78 895
91 52 272
1 69 152
45 57 261
42 31 7
115 64 5
51 78 285
75 70 334
114 79 58
17 67 93
18 26 163
38 63 697
122 85 732
41 115 189
35 30 373
63 81 724
22 7 294
26 70 658
24 40 927
105 10 429
104 101 253
64 36 666
9 89 145
56 29 13
3 84 613
19 55 928
1 81 47
25 121 484
84 24 801
105 122 529
41 115 367
6 33 916
32 71 681
51 18 843
105 57 662
54 118 446
124 123 31
84 119 509
115 73 672
45 8 369
77 51 79
71 45 408
25 29 833
66 17 130
66 121 314
75 47 285
18 23 285
115 104 525
41 19 910
78 94 936
2 62 633
17 83 42
18 112 37
64 40 329
37 61 380
53 93 28
48 97 48
110 11 180
24 68 14
90 113 115
104 112 806
88 51 6
42 47 667
86 64 762
88 6 838
39 63 151
70 17 643
93 17 779
116 16 198
71 34 670
48 116 98
2 68 30
41 90 503
83 11 327
78 82 639
83 5 9
24 97 93
95 94 841
70 96 411
78 83 75
30 100 208
50 27 117
62 120 913
95 111 777
74 40 769
13 7 824
103 71 452
95 103 210
99 38 531
49 61 185
57 49 442
93 80 263
5 107 591
68 119 214
96 10 667
118 76 522
124 14 123
119 42 751
47 37 797
20 102 944
1 20 191
101 7 502
17 41 639
95 46 409
27 79 204
26 47 670
77 43 336
72 122 612
45 66 923
15 79 231
15 17 948
38 116 529
2 50 487
49 120 324
45 102 963
104 72 119
61 17 215
88 90 651
87 98 398
90 116 277
44 108 10
93 73 635
77 11 807
59 31 532
65 104 553
76 114 404
17 4 428
111 106 649
57 93 939
85 81 288
17 87 463
9 92 705
33 63 760
73 23 495
0 30 373
123 68 526
102 18 164
87 46 112
81 122 537
27 11 295
45 59 841
59 28 143
26 66 440
41 10 558
101 122 495
89 33 796
122 75 842
30 57 892
40 67 677
25 116 133
30 56 104
8 17 997
52 78 446
1 36 393
18 33 440
71 13 697
47 88 690
124 21 624
43 38 567
60 11 459
89 19 878
78 118 823
95 99 531
20 0 402
64 106 121
63 79 741
21 63 805
31 122 393
26 0 377
63 106 604
2 90 540
40 29 4
16 119 309
78 29 678
60 24 844
93 7 56
115 48 516
8 42 469
6 63 533
17 18 38
63 13 547
1 21 110
3 105 447
9 90 308
69 1 332
70 85 842
105 104 627
55 1 872
83 80 682
40 124 793
28 3 956
45 50 298
7 73 290
87 91 285
38 34 796
49 124 557
2 69 196
32 71 615
45 50 611
101 6 625
38 18 648
80 7 714
103 43 218
41 98 352
96 121 852
43 58 489
37 69 997
60 116 571
98 25 914
12 24 518
37 107 983
3 40 345
4 33 703
18 79 913
86 47 615
107 3 180
81 24 566
73 116 666
122 63 343
79 87 975
57 115 668
35 118 653
14 22 693
30 31 784
100 3 861
17 93 632
33 65 338
6 86 526
94 105 244
58 29 411
98 23 96
2 3 727
3 57 657
78 100 76
48 87 360
89 2 578
78 29 531
19 108 845
34 12 64
54 106 867
57 56 829
2 28 971
30 32 35
69 105 720
123 68 757
73 59 549
8 42 251
43 67 855
75 121 473
123 48 945
28 67 620
69 109 448
98 54 923
45 67 51
102 0 73
41 54 778
7 1 983
115 67 81
16 29 107
74 46 25
23 86 17
62 80 787
12 79 221
117 75 470
24 85 436
37 0 949
89 30 763
49 76 369
117 105 269
8 4 443
99 45 503
84 65 890
123 87 939
44 60 141
102 75 696
66 70 181
111 118 13
81 121 682
9 76 737
46 77 699
120 51 487
26 105 41
12 62 18
54 24 988
9 108 769
9 89 763
49 107 758
42 21 690
100 28 836
85 88 373
52 120 418
7 112 97
117 115 282
3 30 986
77 120 494
103 42 635
16 62 816
90 120 982
13 123 74
50 42 919
31 66 530
93 11 413
16 18 799
56 62 713
55 90 20
69 1 899
35 43 512
97 37 340
76 31 649
65 22 502
24 36 156
33 13 883
23 37 170
109 40 558
4 49 218
115 34 616
40 60 333
24 60 188
110 33 224
104 22 779
120 10 175
62 100 41
12 60 449
89 109 139
44 37 231
107 99 38
92 122 378
58 115 730
31 81 153
4 52 601
9 17 73
50 119 842
99 46 740
3 45 505
49 30 954
80 84 390
55 30 257
14 36 95
12 23 590
112 26 307
26 74 40
17 25 5
23 4 89
120 94 525
71 50 24
18 48 243
82 105 607
93 91 485
3 88 355
34 13 196
9 106 211
26 101 951
46 118 292
3 5 536
82 69 925
111 43 210
38 1 926
12 75 571
19 69 943
121 69 968
49 54 979
20 101 412
44 51 203
47 4 462
43 34 366
30 73 112
117 75 124
56 76 485
73 31 981
32 11 973
17 7 222
20 62 590
3 97 566
113 26 67
8 115 604
106 49 307
53 45 789
9 67 909
93 56 981
111 2 353
79 16 343
18 121 374
107 15 123
71 51 660
17 32 254
20 112 143
58 107 777
80 33 563
61 22 803
16 68 590
76 118 71
44 84 474
80 40 817
33 57 889
80 90 277
84 118 422
37 4 83
6 15 344
50 7 985
33 15 274
101 110 165
96 119 321
100 38 517
10 21 840
58 73 527
28 50 629
100 115 769
86 70 715
80 48 876
13 53 952
85 56 49
14 57 264
29 113 478
98 33 935
33 79 148
103 4 373
28 124 643
90 82 602
34 87 194
63 8 129
24 82 832
21 117 538
55 7 960
84 69 226
55 2 888
75 84 413
39 56 306
111 105 302
54 46 825
96 51 540
40 114 348
1 65 313
39 37 804
61 67 270
51 84 919
120 37 109
91 69 544
7 74 910
29 28 564
101 93 615
101 40 281
120 79 800
108 113 727
92 101 645
56 26 234
53 16 865
33 109 138
89 58 493
33 115 292
85 38 397
92 54 691
111 97 729
41 34 2
84 30 683
104 115 988
47 72 838
31 53 548
13 28 163
42 112 271
95 16 491
74 86 579
39 70 888
53 54 907
80 109 38
61 59 495
24 16 201
2 66 318
91 97 250
114 79 599
79 66 34
56 58 185
11 40 319
41 81 597
29 84 236
104 19 146
99 110 144
99 85 312
96 94 656
32 68 456
76 19 571
105 46 741
92 87 717
98 80 331
23 9 342
79 46 886
23 39 689
45 78 280
86 20 605
106 61 245
3 37 492
96 103 601
102 14 957
103 5 142
124 52 815
53 114 986
109 60 21
6 110 958
19 63 783
25 70 254
90 58 177
108 71 378
16 60 551
26 105 985
121 95 708
22 31 602
17 79 535
121 120 383
91 33 792
124 31 516
61 19 336
52 41 369
83 15 924
105 70 372
13 32 577
21 0 296
42 72 290
81 28 656
55 25 810
21 9 363
108 33 90
47 123 433
37 35 938
39 5 115
42 37 144
22 109 782
85 124 47
24 47 215
36 104 958
56 11 322
106 64 465
83 79 970
57 111 439
113 12 229
62 85 971
34 60 976
74 110 864
4 123 25
46 119 823
75 107 209
20 16 340
9 97 170
109 118 694
4 44 844
23 86 396
123 61 848
4 22 41
61 12 501
76 21 64
50 82 368
105 57 471
86 77 899
103 7 614
106 15 133
13 42 75
91 17 375
17 21 684
63 48 311
71 5 89
0 49 168
64 113 8
17 109 3
75 7 385
16 90 96
48 99 362
98 73 955
87 53 750
69 42 921
111 53 273
22 52 990
3 81 836
120 20 671
73 0 690
83 65 399
121 28 645
113 102 258
55 85 168
64 65 220
38 46 172
100 31 429
30 60 830
36 4 123
35 3 239
0 8 129
49 119 304
37 70 57
66 25 193
23 104 870
52 75 729
23 7 392
1 3 77
16 41 289
123 56 438
67 1 923
101 31 695
39 67 139
85 51 455
18 56 552
26 22 676
64 75 323
81 74 662
51 4 153
60 28 969
80 105 674
70 40 529
61 89 944
41 42 424
102 31 22
52 21 235
29 110 478
36 96 214
99 17 350
72 25 983
18 112 992
88 110 26
22 64 625
21 65 380
20 29 134
124 90 232
89 43 188
17 46 925
120 4 376
119 114 234
2 14 718
23 119 712
75 60 407
44 15 232
80 124 434
75 3 200
59 94 347
79 49 126
93 62 881
104 93 276
121 13 767
21 50 443
4 56 336
124 98 830
114 84 623
123 32 898
9 4 429
22 1 888
84 30 211
96 101 441
76 39 802
26 92 761
80 68 594
58 21 967
75 50 676
75 103 151
14 17 444
96 23 706
108 74 403
24 23 525
113 67 517
72 92 341
14 29 542
43 86 892
32 56 746
121 26 264
71 50 505
55 105 398
64 107 131
37 13 169
54 5 494
45 9 366
15 12 700
55 24 624
85 17 534
62 33 804
51 54 57
121 107 176
110 32 515
52 45 813
35 105 773
5 19 697
3 108 412
44 110 720
46 51 198
75 85 363
121 14 996
62 5 180
31 9 175
16 91 524
24 69 759
112 38 557
94 0 178
60 84 946
98 64 834
24 102 861
41 92 138
99 103 91
60 15 550
73 83 728
51 16 634
114 31 801
59 5 360
33 32 969
34 72 868
59 45 59
57 98 248
96 6 753
67 38 225
80 31 694
110 108 701
61 68 110
91 15 969
38 80 474
41 75 561
18 19 448
77 70 751
63 75 921
53 111 55
23 90 127
32 29 739
44 4 786
59 27 77
17 112 233
44 71 396
14 60 651
76 9 103
39 94 616
102 57 425
33 23 917
102 73 763
0 8 81
119 81 276
55 56 409
58 42 362
95 13 639
34 26 851
34 107 224
78 15 378
45 105 575
48 115 315
104 31 255
94 24 173
64 105 197
24 75 323
86 45 201
18 108 493
66 19 732
23 70 33
83 110 886
121 48 983
1 89 948
109 85 596
9 123 473
25 13 633
68 74 300
112 10 574
58 120 815
81 15 586
123 37 744
90 109 557
104 88 514
93 20 317
3 1 700
13 47 437
11 59 622
122 89 865
76 114 822
98 120 765
77 90 650
12 101 399
13 77 51
110 39 108
73 120 232
31 37 641
117 48 16
110 124 263
20 75 576
63 24 588
99 50 33
30 85 817
81 89 197
75 1 386
23 61 264
122 5 606
17 99 139
92 32 559
44 86 307
111 40 325
17 39 136
44 23 166
9 56 401
55 45 760
9 90 654
81 96 175
69 82 230
68 109 587
114 110 51
63 24 375
18 17 842
52 77 806
0 81 727
52 35 52
123 6 32
29 23 295
28 121 380
32 55 668
73 50 850
93 18 704
21 28 652
89 12 969
46 77 363
23 91 690
95 101 779
121 28 107
11 109 694
87 37 68
117 7 893
16 15 530
98 80 810
113 20 644
54 22 250
60 121 207
80 24 607
78 74 7
82 43 910
99 76 446
98 20 683
107 31 695
120 25 532
111 47 610
17 6 45
25 98 105
83 64 994
104 66 701
78 9 516
97 4 745
96 8 224
114 92 194
111 114 520
105 37 956
43 63 129
47 107 441
22 30 934
73 91 73
2 51 564
84 3 542
107 37 10
117 21 884
36 78 620
119 109 343
116 118 493
32 102 863
94 30 34
75 89 121
1 71 799
56 65 382
104 51 292
8 73 630
32 91 838
117 47 47
27 103 375
42 58 484
1 109 701
14 26 964
20 112 295
75 46 949
42 41 401
89 54 237
115 39 591
94 58 879
20 80 309
73 25 374
94 108 819
42 16 943
75 115 453
5 43 601
36 7 403
83 82 95
80 107 720
17 2 104
124 75 834
7 108 650
122 35 232
90 23 827
81 98 740
64 109 920
34 5 700
97 47 89
102 40 133
96 13 994
85 22 861
37 17 854
9 58 525
31 48 803
79 46 101
71 59 337
113 110 538
35 90 465
47 27 4
7 26 15
101 84 182
3 100 39
39 97 909
124 3 337
22 109 735
17 100 97
111 116 894
38 95 870
122 79 844
107 60 291
89 122 245
0 16 494
92 30 660
96 80 582
65 0 478
8 55 787
9 57 363
54 101 376
63 88 154
35 66 420
115 44 102
19 40 959
36 72 530
83 117 801
2 42 213
88 86 874
20 97 233
61 4 349
17 59 903
56 62 116
30 44 496
68 81 52
52 31 288
121 117 943
31 68 636
63 35 330
33 53 623
58 116 208
24 92 259
1 13 677
52 33 428
21 58 141
72 76 1000
35 91 229
101 33 402
48 2 918
113 67 214
48 121 235
31 3 883
22 17 88
114 95 653
59 46 807
63 94 187
68 28 853
102 61 147
24 121 52
104 37 484
115 116 724
44 6 815
88 59 270
81 88 914
100 31 514
75 8 508
38 12 159
2 78 562
68 111 877
67 60 729
2 45 38
78 91 237
5 74 928
64 48 752
1 97 31
89 60 452
91 33 230
60 1 216
13 95 959
55 2 696
88 66 552
119 114 900
76 33 602
8 1 732
40 19 472
121 71 872
30 123 183
7 23 474
78 99 510
103 96 265
63 117 582
64 21 243
54 67 54
51 66 493
120 109 688
87 6 965
87 106 759
83 70 192
37 106 473
77 6 928
85 65 505
123 37 208
102 65 484
36 19 850
46 61 923
78 105 696
15 25 59
124 3 17
95 80 951
20 116 433
107 79 345
122 54 847
107 9 379
26 67 519
81 73 374
16 101 552
71 41 150
52 49 318
114 103 638
49 76 63
87 120 221
29 69 260
53 21 167
124 42 487
97 48 505
97 8 538
67 30 349
102 33 805
97 12 857
59 40 905
95 121 12
13 80 240
27 25 30
104 45 738
63 45 382
28 65 744
36 32 127
39 57 826
24 67 764
67 71 158
111 53 103
71 44 980
69 21 783
91 7 775
18 17 733
59 94 888
76 113 222
41 121 589
14 84 823
99 73 263
58 43 781
89 6 281
57 20 202
72 116 541
57 53 535
68 96 960
43 86 838
6 35 715
32 114 319
6 18 127
79 84 637
25 47 104
50 68 229
118 6 124
103 3 722
83 70 995
69 28 883
113 92 994
12 42 95
28 89 246
113 25 694
96 22 753
1 72 63
83 124 746
59 72 17
69 3 80
83 1 155
59 11 2
117 64 605
9 48 391
15 17 168
111 75 774
40 108 301
14 91 334
28 6 630
12 3 413
83 62 989
119 43 860
2 0 523
94 2 982
78 34 946
98 104 173
98 42 887
78 10 765
69 48 645
45 2 259
104 112 442
90 109 350
72 58 608
87 69 7
25 83 952
81 11 912
9 111 907
105 26 610
31 122 653
54 68 488
0 25 419
102 123 359
118 114 95
37 94 506
83 97 610
30 69 417
74 60 213
75 62 984
4 89 42
68 50 676
83 31 33
91 60 857
27 54 103
104 36 141
8 63 856
73 103 63
25 9 334
97 112 781
120 16 836
94 0 813
22 89 930
8 94 334
14 112 456
118 88 666
29 23 210
100 65 210
74 77 201
54 94 531
36 14 240
6 4 953
45 73 998
11 23 613
55 122 127
66 87 455
109 96 52
55 37 736
100 64 505
11 123 768
3 81 137
40 104 272
115 40 460
89 19 396
118 64 987
29 89 254
78 22 312
45 90 484
28 15 84
3 91 292
84 77 927
20 52 886
106 16 556
47 61 6
81 15 816
16 45 636
42 110 835
12 51 596
117 60 832
115 18 103
62 24 513
23 35 476
68 54 838
44 24 275
62 71 732
64 15 5
110 16 139
32 62 148
79 18 750
105 2 935
63 75 140
9 96 294
115 78 297
53 117 967
75 40 117
89 75 994
114 104 952
12 109 486
82 71 435
47 51 996
76 53 99
55 112 858
97 44 468
14 0 281
105 90 518
46 13 69
10 88 246
61 84 453
30 14 287
17 111 906
68 60 898
33 93 354
78 96 90
54 96 487
55 121 940
53 66 564
28 16 59
61 25 804
72 71 74
17 104 225
72 106 575
61 86 258
90 89 317
75 39 590
49 32 616
49 18 407
62 60 48
52 31 268
79 35 148
68 62 990
61 9 59
21 27 233
31 63 536
59 82 900
102 64 83
109 86 595
54 89 758
13 61 406
52 123 770
59 15 223
98 53 448
3 109 607
1 88 789
12 8 735
63 24 248
39 25 742
124 47 718
26 120 585
13 53 454
104 57 157
23 104 864
82 62 507
25 99 469
124 41 317
112 78 850
118 65 516
35 75 931
103 52 37
40 1 745
119 52 846
118 111 579
6 44 689
3 101 990
2 74 360
118 48 200
67 58 576
16 87 456
74 32 384
79 124 193
23 55 598
39 107 382
110 78 844
120 60 675
16 1 217
8 122 908
120 86 673
101 57 640
8 37 104
105 69 952
45 40 260
102 1 778
29 99 173
20 72 138
81 47 574
57 89 27
41 12 108
73 93 373
41 16 292
113 48 261
21 110 973
31 86 373
113 79 164
72 107 393
48 80 115
123 53 870
65 66 107
118 53 375
45 12 600
60 23 373
63 101 147
48 19 473
98 73 192
117 0 375
107 32 194
44 16 556
49 119 930
7 51 220
58 77 60
78 75 756
51 9 462
103 99 366
90 75 778
107 43 683
64 35 960
47 79 579
79 55 324
9 1 766
94 82 852
61 35 955
79 36 218
108 121 699
58 106 154
42 3 167
91 94 176
61 8 315
28 85 345
122 33 720
17 84 855
43 113 409
109 85 152
120 62 521
16 25 928
4 48 684
69 36 848
98 35 713
65 19 51
53 78 887
87 50 343
6 23 688
35 76 533
102 33 2
99 74 222
106 7 740
45 79 168
66 3 620
67 0 818
70 87 287
101 32 452
67 24 440
19 32 528
85 31 544
47 114 882
74 55 201
62 89 297
97 39 940
63 29 985
74 92 900
57 97 518
49 43 337
31 19 793
123 67 633
18 33 78
85 79 693
101 63 548
100 112 813
77 42 267
112 90 224
116 87 677
93 72 63
66 11 427
77 65 52
10 34 992
48 101 973
55 42 987
27 11 198
42 95 720
110 63 514
49 2 462
59 63 283
119 31 632
67 27 286
1 10 140
66 106 856
120 121 288
57 54 643
44 25 374
16 100 711
122 66 969
69 93 200
122 74 934
112 106 83
22 81 547
111 61 203
6 58 612
19 11 743
74 37 419
83 98 728
90 91 764
78 103 952
109 12 786
30 82 345
110 123 164
116 112 973
52 62 832
2 27 177
3 113 913
59 0 511
20 124 424
86 7 905
115 43 274
94 98 362
112 25 204
56 67 77
23 45 508
88 113 511
0 42 176
111 109 836
108 49 245
81 67 277
1 48 724
4 115 267
116 7 157
105 7 827
121 68 435
19 67 221
98 92 408
105 46 467
22 56 640
106 123 153
43 99 687
123 18 749
97 108 712
20 11 408
96 36 668
16 54 622
96 111 66
21 9 202
103 29 973
31 61 933
2 102 930
68 78 404
72 71 168
4 98 929
43 109 293
61 84 760
94 45 141
68 90 201
120 46 558
28 110 345
61 12 930
76 67 128
45 73 143
111 121 473
59 50 272
17 20 749
25 90 699
57 106 177
85 76 268
115 66 164
9 3 384
20 30 149
45 108 832
110 96 731
65 64 257
49 90 489
111 95 736
103 43 420
67 61 209
106 25 860
38 59 122
121 70 154
115 106 196
44 102 864
36 11 973
43 1 403
105 52 879
12 124 307
71 112 802
43 99 458
105 102 151
76 52 909
13 87 216
50 43 143
55 76 126
6 100 894
36 113 90
54 110 644
123 18 849
109 2 524
1 97 628
81 85 381
71 80 16
79 0 331
39 28 349
96 39 277
65 67 868
74 98 364
26 77 889
102 23 487
88 80 877
7 49 810
62 103 878
14 93 920
21 50 409
16 36 27
116 82 2
108 4 41
112 12 264
61 23 556
66 59 951
3 110 613
49 112 363
2 50 24
30 56 108
118 3 878
74 14 243
26 82 498
89 69 803
85 78 414
47 71 756
11 77 500
2 92 691
45 11 737
36 77 989
69 116 784
13 55 434
124 119 423
110 69 399
19 76 444
71 36 290
25 19 8
43 17 599
39 12 122
5 115 333
121 14 434
47 14 424
85 109 237
93 123 293
111 115 613
64 55 689
20 45 535
13 44 396
41 110 494
107 23 464
36 31 518
89 114 486
56 2 728
98 27 288
65 50 791
113 94 910
9 68 214
15 71 909
42 57 194
111 40 283
50 35 7
51 4 267
55 43 805
52 20 480
47 50 297
46 113 285
57 109 36
33 85 867
57 24 518
58 80 863
89 55 829
76 53 811
70 34 477
94 102 570
123 29 314
6 101 345
77 114 728
83 105 121
22 123 735
44 42 841
84 113 499
54 52 270
26 114 979
109 22 269
90 120 693
121 104 51
105 91 83
108 119 511
88 21 567
83 54 719
113 72 930
92 9 193
119 111 177
106 71 180
13 25 92
86 49 458
35 116 149
72 103 138
53 2 14
53 113 927
90 85 90
14 53 140
43 28 869
10 35 737
0 93 458
7 0 943
102 86 363
15 24 775
50 8 432
101 0 601
104 55 308
32 115 432
89 19 679
12 68 599
55 81 832
0 114 593
88 0 947
67 120 665
106 19 367
31 38 941
41 45 686
3 29 94
55 42 423
79 82 536
121 59 803
13 29 235
121 23 514
107 45 956
108 59 492
11 46 723
54 11 440
101 69 477
83 91 138
44 101 514
100 77 941
44 78 423
49 56 632
57 100 282
99 41 72
44 29 174
40 45 965
96 20 622
118 11 785
96 52 597
79 25 317
29 22 133
96 113 69
23 63 992
31 6 290
38 76 103
123 91 696
15 13 860
70 123 4
77 78 732
112 43 199
87 78 678
64 103 843
42 26 659
26 70 976
62 21 152
33 45 197
117 70 343
52 113 967
29 37 216
27 44 744
4 71 108
51 61 79
28 89 770
16 19 29
98 18 135
24 7 442
5 29 221
60 51 207
100 80 308
34 79 887
44 75 515
17 26 136
115 89 185
29 32 558
22 68 458
41 73 495
84 39 856
80 35 329
65 12 927
7 63 799
77 54 651
25 119 194
107 13 634
12 105 878
18 64 249
1 89 964
29 55 964
103 67 201
75 7 390
49 79 360
110 14 60
97 59 65
12 39 455
31 66 806
43 84 673
98 81 701
97 71 931
90 111 997
15 21 105
61 67 707
70 2 293
28 102 833
87 112 551
31 85 260
10 40 662
35 12 407
40 93 206
95 73 566
7 14 828
11 8 180
63 4 825
13 25 684
23 10 761
111 103 296
32 77 845
52 46 257
70 44 981
110 69 582
96 19 466
87 77 424
80 10 158
43 108 905
58 11 103
64 52 442
91 54 984
105 7 654
69 64 594
49 47 669
6 13 231
13 79 568
76 89 982
18 55 262
30 48 920
79 26 829
9 107 96
117 69 961
65 36 436
97 81 756
91 64 104
95 31 409
20 7 859
102 120 464
98 0 952
74 113 482
37 47 825
91 25 247
20 70 939
29 102 243
120 31 784
59 95 636
14 82 156
43 32 378
38 28 82
14 100 499
65 118 792
64 102 583
108 80 129
0 95 475
89 71 10
21 88 882
36 67 717
46 28 574
31 62 995
25 28 744
41 96 201
107 111 60
116 96 763
2 62 367
73 46 74
83 59 14
11 40 536
114 52 347
28 47 213
71 105 312
96 48 793
14 34 665
73 122 652
34 123 630
45 109 142
42 52 416
3 24 317
36 3 848
87 88 302
96 20 200
115 17 560
32 98 305
95 123 22
28 16 370
123 75 859
24 85 201
101 36 667
36 76 22
54 59 283
19 63 578
116 84 195
74 43 395
9 46 529
106 123 360
5 72 685
76 58 152
92 124 335
26 80 203
29 99 978
58 34 989
42 91 107
67 84 577
99 55 85
56 79 479
88 110 673
9 105 773
123 75 449
105 11 344
33 12 836
10 77 13
55 64 802
94 6 446
34 116 841
65 124 942
109 118 599
61 106 772
8 81 678
120 73 363
12 26 151
8 34 919
15 69 123
115 99 374
74 13 132
118 47 311
56 110 868
48 64 990
115 65 648
85 64 863
44 58 144
74 114 334
34 59 533
64 39 692
10 37 377
45 109 697
20 68 87
64 65 822
5 7 865
70 41 35
28 23 547
16 72 688
77 52 709
33 28 755
120 108 432
51 6 837
71 34 31
39 76 4
11 18 681
115 17 62
110 34 911
98 62 82
35 28 469
106 32 206
26 102 750
77 44 769
103 78 204
115 35 343
100 90 904
86 14 345
16 13 542
2 69 878
111 39 669
5 9 78
122 119 793
107 86 794
68 53 418
50 95 375
72 43 228
67 60 860
71 68 938
121 22 951
50 30 255
31 3 785
17 56 394
47 19 988
62 89 130
2 47 179
8 19 625
102 51 289
97 103 315
94 80 143
67 124 985
5 39 35
103 30 67
67 69 770
22 25 409
53 93 928
60 18 446
62 72 708
47 52 181
66 74 524
66 21 501
67 79 716
111 49 482
42 21 944
67 58 511
32 11 300
9 42 615
43 80 640
119 104 735
56 117 441
105 80 413
42 40 376
114 47 326
46 49 790
51 116 984
80 55 75
79 37 32
38 0 31
9 116 742
91 27 737
106 104 523
117 105 278
54 60 428
97 1 547
59 2 235
66 29 948
93 54 89
33 117 950
118 17 283
120 64 805
48 121 90
14 54 41
101 2 942
31 51 711
16 63 981
95 55 172
23 6 659
12 17 73
60 49 323
75 88 518
9 96 95
95 65 933
113 94 789
95 34 658
78 85 92
49 34 370
1 63 695
36 70 422
98 118 502
30 98 745
25 8 850
7 92 736
101 21 637
9 18 665
97 94 388
25 10 439
116 43 214
74 22 529
106 104 715
41 16 827
37 24 293
20 18 170
121 53 872
75 115 721
11 78 117
114 53 415
44 22 999
65 95 590
120 97 711
73 104 730
82 60 906
48 54 150
68 123 536
59 77 988
39 97 957
67 78 745
92 42 252
46 6 352
21 41 925
23 9 2
16 120 456
91 35 661
90 19 211
6 5 932
9 54 501
55 116 86
16 24 485
107 27 411
90 39 992
54 83 272
21 104 637
98 95 539
69 116 799
4 27 424
71 96 73
53 67 409
65 82 501
101 4 950
117 3 849
66 64 515
5 56 382
34 38 626
118 69 924
7 55 262
101 114 695
2 1 91
59 85 382
71 93 644
26 66 744
23 35 771
118 70 612
46 114 584
7 22 604
37 5 407
71 73 845
113 115 193
25 48 355
53 55 403
37 104 526
2 98 644
27 82 796
87 105 126
115 45 892
59 68 387
53 42 335
109 121 756
72 14 795
21 106 270
3 108 526
13 6 375
75 14 705
112 91 450
4 38 168
117 44 892
54 120 680
103 74 720
107 10 642
75 76 852
24 76 767
101 54 452
56 81 580
117 77 89
51 25 220
20 56 63
113 64 437
92 100 944
98 103 832
20 13 367
84 33 931
27 64 717
94 90 79
36 6 298
123 53 42
22 71 961
93 43 866
57 74 978
40 107 55
106 78 239
13 72 683
87 37 931
50 103 585
112 123 774
11 119 365
5 0 881
5 110 28
6 82 17
105 108 661
113 19 125
73 94 842
48 117 770
51 114 890
23 63 534
13 56 536
64 15 109
84 2 660
1 67 901
35 94 617
12 68 556
39 17 557
61 81 691
26 4 800
105 14 290
19 55 26
27 62 555
77 56 686
4 94 913
121 9 321
45 88 356
90 112 737
104 31 823
101 86 876
1 43 191
116 67 293
83 21 23
77 50 140
86 114 239
58 37 544
123 31 116
31 78 702
53 25 575
37 86 818
108 3 679
12 104 747
29 25 382
118 85 693
120 94 78
78 21 707
103 14 689
19 118 908
51 14 90
26 63 523
23 103 218
60 1 49
36 65 572
51 37 525
94 110 675
64 20 871
74 109 180
69 110 645
65 66 657
41 106 583
76 91 414
124 96 980
122 52 71
44 117 583
1 41 467
92 93 245
34 26 120
117 97 332
15 68 177
2 89 541
59 108 176
70 109 688
30 96 439
16 19 647
73 9 841
0 104 808
70 96 808
56 109 828
30 118 181
13 5 613
13 64 434
10 2 873
67 29 541
101 124 611
49 63 539
104 84 562
101 109 604
30 121 743
37 56 552
123 4 805
122 124 320
33 120 225
76 65 178
120 52 769
89 54 79
88 100 177
112 76 742
19 75 732
54 35 10
37 8 23
64 75 233
119 45 804
102 63 193
29 55 523
1 37 150
109 65 685
104 94 195
103 47 597
6 16 612
91 27 465
120 80 752
7 96 501
68 97 904
54 13 669
35 86 173
66 71 442
97 121 683
3 31 279
45 104 739
63 16 904
13 117 904
117 10 196
18 54 693
12 41 379
107 31 590
27 78 288
107 20 572
72 85 130
87 122 757
28 5 487
68 118 465
71 110 5
12 34 992
17 22 152
8 78 934
22 117 607
3 70 799
36 118 833
89 4 241
63 73 103
49 32 951
93 85 685
70 60 247
45 67 200
90 109 103
80 30 601
73 27 81
32 120 138
48 105 641
2 38 670
74 34 445
104 93 392
27 110 458
87 28 456
71 34 252
88 115 217
10 119 46
72 91 468
48 86 243
75 121 827
47 50 557
27 91 761
98 17 992
52 19 569
68 28 99
80 28 21
22 87 772
37 50 142
5 18 320
55 9 855
55 28 367
99 67 251
83 92 164
43 74 564
9 69 332
122 35 411
111 87 629
0 58 211
99 102 507
77 98 414
93 100 584
114 61 443
38 12 789
12 124 451
101 57 480
55 25 284
76 73 168
22 39 814
4 21 79
57 75 762
10 7 447
42 119 258
25 120 144
22 41 53
115 48 460
65 16 705
34 43 822
122 76 910
42 49 117
45 102 206
42 101 219
113 72 507
20 68 497
42 121 564
68 57 128
53 60 499
97 72 629
111 1 881
7 70 573
117 93 669
40 37 504
34 5 43
90 84 804
30 16 739
21 108 471
119 68 363
56 21 392
103 17 908
112 72 285
103 116 271
122 56 348
119 82 557
75 66 620
108 114 954
25 74 99
29 85 761
56 105 217
60 124 559
116 17 779
57 84 863
83 96 607
76 68 842
86 27 998
1 105 58
54 23 698
52 91 632
56 15 790
122 96 670
90 63 845
111 62 262
14 30 130
74 2 141
95 92 315
2 11 509
15 86 426
51 85 145
83 62 471
86 20 774
19 52 980
34 106 379
45 42 681
116 97 720
53 89 378
123 97 706
5 104 790
24 95 943
116 43 650
15 4 375
37 38 818
63 78 583
118 102 368
117 49 373
97 79 588
66 18 199
104 117 467
9 43 710
57 105 238
21 42 857
63 96 58
91 80 536
103 64 320
27 11 486
43 80 937
99 115 766
82 101 327
91 99 631
82 94 185
64 100 480
36 50 471
42 85 523
62 105 631
7 122 610
60 97 34
50 82 972
97 93 5
2 110 769
8 104 621
36 61 240
85 87 453
5 115 932
6 10 183
0 43 929
50 51 196
123 60 634
104 15 824
15 86 983
78 8 532
101 43 11
94 99 492
39 14 161
5 104 782
55 114 860
97 54 153
122 102 512
87 60 525
14 118 97
39 44 978
25 113 394
27 114 834
70 7 461
88 96 744
51 12 414
118 91 316
66 9 144
2 24 653
107 16 890
83 70 170
116 39 835
28 112 86
76 80 520
22 18 48
58 99 261
26 60 431
16 118 478
4 80 429
79 59 318
119 112 487
28 88 935
1 61 33
83 4 937
71 111 581
77 84 281
110 109 64
30 115 335
24 109 582
91 1 62
87 51 951
58 11 997
112 24 738
38 18 576
84 102 609
86 1 478
33 37 875
55 21 723
93 3 109
95 49 37
46 17 857
109 6 519
31 2 879
89 8 195
119 10 269
32 6 54
24 25 704
65 87 94
22 7 903
48 90 303
103 92 188
92 19 466
119 52 639
89 105 78
76 93 872
123 104 337
16 122 245
118 9 931
9 87 973
17 100 989
72 99 501
24 40 432
8 106 276
90 13 526
52 42 123
11 72 39
26 103 855
102 117 583
10 70 14
59 114 320
36 109 49
51 16 354
12 42 869
59 105 840
100 53 155
74 62 516
40 76 979
37 42 473
32 2 251
8 36 107
10 113 774
70 47 111
36 9 172
40 109 976
97 20 503
68 4 626
72 54 668
25 28 460
87 79 915
105 71 161
22 10 295
111 58 31
105 92 851
115 3 574
76 64 99
122 99 408
16 59 207
91 28 197
25 65 697
63 91 13
98 67 311
121 6 834
63 55 537
65 36 699
20 25 658
59 89 437
32 87 34
73 69 705
110 87 619
12 96 85
112 38 647
104 11 31
49 66 692
37 7 254
28 12 926
54 74 685
104 28 845
10 89 466
78 29 577
58 38 3
42 39 516
116 66 96
116 16 412
60 3 597
88 104 799
32 106 709
106 22 267
62 26 716
35 12 771
20 25 481
49 40 466
86 98 655
108 47 749
74 49 195
83 80 572
108 44 457
18 121 740
56 49 248
73 78 847
41 121 29
43 106 461
4 59 527
121 98 43
11 8 142
50 95 939
26 70 698
78 12 342
121 28 904
60 69 463
6 26 487
22 64 672
104 102 819
87 116 554
108 22 251
117 78 302
63 60 366
15 9 221
60 78 960
113 112 517
47 123 512
23 10 755
64 73 901
92 58 381
3 106 946
1 56 107
24 106 955
40 10 495
108 24 601
65 28 821
98 81 535
56 17 693
42 54 1000
102 90 167
7 2 827
5 35 733
4 29 835
40 110 900
91 80 167
23 108 553
65 78 6
119 18 49
100 64 205
119 81 350
3 114 429
15 57 44
83 124 162
34 87 151
35 36 133
62 95 130
12 78 327
61 116 333
74 27 848
7 103 348
94 77 783
119 18 982
112 35 615
102 124 95
29 49 459
120 11 464
13 27 600
56 99 710
43 93 585
100 60 72
99 98 159
49 69 965
80 52 82
29 57 507
10 1 394
14 116 140
28 102 282
16 102 352
23 109 21
73 70 509
28 122 858
109 31 664
93 121 492
86 85 411
98 73 56
61 69 515
25 50 680
81 83 81
16 91 888
70 68 785
80 104 705
121 83 227
38 36 548
6 79 802
28 77 594
14 51 435
120 2 527
43 79 914
29 30 211
22 65 747
69 53 847
68 100 509
30 99 312
16 43 764
37 96 728
34 16 906
87 6 935
76 66 672
18 108 453
47 105 495
69 29 760
86 48 225
20 54 688
121 64 866
81 47 390
18 85 437
13 57 58
35 36 143
11 1 482
71 97 677
9 1 702
27 22 723
117 116 887
23 109 187
96 64 280
105 12 324
16 40 296
15 23 357
48 84 35
33 67 714
39 63 654
54 55 609
105 94 487
107 83 486
124 10 478
44 104 565
24 86 513
35 112 302
63 46 368
93 82 947
68 81 436
24 12 514
90 28 379
34 101 823
68 88 821
73 59 655
35 30 21
122 69 318
75 16 508
101 90 782
124 38 791
111 47 284
18 56 925
112 71 255
48 30 157
70 58 776
85 51 870
94 40 895
72 95 963
112 115 7
9 92 235
85 97 260
23 110 332
85 5 595
80 68 845
23 106 81
120 14 293
1 16 39
119 32 769
95 118 978
3 111 463
63 33 873
65 6 812
24 38 774
109 110 699
97 108 740
121 20 987
21 29 444
67 46 462
97 101 312
83 88 713
86 120 772
68 52 243
69 57 528
112 1 849
78 90 555
96 100 968
96 0 479
28 15 499
119 60 881
49 106 626
94 32 998
32 1 667
115 37 691
41 26 922
34 10 829
23 113 564
84 63 337
22 13 954
64 105 389
115 15 108
11 104 859
14 34 369
96 81 935
122 72 721
67 68 926
58 4 210
64 68 796
27 37 752
67 36 12
32 15 204
