35 85 600
102 84 572
86 99 618
48 103 347
22 17 156
127 9 327
14 21 609
72 34 436
8 11 835
78 113 248
9 54 864
0 97 545
21 131 322
49 42 227
98 134 210
49 56 419
47 50 708
86 63 111
3 36 745
67 127 481
100 129 925
130 134 964
68 81 63
42 7 312
21 65 612
10 30 458
85 61 984
121 29 911
125 0 999
70 20 279
78 92 253
93 52 534
91 20 528
23 20 701
90 19 748
9 117 556
44 110 381
39 12 717
22 51 11
27 20 252
52 120 253
46 26 940
90 50 140
26 11 683
45 14 605
9 102 313
50 79 675
89 25 167
49 81 274
10 12 184
56 133 795
14 0 246
27 102 553
35 118 431
81 80 95
115 94 873
6 106 914
45 89 778
27 43 574
11 17 644
130 58 267
85 8 565
65 106 550
68 47 524
33 18 688
110 115 949
88 27 417
97 72 781
99 38 351
102 29 332
103 68 894
122 53 886
30 5 586
9 79 95
10 30 967
108 36 210
41 45 773
94 24 326
86 59 544
17 60 389
126 31 231
11 48 399
24 46 832
80 123 953
7 116 765
29 88 679
67 98 480
54 36 331
119 80 322
98 68 31
132 15 745
133 34 493
22 23 954
48 69 351
124 44 811
77 130 194
80 64 733
63 75 130
27 11 327
17 89 48
76 35 720
134 59 597
36 28 655
59 67 311
48 51 103
108 63 38
42 117 101
31 97 300
103 32 863
88 13 381
33 87 823
0 44 177
42 104 327
120 51 969
21 69 338
108 97 956
64 108 206
72 67 425
94 55 316
101 102 841
55 94 311
90 19 638
53 102 37
34 90 582
85 1 8
128 11 922
30 98 270
107 23 650
80 49 122
34 123 839
96 120 898
48 129 635
30 71 851
18 79 7
1 115 338
80 17 321
120 36 727
106 39 651
77 5 658
80 34 107
18 2 749
75 110 643
7 47 346
54 62 366
38 18 901
127 75 656
32 83 47
129 103 660
97 109 558
71 87 945
15 89 952
94 36 600
22 39 325
44 104 17
100 38 366
53 102 747
109 55 906
7 47 240
29 91 523
14 132 598
110 12 689
84 87 534
19 14 973
97 102 953
13 123 911
34 133 142
103 132 184
74 50 434
67 85 720
100 45 240
85 66 232
132 88 941
63 104 330
22 19 292
37 109 382
98 19 472
40 0 543
16 119 672
18 49 763
59 9 422
59 63 49
7 25 932
101 110 442
55 131 142
66 106 976
67 32 420
95 4 207
59 40 714
81 45 208
83 70 156
35 113 744
81 5 685
48 31 514
20 90 978
30 77 286
74 75 540
85 72 774
128 40 117
133 53 727
117 33 278
48 6 163
113 116 187
83 91 484
36 14 750
1 66 68
105 120 527
123 133 386
118 73 469
6 63 8
48 99 961
13 46 32
45 113 838
57 130 341
17 127 32
7 15 628
85 34 26
25 42 634
82 76 274
39 83 506
107 55 98
50 131 951
44 50 747
101 72 475
117 75 155
42 40 617
20 122 243
108 62 221
89 11 108
132 80 551
61 39 266
45 74 405
58 25 699
30 22 299
65 34 846
68 126 773
50 116 943
125 74 167
132 109 37
69 36 508
89 23 519
56 118 221
99 80 101
87 96 289
93 25 360
92 74 393
33 108 880
83 38 115
30 103 637
16 123 519
36 103 597
23 95 793
8 74 399
29 76 556
112 106 226
50 18 569
96 133 164
44 29 522
8 103 597
119 112 295
62 100 92
122 124 141
17 74 953
130 101 4
125 118 335
114 102 68
28 98 141
34 121 97
65 134 12
130 110 637
111 92 600
115 56 918
22 18 835
12 90 953
125 91 120
107 102 243
29 112 522
97 89 760
57 118 881
62 68 522
0 104 525
88 22 386
133 53 731
117 38 736
122 13 126
46 74 251
27 50 364
16 32 431
71 24 229
5 33 1
69 26 852
124 90 80
83 131 722
100 134 932
75 30 303
52 31 370
48 68 278
21 128 810
128 6 525
89 123 826
120 76 112
123 61 220
71 100 484
23 94 646
107 69 516
29 41 426
44 78 7
124 76 762
64 99 814
67 38 135
2 25 631
13 103 166
20 23 669
84 48 753
5 53 207
81 107 378
100 122 163
134 79 329
109 105 669
96 47 455
95 129 993
91 93 890
71 38 917
50 111 108
83 78 56
15 83 537
89 96 943
115 27 26
29 14 562
89 118 64
95 0 592
41 110 628
98 32 376
42 26 800
2 41 30
93 26 126
116 22 278
6 43 170
88 100 596
108 76 913
36 100 377
62 21 937
127 122 653
94 15 113
69 76 985
90 64 831
121 37 597
44 51 108
126 114 785
38 130 801
70 58 195
98 13 295
105 122 580
24 52 657
37 99 34
109 49 462
14 110 211
132 77 895
49 79 974
96 15 40
120 116 297
43 123 484
11 111 347
104 14 140
26 118 632
126 66 620
102 59 161
6 43 372
52 8 853
51 43 14
18 63 180
131 128 383
57 112 340
87 131 1
21 84 537
96 82 370
66 21 929
102 90 511
98 95 623
43 0 707
127 124 444
42 61 757
89 112 690
131 119 692
34 121 235
1 75 282
75 85 805
95 8 859
20 69 702
58 41 904
121 100 509
92 113 321
125 22 63
133 28 470
72 33 944
83 91 642
107 75 462
69 91 88
131 108 617
0 14 815
55 1 604
115 3 115
91 10 403
76 124 520
89 42 410
17 44 966
50 4 561
43 72 165
64 80 918
34 102 418
97 82 711
21 52 634
128 74 673
67 47 315
46 132 272
88 20 490
106 122 984
72 41 375
97 2 332
44 59 115
35 10 364
111 122 307
68 0 85
122 17 65
65 85 352
3 122 390
80 25 381
28 62 375
109 106 191
122 66 269
133 91 279
78 67 304
104 92 736
92 35 543
9 73 751
111 87 572
83 112 168
15 89 650
5 107 680
26 2 733
58 104 658
63 99 2
50 68 977
87 81 792
89 36 357
49 109 922
22 134 396
49 6 720
110 107 778
92 5 68
4 40 92
107 44 694
122 105 656
80 79 139
21 134 449
95 84 636
33 46 110
76 74 680
8 128 34
48 131 785
90 71 45
127 36 427
44 126 455
104 55 279
125 81 863
94 38 424
25 6 906
104 92 63
132 9 353
81 20 249
115 116 448
19 49 438
70 11 808
36 88 179
8 94 809
5 38 592
58 38 459
83 42 360
6 96 984
13 52 330
88 96 861
5 2 20
82 37 856
101 62 877
29 70 717
25 27 325
30 5 981
24 122 430
44 81 900
117 57 962
10 134 483
47 84 139
6 84 122
87 9 292
39 47 646
7 13 199
126 87 254
29 100 643
3 17 207
84 64 230
39 116 112
49 128 559
90 67 334
122 60 956
67 3 518
39 77 584
28 96 801
49 1 295
107 1 519
33 129 992
81 44 441
108 93 492
18 107 374
58 134 20
86 88 933
126 23 687
58 43 55
119 91 379
91 53 405
6 33 171
99 69 455
41 77 374
121 131 259
102 4 569
41 95 940
30 118 110
71 108 336
34 9 630
110 128 969
109 12 43
72 93 986
27 110 493
80 72 451
108 69 313
42 32 231
106 56 147
2 4 413
2 14 870
12 120 456
46 40 744
62 93 797
12 117 463
132 30 379
102 122 418
105 100 537
9 50 177
26 132 181
21 53 205
118 55 738
53 65 875
106 88 812
23 88 415
13 59 563
66 73 617
110 132 46
9 48 688
85 16 782
64 124 772
39 84 265
63 32 583
69 2 979
80 35 326
108 111 951
103 34 487
4 101 374
130 75 210
11 73 829
123 18 207
71 35 228
38 111 689
4 132 647
79 4 920
75 33 673
38 88 160
107 27 402
119 46 825
4 11 474
12 25 124
92 32 15
41 84 278
41 74 274
40 55 1000
27 78 48
99 52 183
71 89 436
17 131 855
105 79 969
53 14 444
25 24 44
28 29 403
26 118 325
94 37 229
31 115 241
19 9 174
134 80 571
67 66 664
50 129 859
116 81 951
103 34 501
60 42 852
129 95 637
71 35 460
77 122 348
100 10 130
0 76 664
66 126 639
90 107 586
43 116 683
68 66 36
0 7 76
14 4 709
48 81 436
26 119 468
122 21 191
94 2 163
128 120 189
45 34 565
62 124 995
26 8 823
98 78 184
77 20 338
100 93 917
78 68 112
90 57 950
123 74 575
115 77 184
3 94 394
49 57 805
103 56 903
126 116 370
48 10 747
4 48 206
24 52 197
104 78 69
11 90 955
78 10 891
40 95 733
26 82 224
47 83 423
43 95 565
102 21 972
81 6 828
71 39 219
104 26 307
114 98 594
95 76 731
68 55 459
50 116 742
26 44 818
120 66 354
74 130 805
64 63 497
134 58 276
125 132 568
19 123 566
115 48 101
59 127 496
98 18 784
44 25 903
28 15 98
71 95 207
130 46 873
22 1 443
94 113 833
127 85 792
73 60 158
8 81 862
95 103 630
18 53 163
11 87 328
106 11 461
30 12 276
3 70 150
86 93 663
8 89 733
9 26 440
44 32 202
72 34 144
97 69 538
125 85 294
24 78 841
15 128 416
108 25 294
75 30 666
32 61 198
60 134 815
17 119 395
83 52 934
94 11 785
35 0 842
31 133 718
50 56 722
62 43 334
120 132 319
85 10 416
66 23 681
74 134 996
71 110 390
54 77 667
89 132 527
95 12 981
126 42 952
93 72 830
122 78 668
109 17 285
45 115 308
34 39 240
67 45 441
55 105 948
18 85 559
24 133 852
18 23 872
58 83 41
123 120 661
94 20 703
64 104 954
10 23 684
89 12 29
67 68 498
87 93 293
119 33 239
69 35 382
87 0 144
25 15 815
116 117 723
78 68 657
29 42 742
2 35 234
114 59 37
88 92 729
39 72 568
122 110 780
129 98 928
130 104 364
95 62 467
91 25 674
129 65 287
23 132 409
119 62 367
47 52 27
47 114 807
21 36 343
58 92 400
87 18 806
28 102 822
48 81 422
73 133 48
61 101 607
37 5 603
5 110 482
11 82 749
95 30 985
110 60 937
78 62 747
84 92 241
120 48 846
101 35 181
32 42 234
103 62 400
114 78 489
85 127 329
42 134 806
79 17 417
38 42 86
115 100 243
75 115 419
2 22 92
0 2 840
62 58 886
15 102 851
108 26 180
110 44 24
112 75 396
51 31 15
62 59 202
35 33 782
72 66 189
109 1 630
103 110 886
10 14 480
18 24 384
82 100 358
56 53 354
104 5 305
84 69 556
85 25 671
121 6 501
56 85 180
37 26 875
19 127 627
103 130 201
12 21 758
7 126 763
24 69 620
76 54 626
101 47 553
16 61 737
64 96 454
56 50 388
133 16 405
132 111 964
78 82 739
67 83 24
32 3 154
102 11 250
65 66 405
21 17 866
107 111 377
111 9 506
2 15 85
114 37 249
129 94 193
70 86 742
126 26 202
116 121 964
20 110 846
130 114 43
19 113 46
127 90 334
56 79 628
11 49 200
68 1 378
75 105 919
46 11 898
19 71 536
55 129 608
74 70 639
87 108 122
115 102 509
109 39 979
8 110 572
24 63 498
52 134 588
26 113 409
133 130 704
108 129 238
129 30 553
54 73 929
90 130 121
51 52 252
82 108 957
5 69 753
79 12 748
133 116 850
121 98 806
103 109 847
47 51 628
52 134 367
128 44 29
106 15 399
75 31 947
26 48 97
82 11 325
17 99 172
30 90 855
72 54 66
46 72 887
14 64 886
120 58 922
114 70 887
133 86 996
40 120 494
25 7 469
116 30 479
84 32 558
120 52 966
131 7 49
26 39 48
51 26 779
34 51 300
82 124 451
54 60 981
81 78 215
94 63 398
13 115 707
82 65 732
44 95 717
85 23 752
56 62 721
3 47 875
70 20 211
127 65 920
98 97 588
134 124 938
89 53 831
119 47 339
45 77 663
84 76 243
23 98 721
81 100 169
119 114 48
51 98 734
44 5 390
51 82 820
24 112 719
120 39 425
97 71 639
86 75 359
88 21 289
134 70 140
117 19 740
64 128 906
55 82 520
11 17 106
103 83 649
40 36 810
35 24 144
3 74 843
42 28 331
33 113 309
25 2 272
63 111 766
20 36 726
22 48 372
30 63 122
14 72 643
114 43 831
133 4 330
22 118 919
83 90 231
22 85 193
64 45 521
110 76 531
80 82 312
89 41 14
38 94 213
107 29 321
6 101 248
56 133 644
71 42 840
18 71 604
17 88 462
76 121 169
125 22 29
52 119 155
56 15 351
93 25 533
133 127 881
0 11 119
46 52 91
96 9 587
42 28 100
67 6 580
64 115 731
111 106 451
80 60 822
55 20 305
48 58 737
118 26 80
37 108 141
113 115 476
43 104 936
85 118 17
86 90 195
22 71 837
29 1 529
102 78 838
33 80 372
66 78 382
75 9 215
26 34 689
93 5 232
76 83 223
107 17 288
62 133 99
93 14 619
52 44 501
85 58 69
103 66 273
90 45 467
108 118 503
79 115 748
8 74 470
65 124 8
115 93 44
5 54 188
134 9 264
88 73 606
69 134 582
65 104 869
21 109 16
28 24 46
62 37 465
124 104 202
65 69 220
87 50 874
105 13 724
60 39 423
100 33 400
34 127 578
48 67 285
49 103 24
7 91 843
89 3 192
99 73 578
83 25 227
40 78 837
91 116 908
64 82 962
95 19 402
14 129 117
49 130 733
74 52 554
11 54 624
25 19 904
101 73 277
110 30 549
80 68 967
46 107 637
104 101 559
121 65 587
123 21 658
66 85 670
68 64 849
5 98 515
94 75 397
123 127 25
50 28 816
0 7 68
25 1 414
25 16 939
49 121 988
43 71 45
52 84 863
81 129 406
101 123 233
19 84 141
1 122 882
82 11 249
84 55 439
54 23 733
12 77 729
27 68 533
64 29 208
26 5 722
12 85 297
77 96 32
115 101 907
107 49 447
99 12 865
124 20 537
93 48 241
25 128 768
79 110 667
88 115 475
111 45 628
2 32 297
20 30 183
111 48 303
122 98 887
84 76 358
105 40 175
61 93 66
68 26 102
36 44 732
118 75 996
65 116 438
41 8 578
69 82 709
33 19 908
59 99 979
104 123 337
56 90 394
7 49 485
120 121 405
76 10 520
36 41 241
109 4 193
58 20 705
127 9 63
47 31 454
55 130 239
89 25 288
108 110 248
30 5 831
25 23 315
52 44 406
33 54 491
12 131 88
14 29 243
0 84 332
86 5 537
76 131 301
20 56 903
107 112 265
107 1 554
61 104 183
122 1 394
78 6 342
93 108 157
80 129 446
103 39 834
112 106 473
36 6 596
36 94 781
35 23 641
35 19 721
88 85 163
101 19 612
7 0 199
18 116 775
24 41 955
3 52 551
104 59 973
104 33 462
22 43 431
43 92 916
54 47 279
57 47 777
29 82 354
105 133 811
84 30 150
17 119 178
4 89 18
27 55 839
58 127 465
78 75 27
54 128 862
29 23 585
128 58 23
106 80 4
86 27 407
131 71 436
51 99 866
87 121 772
104 45 622
77 67 99
47 61 202
89 76 13
46 60 419
39 103 71
112 58 852
61 89 680
92 24 389
102 23 237
94 11 399
14 54 607
41 74 843
129 8 701
25 122 226
20 7 944
121 57 13
31 20 566
53 1 661
113 24 927
58 49 631
64 101 166
10 102 113
54 34 396
91 71 524
114 0 318
133 84 717
3 20 67
99 104 388
30 38 874
106 101 992
33 118 130
30 72 602
41 133 567
39 110 917
60 29 213
37 65 292
55 40 661
119 8 879
118 120 197
23 48 800
46 59 100
47 97 921
95 30 55
33 5 871
47 128 876
2 112 665
105 31 80
86 117 257
111 53 62
57 23 218
58 127 294
43 97 876
110 131 223
75 15 780
63 17 737
55 45 970
50 115 562
10 11 578
69 115 920
79 128 55
30 12 853
47 21 982
125 85 79
48 82 436
73 10 781
33 30 284
97 16 733
71 47 428
17 43 380
128 59 441
40 74 285
57 70 224
20 107 945
83 43 775
4 79 26
115 109 672
36 0 663
118 9 119
15 7 613
16 90 376
127 86 213
70 84 474
45 35 314
91 79 685
32 44 45
121 52 429
77 89 222
123 94 371
40 132 74
0 75 216
92 73 709
20 16 765
121 26 801
6 112 474
132 30 607
93 84 616
114 128 441
75 132 20
32 19 258
47 21 380
47 63 694
80 10 432
63 121 137
25 60 873
3 30 583
126 91 252
104 94 572
31 77 682
98 17 415
128 86 528
57 76 450
75 104 440
76 121 482
122 35 833
30 126 537
128 6 629
43 20 694
117 121 881
63 5 670
131 115 355
66 108 897
44 131 516
57 130 639
25 85 858
64 34 202
77 88 584
101 106 332
6 7 603
54 45 496
132 72 633
18 107 646
49 128 475
128 125 840
72 25 671
134 36 32
60 103 751
67 21 594
127 42 6
19 2 537
33 26 720
94 38 787
1 29 457
38 101 995
11 20 372
94 72 838
127 65 899
63 39 246
131 75 265
60 87 172
84 66 227
58 30 813
62 2 423
102 23 4
41 5 658
99 51 778
127 96 920
92 106 937
105 42 971
127 75 627
119 71 546
124 6 942
28 64 644
72 18 248
16 96 957
101 127 194
9 110 6
0 133 315
31 122 864
102 49 729
126 98 115
87 55 745
27 124 645
116 41 759
98 63 484
23 117 472
72 12 266
99 100 648
51 11 249
100 67 578
113 69 142
11 48 761
1 10 287
104 32 37
49 27 497
12 126 593
42 111 961
96 82 605
128 13 764
4 131 640
44 42 585
110 46 896
2 123 119
103 132 98
20 128 609
123 7 686
36 26 513
90 131 647
128 74 387
89 126 498
15 31 481
42 111 131
1 18 104
112 44 472
14 130 859
36 21 749
10 95 500
87 46 908
93 26 255
67 48 406
76 5 854
78 56 779
28 134 691
56 78 433
83 110 862
76 72 274
67 113 872
112 82 649
121 7 968
0 46 304
19 110 697
110 34 780
34 64 693
95 14 90
95 27 111
86 40 714
57 1 18
116 113 858
99 15 217
15 126 425
29 10 352
125 55 740
71 60 585
1 78 456
9 10 667
100 54 686
44 129 906
108 128 478
88 30 879
52 93 202
28 17 869
41 134 551
132 35 629
35 130 42
129 38 18
76 96 923
78 23 636
72 102 911
39 78 563
13 90 267
98 116 733
8 88 369
15 0 719
95 81 423
8 79 70
78 103 106
57 114 22
30 89 910
134 11 557
104 93 376
106 43 258
9 47 145
49 121 365
72 119 482
121 81 995
111 62 792
43 92 347
66 73 694
104 126 72
29 84 953
70 29 559
130 87 487
6 125 413
94 118 880
40 98 376
12 133 974
96 105 574
101 58 931
91 21 843
21 62 725
48 100 653
1 100 546
16 113 369
123 21 807
36 80 621
2 110 340
87 105 682
5 24 900
35 92 433
18 20 971
81 75 137
78 53 401
30 131 422
0 114 305
43 24 245
53 1 645
60 106 24
53 36 659
127 87 641
32 3 86
80 134 963
71 51 656
102 39 43
23 68 322
98 20 740
16 102 12
111 82 844
104 127 320
3 81 382
121 119 569
68 24 416
24 15 291
22 110 60
116 25 305
89 36 93
88 121 321
40 2 820
83 116 431
55 68 848
133 14 18
72 53 752
116 100 654
89 78 240
55 16 681
37 52 70
27 62 356
99 53 998
104 87 417
56 109 932
33 105 298
68 65 960
23 69 304
44 5 52
42 34 585
28 51 916
117 28 563
52 33 150
121 62 732
125 72 745
19 58 22
12 110 203
119 19 597
46 27 825
62 37 525
85 58 934
51 112 630
6 75 594
112 58 420
48 23 734
107 6 698
119 104 110
90 103 404
74 77 761
96 71 495
99 107 598
122 107 840
11 99 401
42 91 760
11 28 304
127 100 75
4 116 364
73 114 129
11 79 445
40 52 887
27 93 82
78 82 884
99 49 812
62 44 646
116 29 174
9 96 190
12 96 603
120 85 776
83 113 538
34 86 250
48 66 479
128 2 599
22 93 652
118 76 634
20 134 58
13 68 869
121 131 113
42 30 132
19 9 615
35 47 431
62 15 404
46 125 626
128 13 668
65 91 843
16 85 340
116 91 178
53 86 44
14 77 557
131 57 95
14 49 997
123 2 223
24 22 439
29 97 919
97 77 580
25 72 735
52 14 77
50 36 40
102 26 220
9 43 17
118 24 119
20 132 315
20 89 531
34 60 357
84 126 994
32 94 290
47 107 835
53 38 651
92 49 520
16 26 912
64 27 772
127 114 612
32 10 710
21 30 388
128 61 375
129 30 913
11 93 243
101 96 386
68 23 973
60 110 494
11 134 795
11 73 66
69 4 166
62 83 758
41 116 984
25 39 690
17 75 930
93 22 262
134 133 131
112 29 451
48 120 325
83 15 18
111 122 307
72 131 943
34 78 987
133 17 75
51 70 96
51 45 251
18 75 967
120 26 975
107 69 433
68 93 363
126 42 812
43 1 317
7 90 217
46 11 633
72 73 570
89 68 260
56 49 94
119 134 439
16 133 683
77 66 745
63 90 93
20 64 349
103 113 771
55 130 56
112 16 9
40 61 632
101 11 373
16 12 952
59 43 641
64 4 502
129 84 513
49 91 282
29 1 385
99 124 703
7 13 455
113 89 726
133 77 599
76 98 823
8 71 946
90 13 619
60 51 783
62 12 882
37 91 275
80 67 651
31 44 289
122 10 796
117 78 238
113 77 209
23 128 38
118 50 427
57 45 274
52 87 872
67 70 602
40 3 185
85 68 914
101 16 522
129 111 315
22 97 187
1 35 24
62 41 754
98 133 881
64 127 864
12 22 184
3 23 334
117 128 71
61 92 680
28 130 82
104 131 316
134 77 566
0 51 978
49 61 616
70 33 527
23 99 89
14 51 953
78 69 936
48 65 927
46 119 435
72 6 956
114 134 755
39 87 499
53 14 797
2 54 151
36 98 691
82 102 348
54 1 293
128 58 674
26 98 259
47 43 200
86 116 441
65 68 332
29 118 384
116 121 567
51 60 369
80 52 133
74 16 845
39 47 478
46 30 842
46 115 63
62 14 52
2 89 797
118 103 256
99 44 639
19 67 328
73 70 263
127 123 140
1 37 797
57 103 486
66 103 814
75 128 467
107 132 476
25 90 940
105 2 640
58 34 672
91 134 479
14 80 745
96 105 378
123 106 968
32 4 546
17 9 916
7 117 807
110 93 836
92 26 617
67 127 640
48 37 709
71 118 765
8 53 1
61 95 628
13 21 877
17 25 376
114 95 376
93 1 185
33 114 318
41 14 369
15 29 10
115 56 460
97 54 486
55 16 300
28 26 973
62 115 218
124 30 501
91 34 591
131 105 726
70 111 805
60 111 244
12 101 219
132 130 917
131 60 525
71 47 713
56 78 459
92 3 15
21 36 251
15 82 566
92 8 8
16 42 431
51 132 11
104 9 647
118 17 344
30 124 366
57 76 183
44 1 45
103 27 426
84 11 380
14 107 666
86 89 313
88 55 41
87 47 930
113 95 731
125 55 378
37 101 341
96 36 189
87 0 498
131 101 375
25 75 553
73 4 817
42 57 37
54 5 554
14 8 462
127 62 646
121 114 856
18 12 716
0 131 419
88 9 362
90 111 575
83 88 968
2 3 902
73 43 267
53 35 458
101 43 442
6 128 317
121 22 1
109 6 443
111 47 712
120 69 18
100 99 15
44 37 140
97 6 848
8 68 617
19 122 596
100 99 172
98 65 217
118 47 929
69 56 538
4 39 846
110 117 362
100 124 524
13 9 454
11 91 870
130 53 960
67 125 652
52 128 549
127 1 473
39 12 748
9 34 611
43 107 151
23 12 344
42 71 233
82 108 629
94 14 629
22 68 920
6 30 283
15 103 741
71 0 670
106 64 297
70 3 283
98 78 554
6 55 311
82 22 386
37 90 759
102 31 822
116 68 256
134 108 286
115 19 688
116 61 170
75 86 635
35 117 237
86 119 276
63 21 760
25 67 495
99 114 513
48 42 114
23 124 750
106 26 106
108 18 339
81 28 621
83 84 275
119 94 932
81 120 289
16 29 640
122 113 40
38 52 776
65 110 495
119 23 984
127 78 677
10 94 13
87 112 543
105 85 191
90 32 541
134 28 307
37 91 791
104 132 981
63 38 456
115 13 593
16 33 486
126 87 650
112 68 373
83 46 210
12 3 906
71 18 272
103 121 882
4 51 495
128 118 401
75 87 724
4 128 544
121 105 439
90 74 274
51 63 427
18 40 927
76 50 212
113 23 751
104 111 881
17 128 298
96 18 647
76 64 417
15 112 309
123 119 935
117 12 507
78 55 929
122 44 354
112 69 383
116 126 254
124 96 327
18 75 351
57 30 637
108 11 754
27 74 401
81 74 486
9 32 286
85 89 516
25 87 289
17 124 818
16 113 532
126 39 100
134 129 19
110 4 34
20 69 151
18 6 107
81 9 50
112 118 674
84 9 738
129 91 114
33 57 998
10 95 258
99 80 911
57 65 151
101 19 348
33 60 479
95 43 784
6 20 82
71 106 667
46 29 726
1 6 962
51 54 548
84 113 254
5 69 599
115 104 95
102 122 945
132 29 83
3 83 327
96 28 767
125 132 92
32 68 415
122 65 774
106 95 387
23 65 433
114 67 379
59 34 551
89 103 791
68 44 920
91 26 71
134 0 919
8 52 802
97 90 60
55 128 314
44 78 981
98 81 932
1 37 99
30 73 283
130 117 369
44 11 292
0 96 303
65 56 232
74 107 896
52 58 933
29 1 643
133 25 433
132 106 587
118 116 403
63 96 361
42 92 143
40 112 168
109 17 998
130 30 431
83 78 414
101 11 841
66 42 43
134 2 538
132 119 964
44 128 633
133 35 891
115 80 2
57 98 438
130 123 557
43 30 746
111 14 509
35 98 262
36 63 519
118 13 493
31 103 575
22 127 747
24 3 983
104 16 175
120 61 327
2 10 236
31 96 251
2 13 937
88 107 36
68 89 978
27 41 471
106 36 469
107 73 350
120 126 114
32 34 982
78 62 775
22 13 529
21 19 588
14 60 718
75 91 296
128 118 763
125 24 611
37 56 306
44 105 824
130 22 68
37 47 137
116 46 771
73 121 543
48 45 301
23 0 345
97 36 131
13 11 193
128 34 418
45 13 320
102 40 282
10 7 994
39 14 997
43 103 930
56 45 928
0 105 315
118 115 783
83 68 330
103 125 348
11 56 247
14 109 811
132 13 720
83 39 463
37 59 945
101 47 697
0 16 793
14 107 262
21 96 115
110 123 56
28 3 184
108 79 411
109 100 130
112 101 464
17 36 305
119 89 426
36 88 285
32 113 322
90 100 614
90 58 539
84 82 974
122 77 510
51 21 995
71 75 216
34 38 136
66 115 656
63 29 292
53 127 469
89 83 487
81 44 63
100 2 261
68 98 967
42 47 213
48 91 835
3 49 593
69 84 739
61 100 464
55 119 128
123 122 436
121 38 364
128 23 650
132 76 484
4 107 235
53 65 960
69 115 865
20 0 387
86 115 459
110 53 952
1 128 318
101 129 187
76 56 863
5 77 498
1 37 394
124 86 880
91 73 810
131 91 365
23 32 186
7 25 309
13 59 36
0 1 449
118 45 596
97 114 707
6 36 25
98 126 48
98 17 419
46 9 315
10 122 68
14 107 554
95 54 877
116 18 938
73 29 409
54 44 776
98 30 914
10 111 597
35 77 527
13 132 905
18 4 708
92 2 583
45 61 69
94 18 161
49 80 427
0 83 618
98 14 381
13 32 924
91 24 175
8 13 216
27 110 129
36 18 418
32 96 688
30 8 926
60 7 202
123 28 631
32 44 973
53 68 594
54 112 478
98 24 575
97 134 654
71 52 126
90 119 30
100 123 741
64 40 374
77 71 741
41 100 594
7 26 276
118 132 832
46 80 259
45 63 706
83 3 30
61 48 716
8 95 538
91 87 572
90 19 250
2 120 534
42 83 94
32 104 228
72 116 379
55 37 140
34 50 523
27 100 980
127 43 378
19 115 683
45 53 805
69 104 953
111 14 653
81 112 372
118 127 206
28 81 230
48 101 641
13 106 352
39 125 854
73 16 224
89 114 114
105 48 182
8 35 202
116 15 574
17 85 195
126 59 637
21 111 199
46 57 868
68 69 769
30 13 866
92 107 793
26 123 724
130 70 633
114 58 639
66 61 877
87 91 457
102 89 705
69 8 271
131 37 149
131 133 40
95 104 148
63 129 746
4 45 706
127 67 556
10 127 150
103 127 409
9 75 708
134 132 149
42 81 376
90 124 359
75 28 102
13 124 973
123 48 93
1 112 34
26 92 517
83 59 121
15 86 746
76 106 701
45 129 87
122 18 400
49 88 900
3 69 547
109 125 433
128 34 402
71 12 762
105 7 75
96 83 634
80 52 22
50 61 204
91 127 331
89 101 852
100 83 872
109 71 99
73 43 34
92 126 544
113 117 87
87 1 975
47 9 822
76 124 578
31 42 601
33 0 49
14 28 20
57 43 9
74 70 118
71 13 498
56 95 770
27 31 713
85 65 864
114 51 844
89 9 914
19 82 67
101 68 451
55 56 344
107 9 533
53 30 12
34 59 132
39 100 915
48 92 400
62 72 79
89 6 364
37 53 306
84 35 297
85 124 90
129 5 668
76 58 616
18 51 203
38 28 638
77 86 9
87 98 292
17 121 538
113 16 425
51 40 39
10 114 890
40 50 441
5 95 458
13 88 394
104 72 406
46 125 272
54 12 816
17 108 263
46 129 112
53 83 611
69 7 583
77 47 226
124 89 880
94 1 246
42 76 817
20 65 858
107 99 166
117 56 44
15 43 245
23 27 624
75 78 901
75 112 950
83 30 751
97 98 365
33 117 837
104 29 225
70 88 251
31 89 769
94 32 282
82 50 23
103 109 303
113 124 511
59 99 950
61 68 743
116 111 52
27 100 543
38 37 991
51 56 616
58 24 969
99 132 141
39 17 165
74 94 169
23 72 957
115 20 93
29 73 12
104 79 211
117 40 471
95 61 65
94 82 907
44 122 800
9 56 749
83 70 399
26 111 586
13 36 154
29 68 124
77 64 505
29 78 956
4 20 754
12 89 765
133 25 726
39 98 804
39 24 645
13 54 444
133 36 860
16 75 613
14 13 614
28 43 98
60 8 639
71 115 429
77 5 72
131 39 709
116 128 291
45 84 589
43 124 304
49 64 98
59 78 174
5 89 84
96 32 129
31 69 374
83 20 831
5 56 577
131 41 892
60 15 498
50 3 631
77 26 800
78 77 507
44 118 668
36 95 323
37 27 525
77 30 257
113 53 425
51 134 331
84 71 228
82 77 273
116 102 824
64 130 66
43 53 473
30 101 185
36 82 497
124 109 682
58 67 700
131 63 746
50 15 524
40 53 43
55 90 821
46 106 486
10 17 855
13 31 512
58 104 397
98 3 462
30 13 510
120 128 159
11 100 902
127 59 470
98 106 594
81 39 696
10 46 948
127 103 656
97 49 479
51 20 525
126 77 569
92 133 786
13 129 178
83 1 123
18 129 901
73 107 372
114 134 733
66 53 523
31 60 520
81 37 526
113 25 86
34 128 675
115 116 333
82 80 826
48 97 123
0 52 347
36 89 553
96 46 627
54 47 539
86 44 387
19 62 714
82 20 889
48 36 286
87 49 540
94 2 642
13 95 654
27 108 414
5 112 530
24 57 919
87 58 154
49 132 619
101 94 469
99 125 205
96 99 974
0 64 751
27 7 971
65 119 848
34 68 383
78 86 359
123 88 913
105 74 449
77 66 636
117 60 71
104 91 264
132 61 803
84 103 587
117 1 57
67 94 133
79 52 378
93 87 381
118 108 409
34 19 922
115 111 216
27 19 233
15 42 136
91 100 80
62 131 613
1 16 789
122 130 476
61 124 158
68 33 681
22 36 913
17 23 97
45 99 124
117 113 192
10 134 222
63 108 110
72 42 609
90 41 483
61 87 731
84 44 590
117 128 316
73 110 829
63 68 656
42 104 33
44 82 927
32 87 577
119 29 315
109 21 854
56 100 197
83 85 751
121 91 751
31 20 520
106 120 508
87 77 982
132 89 940
1 98 603
93 107 342
72 43 986
9 31 888
95 77 649
70 48 482
75 16 66
41 63 237
128 67 829
130 111 720
39 103 902
26 3 836
128 81 763
66 12 898
65 16 130
32 11 391
94 42 530
83 124 551
126 112 690
91 16 541
44 84 784
35 104 994
39 51 316
130 128 582
29 97 409
131 110 952
130 104 323
107 56 877
49 44 595
75 70 391
33 84 395
99 24 706
52 23 14
38 43 959
17 121 203
29 109 579
23 36 531
40 85 503
125 64 123
103 5 132
27 17 583
47 35 149
1 13 478
126 57 801
1 69 450
2 124 68
110 130 445
95 27 189
99 131 661
10 81 384
32 126 166
25 81 11
1 127 70
119 33 809
84 1 414
53 114 323
103 38 674
0 70 790
41 27 797
3 54 237
68 17 274
13 46 223
28 51 722
71 54 173
77 93 593
11 10 714
111 106 949
93 0 637
92 82 703
129 47 549
125 33 833
117 23 517
65 73 582
80 132 87
36 115 196
64 101 958
82 110 963
57 74 866
20 5 41
115 103 36
130 88 28
111 81 709
56 104 707
2 99 539
60 33 67
25 0 726
79 69 241
67 69 3
98 109 566
1 60 147
103 120 496
100 41 22
40 91 794
72 13 889
38 55 850
33 125 406
126 41 147
68 50 685
104 42 361
65 83 829
25 66 473
70 129 616
101 127 943
65 33 517
123 71 906
19 123 255
109 103 350
63 57 6
26 129 399
61 98 200
71 55 407
8 72 638
76 119 805
29 113 544
79 22 698
102 88 371
32 24 217
78 111 217
61 18 41
19 15 525
19 62 400
0 9 57
98 84 161
126 12 487
131 54 921
107 98 84
36 27 6
41 37 349
108 5 897
123 81 852
115 89 490
119 75 728
125 95 274
6 111 367
121 100 721
48 51 212
22 126 424
85 42 573
16 29 740
42 36 52
111 87 25
31 103 181
21 22 185
56 80 636
106 57 295
25 80 285
30 131 788
131 108 676
50 78 996
37 29 422
134 39 748
24 57 317
42 21 178
91 28 386
102 107 468
97 9 316
15 98 637
33 130 350
19 90 252
116 21 172
30 0 134
72 119 809
1 66 235
47 91 290
132 86 895
75 37 774
97 53 492
41 122 720
39 70 477
100 87 53
61 44 386
7 24 235
112 53 365
84 120 293
125 14 586
36 18 761
91 37 87
29 11 70
114 124 572
18 101 98
17 4 391
98 53 589
0 45 270
65 123 695
105 99 165
114 7 268
83 59 189
73 87 565
129 119 140
13 129 553
49 26 350
90 7 705
68 70 734
13 55 844
51 85 508
24 91 455
74 97 127
87 90 490
90 131 854
115 17 261
87 133 846
70 46 482
51 11 253
2 11 589
104 100 609
64 0 334
53 48 1000
69 98 141
85 124 174
77 65 304
12 19 620
113 46 161
74 108 382
101 24 98
55 60 519
72 101 673
7 78 876
134 28 737
78 33 802
88 61 397
108 20 669
58 130 974
1 68 14
72 57 465
123 9 704
78 106 730
91 129 679
44 17 814
9 15 437
40 101 92
19 50 501
102 132 760
30 18 515
37 97 473
69 104 930
4 83 118
13 32 882
110 122 280
3 119 301
76 37 185
6 80 608
121 16 256
105 23 516
119 122 972
124 31 646
120 4 264
77 102 599
32 56 4
111 14 211
87 134 721
101 42 449
21 102 917
69 124 993
54 87 947
38 17 297
99 121 81
16 87 357
79 28 578
0 79 94
80 109 29
106 112 91
107 102 468
35 73 217
115 48 986
36 74 381
122 128 681
16 74 885
126 55 356
98 101 477
57 10 895
37 122 585
52 78 371
7 87 489
35 37 416
54 131 325
43 51 245
75 97 596
124 14 665
24 106 378
22 101 660
134 37 740
15 127 825
98 54 539
76 119 65
5 126 430
29 36 699
116 95 954
34 41 780
100 37 734
17 88 705
126 26 413
101 13 919
123 86 764
92 9 166
24 50 327
78 102 534
14 54 721
67 114 463
74 64 514
10 134 221
6 117 383
127 115 759
36 79 881
74 22 495
3 73 102
41 59 237
114 81 196
33 25 862
92 67 19
35 58 379
74 45 108
37 25 708
120 71 916
134 104 644
25 78 198
76 34 757
18 70 80
130 117 642
96 79 957
38 96 535
40 132 234
2 27 834
51 67 623
62 45 351
7 89 308
84 34 454
119 82 433
101 86 938
9 17 553
38 128 726
22 9 934
55 21 716
122 13 91
69 74 363
67 61 154
101 25 280
0 3 859
85 96 529
107 11 756
58 56 453
4 124 352
29 73 416
18 78 498
50 104 217
49 7 943
90 113 494
90 7 998
29 10 334
37 87 593
104 2 203
45 68 6
90 113 46
107 45 819
96 27 506
90 97 921
93 97 739
79 61 311
58 70 312
71 28 692
118 28 815
105 90 209
118 126 331
45 64 220
46 0 333
128 132 669
102 133 601
59 72 486
40 39 859
111 33 620
72 82 691
69 70 154
0 29 525
65 102 429
23 79 349
1 2 662
20 29 775
65 81 505
56 52 788
79 49 422
35 101 287
113 5 623
50 58 908
75 57 696
84 100 500
58 128 871
96 77 308
108 46 630
0 41 287
26 41 482
29 103 527
83 9 476
25 85 236
10 77 831
73 34 321
14 25 817
10 123 893
91 50 489
15 25 51
18 1 858
77 131 428
7 36 141
79 104 837
103 121 690
91 8 683
1 77 688
31 6 886
77 115 925
85 49 121
123 40 469
41 42 849
73 78 51
15 116 739
134 6 661
72 39 135
33 73 441
25 71 134
96 124 432
67 52 996
72 35 619
125 14 549
39 95 608
60 15 649
118 104 846
32 75 235
79 118 165
50 105 645
132 44 753
120 36 150
63 118 548
60 114 447
99 29 971
30 63 718
27 44 193
130 57 267
99 113 159
79 125 353
103 24 788
35 50 391
20 59 572
3 52 156
18 82 208
58 86 194
124 72 8
3 134 448
92 119 335
59 103 889
83 118 284
85 6 399
111 58 738
34 54 959
22 2 883
48 22 226
134 99 342
76 106 616
2 70 412
37 83 377
114 128 368
129 20 537
9 100 263
10 43 494
59 111 273
81 57 247
98 133 547
4 74 350
68 93 869
110 5 305
97 49 678
61 60 724
60 93 742
53 110 60
20 47 893
133 69 836
44 61 6
40 53 562
69 116 242
59 123 146
86 122 618
96 122 839
63 129 101
80 90 804
60 42 499
15 67 569
47 61 795
89 103 251
4 109 206
131 122 673
57 42 955
41 48 473
116 119 740
1 24 564
18 27 224
33 40 832
103 123 388
117 100 24
114 49 152
107 92 295
105 93 853
80 14 820
80 99 146
61 99 529
51 129 408
82 63 281
78 0 149
107 109 76
2 19 971
49 38 454
103 82 69
10 20 923
37 95 489
108 38 771
128 78 8
24 9 785
46 13 101
19 69 524
5 88 278
15 63 587
95 67 486
9 43 425
115 0 136
58 78 160
5 25 181
104 72 671
76 19 583
103 121 847
74 83 802
118 39 846
27 100 372
79 68 278
1 25 637
128 105 64
134 132 671
97 87 755
52 134 904
128 102 761
117 16 289
113 41 321
65 71 386
107 43 896
78 86 28
120 92 553
4 82 456
67 127 562
132 110 729
29 130 122
76 70 981
48 45 974
37 105 369
130 47 622
20 10 689
37 28 874
95 52 309
19 134 114
117 37 46
10 17 736
22 37 64
126 134 42
46 75 958
14 107 469
15 19 517
71 39 119
48 130 352
14 21 247
26 39 226
16 124 614
44 41 618
109 77 730
80 20 987
67 14 175
106 10 809
49 71 719
134 76 579
66 79 734
94 50 124
31 78 968
79 83 413
29 78 978
100 1 103
38 97 683
53 92 632
79 8 736
65 41 372
4 22 737
115 15 680
113 59 883
11 85 836
47 117 235
15 133 873
129 128 786
120 75 676
65 86 473
60 59 550
11 60 830
132 65 83
33 102 210
124 68 897
67 71 52
55 102 608
97 66 287
20 115 705
85 120 152
75 37 183
55 9 253
35 39 110
78 129 995
92 0 994
73 28 581
71 19 95
119 88 589
88 75 7
126 75 610
75 61 506
78 84 82
46 65 269
56 111 213
25 63 649
111 93 569
87 33 691
113 23 272
63 134 756
67 114 852
90 36 989
16 55 68
54 79 609
80 72 502
82 74 594
125 109 472
7 80 383
46 30 918
73 126 914
85 39 432
63 8 147
96 9 591
73 45 533
25 84 632
119 94 108
75 60 785
22 41 86
26 106 220
81 85 466
99 63 921
119 4 222
74 72 717
8 89 801
94 47 354
82 36 228
88 46 258
109 122 493
3 101 302
114 127 81
6 49 984
23 102 462
68 107 388
35 59 426
30 102 480
34 106 835
19 72 407
131 120 263
81 45 668
119 121 636
86 92 991
119 51 16
109 41 21
97 48 320
63 97 575
36 85 935
28 109 661
134 21 661
2 61 644
111 24 112
6 26 84
9 84 782
46 3 302
128 116 12
74 23 785
58 27 296
97 2 789
121 22 236
41 53 391
16 21 853
7 117 402
28 67 10
81 23 625
42 21 914
73 120 504
6 27 323
62 111 643
85 82 245
99 116 277
97 104 945
75 95 767
5 35 998
91 92 498
63 44 693
68 8 25
79 5 807
82 34 365
96 126 497
100 92 344
41 131 726
16 122 351
26 24 835
19 104 801
64 77 264
46 97 886
37 8 596
57 88 169
24 108 9
132 29 823
32 85 216
17 10 200
8 92 214
71 121 317
65 133 459
122 57 483
36 16 248
123 122 3
47 73 905
93 129 56
23 63 304
83 127 318
59 104 44
131 89 833
124 97 90
18 123 263
126 65 927
43 58 53
127 69 961
131 62 474
61 74 429
29 121 460
113 85 57
30 54 889
127 107 641
37 82 374
2 83 401
118 90 183
95 42 49
53 5 217
45 19 513
28 110 529
0 98 336
75 92 428
65 108 421
75 122 319
63 133 728
107 123 536
43 10 827
103 85 361
42 30 898
85 44 13
22 34 879
97 69 524
55 11 659
64 36 994
32 47 672
76 9 260
113 132 443
89 115 86
133 74 382
5 95 189
18 73 68
41 32 427
15 104 171
64 125 282
17 9 556
26 100 562
66 87 620
7 54 472
72 50 976
73 100 313
5 71 986
109 5 395
39 73 447
24 68 392
85 97 713
51 41 742
51 48 631
7 23 51
13 39 492
116 96 16
52 14 431
17 116 835
58 50 945
50 77 162
1 32 906
80 103 505
101 15 82
68 105 848
61 130 646
9 133 840
2 88 463
129 115 901
100 43 469
113 52 124
60 43 752
92 16 928
40 120 565
26 20 434
62 67 685
99 72 546
95 50 109
92 1 118
92 20 134
119 27 554
132 95 819
104 124 466
28 13 607
39 116 875
85 82 335
70 13 391
82 92 934
71 132 950
53 122 5
18 12 514
45 70 742
21 42 642
10 134 464
40 128 157
118 19 350
111 60 228
58 33 650
110 23 112
127 117 778
11 18 349
29 46 17
109 68 220
29 51 898
5 119 935
121 113 692
24 113 627
73 17 569
93 131 595
102 54 603
113 86 862
58 42 950
57 49 251
47 22 102
125 110 588
112 16 406
15 38 447
68 63 684
61 55 235
48 133 218
57 11 790
124 50 292
83 121 12
111 20 131
116 108 746
108 89 298
71 115 97
18 30 948
78 61 704
65 40 359
104 71 827
20 109 160
122 101 444
85 28 107
120 4 170
67 75 978
95 40 397
77 58 735
69 43 254
79 16 459
63 54 642
55 83 100
50 30 747
14 100 61
90 102 641
96 47 408
78 10 814
105 79 942
107 25 951
28 18 423
70 53 106
121 129 160
11 95 682
83 26 239
5 18 238
12 106 77
13 7 79
2 125 924
81 77 71
40 48 400
6 82 840
85 39 146
13 59 84
111 22 198
67 99 965
52 16 538
81 49 146
81 27 10
88 107 446
9 23 412
71 123 174
64 68 80
25 110 11
18 84 35
107 111 697
116 49 489
73 49 881
66 98 479
18 58 597
119 2 684
37 39 217
55 102 100
51 78 962
104 75 646
70 62 326
104 68 696
85 120 596
57 25 880
82 0 555
11 98 930
99 132 667
100 130 510
48 79 799
96 20 143
37 30 15
12 108 751
114 69 535
0 11 423
1 126 1000
102 87 872
9 51 237
18 68 229
46 63 223
48 85 819
50 112 26
114 111 268
74 47 564
131 52 364
59 61 926
124 121 773
98 56 764
131 9 316
3 18 671
113 12 375
84 75 353
110 120 296
71 29 833
107 73 23
64 86 526
122 48 384
123 130 973
134 56 779
116 103 955
90 85 206
122 115 237
51 130 178
52 80 610
39 110 154
82 110 930
15 109 880
96 25 480
7 104 780
62 2 275
42 94 813
55 114 842
94 101 84
56 25 857
120 39 109
122 134 205
19 99 53
115 65 199
47 65 69
61 64 958
120 36 453
95 64 774
61 83 600
54 49 377
16 53 580
79 63 230
35 70 518
51 62 397
90 13 535
56 62 976
59 20 150
70 96 188
61 40 762
122 113 433
46 12 473
102 8 969
18 87 623
70 61 401
68 103 66
42 50 835
101 75 239
121 90 488
20 47 333
62 124 111
108 100 139
120 22 897
75 7 627
6 52 763
133 112 814
42 44 624
72 133 840
104 132 477
51 92 697
17 94 423
114 60 537
42 14 514
93 40 620
47 67 254
19 51 381
102 112 603
28 90 557
6 44 113
117 81 191
105 9 386
82 59 191
53 47 570
41 87 806
112 27 251
74 58 874
120 91 391
89 57 913
22 126 558
89 17 706
5 3 742
9 115 762
19 16 473
63 17 822
35 105 604
83 12 470
17 134 612
97 42 990
88 83 374
74 123 366
34 4 149
61 81 817
27 87 742
24 23 446
131 39 874
36 87 841
10 119 542
132 45 751
111 23 380
3 32 693
77 91 826
92 100 627
131 20 65
42 132 434
47 35 71
75 64 333
25 87 659
60 23 78
7 57 505
18 79 842
20 89 789
121 125 833
126 14 306
52 9 576
73 109 949
55 37 361
99 46 447
94 112 866
61 128 763
26 18 698
33 126 988
54 84 29
28 56 536
108 94 735
87 22 767
54 63 330
73 22 619
10 48 321
70 132 281
82 111 80
127 132 693
51 125 346
82 91 515
100 47 485
67 37 899
111 73 917
42 104 966
19 77 807
86 36 90
128 36 696
104 55 754
37 65 642
80 95 590
97 9 34
19 126 153
118 88 802
35 119 821
125 84 247
6 21 450
16 48 487
41 112 774
58 103 857
56 106 52
58 99 636
77 41 267
83 87 513
72 113 713
106 45 476
9 20 907
16 22 708
62 127 626
129 59 564
114 51 398
7 12 482
107 16 194
36 89 91
9 49 126
103 82 408
118 37 649
47 55 261
119 83 743
10 5 981
86 57 894
12 64 751
11 73 874
55 37 306
60 43 473
40 36 612
112 127 924
0 31 99
52 134 643
126 109 966
62 24 806
61 74 147
24 98 340
20 112 264
90 64 232
105 4 749
44 11 632
104 76 799
62 10 312
62 124 661
4 75 589
90 52 952
133 106 888
18 27 584
111 21 280
88 29 999
52 134 73
96 99 975
109 12 243
93 63 627
9 59 316
134 82 318
52 81 273
73 58 392
86 80 467
112 90 676
55 120 427
18 123 161
125 63 912
70 21 249
32 97 204
42 74 410
78 45 934
8 63 123
73 2 355
40 125 690
15 110 101
48 70 195
130 49 44
4 65 563
53 66 886
67 120 195
34 62 55
35 75 168
82 120 110
21 117 102
8 130 424
94 23 355
66 30 600
87 78 868
73 16 118
20 99 122
55 85 850
34 46 265
45 77 481
116 10 565
129 43 81
13 101 353
56 102 427
103 46 870
71 55 576
57 43 330
67 2 199
18 8 156
9 27 818
120 47 318
21 116 607
36 28 188
92 116 697
94 19 651
16 91 136
3 13 806
107 118 399
41 30 713
98 2 225
75 112 392
114 129 970
127 27 576
121 54 257
108 12 106
25 17 964
40 110 820
86 87 647
0 127 655
62 86 63
24 90 678
47 8 668
121 77 868
56 19 919
5 82 120
49 36 811
30 8 960
77 84 746
9 30 381
134 32 593
9 109 455
89 19 322
57 14 474
71 99 455
103 51 275
83 86 250
123 26 573
65 119 669
0 52 56
113 26 495
20 47 424
113 75 362
15 71 956
21 102 437
129 128 602
74 103 631
81 67 688
6 93 634
65 129 955
51 85 802
49 3 847
52 33 808
128 91 491
105 113 558
99 33 393
66 53 427
51 118 206
99 41 104
120 63 723
1 10 226
107 60 109
47 120 565
81 133 655
17 18 834
33 54 388
2 17 807
125 101 682
62 134 325
66 8 268
102 126 415
31 5 895
30 34 842
22 95 188
23 74 326
133 73 830
94 72 910
123 47 865
68 94 28
98 53 441
18 22 351
107 121 687
45 14 754
59 18 901
65 123 360
79 114 411
22 10 403
14 111 880
42 61 248
90 54 111
7 70 838
121 99 524
58 111 365
103 94 152
19 80 735
125 87 160
112 113 94
38 39 48
122 37 491
91 83 422
30 121 86
96 61 475
63 126 251
80 52 245
55 74 276
97 11 801
35 58 545
117 32 972
23 60 270
117 55 319
119 112 838
20 96 681
130 28 277
64 38 10
69 34 564
102 105 317
47 125 916
42 26 842
33 132 448
15 89 653
37 127 834
98 67 702
108 102 624
65 13 783
98 78 479
11 109 713
97 29 819
24 113 365
37 69 522
36 14 761
114 109 903
67 25 930
83 16 736
134 66 600
27 6 260
114 84 616
74 58 480
36 16 666
112 88 286
53 1 122
30 41 452
76 91 130
1 2 832
9 29 804
21 9 594
102 23 473
116 49 196
51 100 772
90 67 471
32 119 100
39 91 40
30 11 244
89 134 101
16 110 528
133 24 756
81 126 134
15 106 267
20 51 341
3 58 190
51 9 940
84 114 850
89 23 212
92 9 830
129 58 946
15 69 152
47 127 103
128 99 910
128 123 410
27 90 324
37 77 292
24 40 250
20 31 235
42 89 130
42 2 829
16 113 695
3 99 45
112 10 112
78 51 399
110 99 238
85 66 245
14 81 854
98 78 453
82 67 16
25 3 161
66 116 645
39 49 704
17 29 396
50 129 439
44 96 565
50 67 958
28 58 611
92 112 383
2 58 330
27 128 933
115 124 718
75 61 715
128 7 977
52 72 322
16 126 270
2 122 824
40 30 747
41 63 338
4 64 25
132 124 723
52 130 84
13 86 172
128 27 869
68 65 218
12 75 629
93 42 969
10 129 486
93 102 725
10 95 973
130 12 753
25 3 154
17 105 527
133 109 654
22 74 892
126 36 597
27 104 38
57 45 275
28 21 442
67 26 991
82 26 412
118 24 62
2 7 999
12 118 233
45 73 921
130 87 263
68 77 462
41 71 351
52 88 702
83 115 417
51 9 489
44 13 87
39 8 623
21 113 231
103 2 923
4 109 752
107 88 397
84 4 355
72 94 906
68 110 567
63 92 919
123 113 87
100 71 429
65 81 908
132 15 598
60 21 481
68 63 402
37 96 299
71 118 404
109 99 479
107 35 750
97 18 761
85 58 160
19 62 954
107 18 576
124 2 986
19 45 844
12 101 48
0 55 424
5 56 986
104 20 732
35 74 110
64 28 36
106 85 452
60 109 510
123 30 498
82 19 964
30 87 747
37 58 451
117 44 20
58 117 612
112 35 362
74 99 213
39 59 394
3 25 123
10 5 576
48 3 345
62 21 918
89 83 642
30 116 44
126 20 509
18 62 477
46 115 728
76 122 17
52 134 715
1 40 230
52 48 993
129 78 326
9 124 403
16 33 319
13 80 595
59 20 898
15 108 908
49 96 94
31 15 693
10 106 563
27 44 539
29 23 782
123 81 170
106 108 657
71 105 615
34 102 285
8 3 375
75 51 114
56 4 805
13 90 922
112 62 342
52 9 262
78 133 663
69 53 925
101 78 548
86 104 682
1 118 857
77 72 609
123 30 94
18 88 911
54 134 539
95 22 256
23 80 136
118 27 763
55 2 373
8 98 947
50 103 497
5 126 192
21 28 309
117 13 922
134 129 945
17 65 191
27 120 147
114 102 233
71 94 947
15 22 105
64 26 211
127 25 101
50 12 486
87 59 491
120 102 346
63 37 771
64 102 654
11 96 853
130 28 660
81 55 35
131 98 448
63 56 374
73 118 289
62 80 6
101 3 427
37 96 535
61 26 983
81 105 89
51 101 10
7 67 978
123 99 9
123 25 380
39 69 351
78 76 445
4 109 647
22 29 836
24 97 682
84 30 272
11 81 136
58 85 457
106 42 271
127 46 952
10 86 802
82 4 126
2 10 718
55 79 159
27 39 378
20 130 531
24 67 389
14 69 849
34 82 574
122 15 800
86 2 329
101 104 388
34 90 502
63 82 720
104 70 482
66 3 652
133 122 667
102 76 599
37 104 940
88 110 193
56 86 152
10 114 58
82 68 18
50 85 799
46 82 924
10 108 26
56 72 334
9 130 625
56 77 10
89 70 205
27 113 548
103 53 978
109 54 895
60 40 90
64 44 205
108 103 849
82 114 265
49 99 222
34 126 655
110 128 695
106 132 729
53 21 415
89 13 578
21 93 143
94 114 391
13 3 220
83 110 223
32 127 810
47 0 523
38 115 472
91 88 458
51 16 501
93 49 524
98 107 834
61 48 678
0 121 752
66 123 17
93 133 449
81 12 192
47 91 957
55 3 676
87 108 297
124 50 100
15 33 899
87 86 902
18 1 237
134 81 469
38 0 77
85 67 356
35 106 913
127 112 697
111 69 19
99 94 409
102 47 29
107 100 857
125 13 307
121 109 454
61 63 823
2 18 654
54 128 396
113 91 965
110 55 415
9 57 289
68 102 129
35 75 137
43 88 346
38 88 723
9 61 201
130 125 966
131 43 344
29 123 852
12 8 576
68 122 761
65 108 814
89 57 821
91 2 437
46 55 159
104 66 725
53 10 46
82 97 304
15 114 37
25 89 325
57 94 302
37 116 581
126 49 202
44 13 753
11 124 687
58 118 533
73 26 483
65 97 826
47 90 388
0 90 748
85 107 602
3 64 815
52 38 58
126 13 118
24 74 99
1 62 330
40 117 321
12 118 444
124 38 532
46 94 174
4 7 574
1 14 779
49 60 71
91 74 468
26 132 254
70 131 915
60 62 446
22 42 636
69 37 400
130 41 701
25 118 874
74 19 280
16 124 176
100 50 47
45 107 506
12 8 20
103 57 284
67 87 418
77 18 716
41 35 457
90 34 453
46 78 900
73 115 458
16 76 824
97 129 508
46 86 903
53 120 307
6 20 523
63 94 102
11 23 904
60 70 852
57 68 632
0 122 678
107 100 405
6 31 42
37 1 350
113 95 413
44 86 182
17 1 110
43 88 146
97 3 713
18 30 773
22 98 717
64 5 539
78 11 791
75 16 601
85 74 601
45 57 368
92 45 726
16 121 77
16 58 697
2 7 419
50 62 914
129 17 78
104 24 873
38 77 318
91 26 610
0 61 769
94 19 759
117 41 811
130 97 31
97 50 707
122 63 442
97 10 81
92 126 561
133 41 587
108 123 864
85 118 74
92 28 479
87 26 866
43 31 579
22 39 586
16 127 475
20 34 548
25 52 168
76 7 850
76 45 504
60 70 559
74 131 286
73 43 545
58 40 690
132 74 393
96 104 838
58 116 644
86 20 672
104 43 566
48 10 620
98 1 428
85 17 728
22 115 927
122 93 729
43 108 589
95 123 480
125 58 391
71 92 955
54 127 926
81 89 452
66 8 232
126 133 683
42 9 99
99 24 936
89 111 499
24 8 818
18 31 337
69 17 955
14 90 170
79 38 761
62 105 465
26 20 167
35 23 417
45 71 45
116 3 894
53 45 107
52 77 689
67 108 774
114 80 884
36 47 893
79 87 29
15 79 91
6 81 108
80 46 254
31 8 551
66 35 342
75 132 267
116 8 424
15 28 476
121 99 567
71 39 583
83 102 900
3 40 859
58 116 869
119 89 796
33 17 577
73 58 65
25 67 219
4 114 414
11 69 159
62 13 33
132 34 808
111 21 324
36 30 179
29 56 333
34 62 983
69 72 681
67 54 117
43 93 411
18 121 781
57 68 855
51 37 749
68 16 622
84 19 434
53 38 409
31 48 125
34 76 307
5 112 287
120 30 380
76 71 303
17 92 797
129 70 230
76 60 442
42 93 502
110 85 710
121 100 856
65 9 620
62 104 9
84 9 370
102 91 936
77 123 891
28 131 899
87 95 297
71 101 285
45 20 570
132 13 712
97 109 433
83 88 510
69 23 371
22 51 802
115 30 182
101 67 278
13 105 67
127 118 633
60 73 207
49 90 328
53 50 868
94 13 872
54 13 438
9 104 372
26 60 855
122 49 524
91 28 363
74 86 151
47 29 194
59 15 960
98 36 351
19 114 578
114 10 308
38 48 571
106 74 384
32 75 194
20 114 140
62 95 314
97 2 926
3 45 198
117 78 80
109 58 169
33 68 897
26 118 813
29 27 80
29 93 484
98 58 252
114 40 245
23 117 487
3 80 268
58 115 938
74 10 512
0 27 185
36 63 933
99 55 707
101 102 506
82 69 631
100 4 700
80 112 420
17 109 591
64 106 731
22 53 509
60 71 33
101 78 945
84 22 305
84 129 482
61 98 632
64 73 293
127 17 204
15 122 680
107 7 971
97 16 597
123 64 42
83 75 275
64 108 625
82 20 672
113 18 28
128 24 705
134 22 450
53 60 630
77 119 724
112 65 771
131 76 173
31 76 281
14 66 452
112 97 807
69 75 39
129 121 117
125 76 752
32 112 107
70 20 891
82 47 209
42 37 689
48 102 187
66 7 177
94 33 695
1 33 599
78 2 915
100 58 684
93 90 421
4 99 897
117 39 392
74 14 957
102 22 463
120 54 50
63 24 625
95 54 877
127 19 252
11 59 915
35 14 491
82 15 179
0 1 956
27 3 368
2 58 81
84 12 114
7 30 36
20 65 89
116 106 362
77 42 366
13 0 553
63 23 295
29 58 732
115 109 148
17 121 689
134 50 416
5 35 317
122 71 579
121 113 472
59 3 336
81 74 226
105 61 810
79 70 527
125 102 949
123 6 720
32 107 919
106 69 679
16 76 838
10 70 544
37 17 658
85 72 516
50 44 209
103 86 191
116 118 452
56 54 621
80 98 487
63 34 363
91 11 471
2 30 199
114 77 628
43 32 642
76 90 459
103 73 354
39 38 495
50 72 83
102 113 443
31 93 316
114 126 996
7 54 223
59 3 570
89 19 898
7 103 762
65 70 666
80 112 941
53 80 270
0 25 750
92 63 811
80 121 926
32 27 395
114 23 570
3 67 323
117 75 570
69 128 332
130 8 505
70 99 674
22 122 649
1 119 771
55 41 427
6 87 212
20 60 816
84 55 165
21 72 777
73 88 202
109 112 923
40 0 179
49 124 293
44 95 101
7 3 12
122 4 733
115 55 377
134 127 357
27 130 163
113 61 552
0 5 185
110 113 920
120 84 265
75 30 414
29 45 390
43 44 413
98 91 494
93 62 349
72 73 249
31 90 63
95 52 179
6 61 960
100 6 969
55 107 807
4 96 69
26 61 930
1 50 202
91 12 425
42 110 359
37 61 315
70 119 164
89 116 824
64 121 986
27 74 145
22 32 316
89 56 942
21 48 899
18 49 304
25 14 906
35 93 835
122 76 18
26 116 141
120 12 912
115 73 175
42 56 675
107 44 652
88 3 946
23 118 554
125 88 835
80 56 826
46 104 807
28 90 415
6 56 600
71 61 765
12 20 156
62 90 417
46 115 509
80 22 24
9 68 464
4 111 390
20 109 561
81 44 963
105 115 824
112 101 695
11 88 747
72 21 872
30 82 97
80 75 641
75 119 325
107 103 121
66 83 509
123 101 853
133 37 762
15 22 46
92 16 571
93 21 851
107 60 245
134 63 978
79 108 422
22 122 934
39 58 760
24 132 982
108 85 657
99 123 760
76 88 21
25 7 662
32 118 85
45 124 294
124 125 685
40 87 330
120 104 501
113 92 859
62 68 924
13 22 933
44 48 671
35 129 320
1 114 274
91 2 542
59 91 940
19 88 819
69 30 767
66 124 971
112 45 762
65 63 264
51 2 982
28 106 304
102 57 485
92 86 316
116 113 326
95 57 880
34 45 968
25 94 139
40 83 103
83 21 598
14 87 177
40 48 573
41 102 832
102 93 420
105 12 913
131 111 841
78 33 212
116 100 335
97 48 121
6 59 757
83 46 940
129 31 181
27 50 257
26 15 402
40 52 1000
106 54 949
83 45 458
21 94 911
128 17 215
126 102 450
52 69 28
26 64 2
71 29 325
16 79 923
107 17 363
27 75 454
30 71 172
64 83 369
103 133 786
110 14 236
79 66 162
122 26 302
23 40 978
131 93 138
97 17 714
128 74 743
124 91 397
17 10 769
51 85 902
61 92 590
36 119 147
