17 9 239
6 10 848
1 23 392
6 17 186
5 10 906
15 23 147
4 17 757
7 20 641
3 7 613
0 18 59
7 19 701
11 22 505
6 9 3
0 15 622
19 15 728
22 3 944
15 2 912
0 22 659
6 16 91
13 23 517
0 16 212
6 10 332
13 4 260
13 10 907
21 7 139
1 3 163
10 13 768
22 19 752
19 16 294
17 12 293
10 19 264
2 7 550
19 17 60
7 20 119
15 22 790
19 4 223
14 3 379
19 12 333
8 16 660
17 8 736
8 4 614
12 23 156
15 0 494
18 13 563
24 14 88
21 18 752
1 23 993
12 24 915
1 11 677
20 6 918
21 12 639
18 13 942
14 1 569
7 15 531
21 6 870
9 23 167
16 11 523
9 21 256
4 13 94
19 24 942
20 17 412
13 12 795
23 24 746
24 19 726
24 4 386
23 2 362
14 3 846
14 0 89
20 5 945
18 0 927
22 24 192
15 19 507
24 20 320
10 7 74
17 6 762
15 21 25
6 11 969
5 18 400
1 18 932
1 3 205
1 19 257
9 20 634
15 9 782
11 24 849
24 1 945
15 14 213
17 11 877
18 5 855
5 6 190
10 2 339
19 15 869
22 15 546
3 11 768
19 18 535
2 14 926
20 13 523
21 6 299
18 4 979
10 21 784
7 12 41
16 17 575
3 16 233
3 22 9
2 15 785
16 15 290
18 24 119
23 6 315
14 17 77
19 7 409
17 11 380
0 20 757
10 16 159
7 0 804
5 19 276
16 2 158
24 16 234
11 0 267
20 10 434
4 14 906
21 11 759
22 19 874
10 8 212
12 0 989
8 13 41
23 6 318
24 21 269
16 8 519
8 16 350
24 5 382
20 9 596
1 5 356
13 12 624
13 5 35
21 12 449
3 13 407
16 6 200
22 18 663
0 14 187
9 10 802
15 11 509
24 22 402
1 24 829
20 10 571
16 19 802
8 21 692
21 5 153
2 18 536
20 15 653
4 14 715
11 10 992
4 7 319
21 24 314
17 15 829
23 10 890
8 6 915
23 9 795
1 18 948
11 2 481
6 4 824
20 11 400
