7 0 901
12 0 937
7 3 633
9 1 541
1 19 86
11 10 537
9 14 146
0 21 751
16 3 420
14 13 257
19 17 607
7 20 955
20 21 315
21 16 408
22 10 449
20 16 681
20 0 429
1 15 211
14 17 897
3 10 898
8 20 173
15 17 999
19 13 59
15 0 226
9 20 101
11 10 524
5 4 543
19 15 797
22 7 132
14 17 310
14 3 659
20 16 402
16 8 799
19 17 323
18 6 412
17 22 607
7 4 366
9 15 131
18 22 392
15 16 624
11 17 458
5 10 126
20 7 111
16 6 771
8 12 791
3 20 261
10 20 791
17 5 999
12 15 357
7 13 564
8 3 506
18 5 40
2 19 155
12 21 288
6 12 279
14 0 509
20 5 497
8 20 313
7 17 743
13 22 381
20 16 17
9 2 956
14 3 442
21 12 799
13 0 229
13 8 848
2 7 168
12 14 530
10 3 692
17 8 816
18 1 892
12 7 982
7 20 825
10 18 268
8 9 506
13 4 337
7 22 168
2 3 786
6 4 1
18 1 566
9 20 134
18 17 454
7 17 101
6 4 729
15 17 934
4 11 493
3 0 892
14 16 704
21 20 509
15 2 603
20 14 651
13 3 394
19 9 517
13 8 87
0 2 907
13 3 552
4 3 254
5 2 245
18 0 802
19 22 943
6 18 142
22 7 311
11 9 230
2 19 183
7 22 594
13 16 719
2 14 220
0 3 634
19 18 597
21 18 460
2 1 790
14 19 365
0 2 102
11 10 176
3 19 130
14 19 877
0 17 87
20 22 899
5 22 574
11 5 294
2 11 905
11 22 687
18 8 441
4 11 709
15 1 683
0 3 713
3 19 629
19 0 519
15 1 57
6 12 319
17 12 129
18 21 455
0 5 481
12 21 819
22 0 978
12 3 860
21 7 307
