28 6 254
12 11 943
38 25 103
43 26 176
16 18 473
37 32 529
32 9 242
28 4 506
13 6 975
40 9 238
0 42 835
23 1 46
39 31 21
44 27 673
29 8 375
29 20 191
25 42 612
18 37 120
33 18 956
40 5 521
15 3 525
27 38 457
43 15 226
6 21 135
31 44 266
11 31 48
43 36 132
20 33 576
13 22 32
18 28 338
0 15 757
37 35 694
43 33 955
43 10 417
20 0 310
28 8 644
24 19 138
20 18 534
40 36 837
44 43 554
25 39 441
8 27 540
2 38 871
4 12 255
9 12 972
23 6 518
21 22 956
27 31 808
10 9 430
22 0 841
17 10 392
10 37 89
21 27 994
21 0 279
33 34 714
2 8 360
20 1 492
41 39 113
8 38 834
17 18 14
33 39 569
2 41 478
35 6 303
16 25 148
7 33 94
42 13 109
0 5 666
3 23 931
41 23 299
37 25 260
27 31 748
23 7 809
16 0 226
31 15 484
26 40 23
31 34 185
20 44 386
11 22 811
23 8 762
6 12 14
39 6 269
37 22 75
25 21 497
20 42 380
12 24 558
4 7 344
34 24 12
8 18 858
5 2 845
12 7 741
3 15 238
18 41 947
33 10 475
39 24 843
20 42 102
10 22 457
0 34 765
9 33 493
41 6 794
12 26 405
42 20 677
26 30 154
40 32 487
17 24 918
32 14 411
30 10 616
29 23 838
24 34 604
42 18 939
17 27 153
5 39 521
39 4 745
18 8 240
6 39 469
26 2 108
16 8 884
30 21 518
44 25 517
31 4 104
43 13 178
14 42 308
34 43 551
37 29 713
28 6 395
39 43 303
24 14 395
13 32 303
44 26 590
36 11 860
35 20 808
23 5 562
44 30 801
36 32 309
0 44 260
22 12 903
19 39 40
36 19 836
42 1 791
21 7 480
16 3 888
19 4 293
24 31 186
28 14 969
30 10 584
34 15 333
30 0 210
42 6 605
20 37 692
34 20 857
11 40 922
32 24 928
35 6 871
27 18 985
16 21 346
39 19 94
5 6 491
39 2 27
22 39 307
4 18 600
5 25 559
34 28 491
42 44 164
19 17 359
26 28 805
34 5 935
9 11 997
31 3 738
36 40 397
2 20 328
43 20 37
15 11 26
41 5 171
14 44 477
12 25 378
31 41 534
34 0 265
37 8 785
12 43 500
24 33 353
24 6 378
9 34 148
3 33 374
17 28 487
14 42 67
15 7 904
9 44 418
3 27 504
0 7 607
3 7 73
6 18 873
13 38 67
5 25 975
35 2 927
26 9 668
20 29 412
34 15 771
23 34 667
10 21 306
41 23 531
23 31 197
11 41 268
4 6 226
20 30 90
17 12 547
19 44 370
22 36 240
38 39 75
17 5 7
38 24 190
24 36 40
12 44 267
10 19 833
29 23 502
32 43 973
17 36 956
5 21 968
18 4 601
16 8 595
39 21 802
27 12 797
14 6 650
34 26 44
20 42 551
43 22 903
14 9 717
30 9 606
2 21 542
36 15 875
34 15 243
13 26 111
27 31 922
5 8 827
0 26 9
29 26 493
12 31 20
43 8 857
2 3 75
18 41 158
38 17 182
0 16 163
35 19 703
19 44 104
14 35 737
3 6 604
20 41 571
22 36 873
8 4 116
40 37 257
4 36 785
40 9 221
24 28 333
22 31 876
28 34 460
10 11 478
35 1 820
27 44 801
31 3 483
14 4 597
26 16 410
35 36 539
35 11 166
38 21 107
44 16 339
34 13 906
23 11 330
38 43 675
10 29 766
24 42 353
29 13 665
25 39 849
44 33 567
13 40 450
6 25 575
14 37 485
22 5 639
28 5 230
41 29 541
1 6 340
17 27 939
27 7 26
19 21 418
38 30 259
3 32 653
43 11 434
13 6 17
13 6 528
31 12 623
24 12 814
1 11 648
25 19 133
12 6 616
5 25 221
13 19 806
29 30 439
4 40 582
15 23 983
21 30 537
29 20 302
14 0 380
0 13 920
8 43 572
13 17 185
30 10 443
2 3 493
38 3 863
6 21 908
26 32 653
32 44 854
17 0 816
4 2 265
25 1 293
16 12 543
37 2 975
8 34 697
19 26 603
38 4 844
44 26 991
28 14 718
10 29 820
13 0 472
41 35 256
35 23 783
38 15 767
34 9 665
0 22 610
30 39 783
25 31 147
14 2 578
5 21 923
11 8 762
44 8 780
14 41 645
7 19 513
5 16 477
42 6 636
20 16 237
27 34 442
17 35 177
25 8 615
43 38 13
26 29 944
16 28 755
19 17 976
5 24 703
7 17 330
41 35 563
3 32 664
27 36 68
25 6 707
9 14 323
19 13 609
3 42 355
29 27 965
41 3 341
26 24 931
16 18 1
19 18 150
14 32 847
33 2 27
0 4 140
4 15 704
16 11 814
44 33 933
12 9 980
27 44 972
44 15 680
44 2 143
34 5 666
21 24 902
20 42 673
19 26 740
29 10 809
5 40 446
8 18 997
5 33 656
43 17 648
6 11 372
43 31 262
19 28 87
11 7 979
1 21 248
32 30 544
7 34 626
41 18 792
6 28 501
41 31 47
3 39 255
29 7 78
31 38 315
0 19 452
29 30 641
6 32 144
26 13 122
23 2 306
1 38 388
29 10 960
2 26 387
35 29 552
15 18 996
8 15 56
1 27 433
32 34 641
12 17 877
0 24 189
26 38 390
42 23 488
9 21 320
3 16 524
39 34 193
35 21 65
13 22 626
7 40 648
15 0 625
1 28 360
9 16 760
39 20 632
17 26 48
30 15 617
34 28 167
15 26 234
29 1 493
12 29 783
1 11 281
2 28 746
1 30 602
23 35 122
10 31 552
12 30 15
4 38 753
22 7 304
8 38 947
41 13 701
10 35 34
20 11 357
11 8 198
40 31 450
41 21 922
27 6 865
42 29 593
44 9 310
3 34 759
42 34 487
17 31 130
20 33 123
43 28 647
31 26 129
4 1 331
5 12 547
5 24 844
27 14 954
17 7 605
7 27 282
21 8 742
41 17 349
44 29 55
38 37 412
26 44 821
12 3 361
11 35 426
39 44 119
32 14 980
2 1 758
17 1 745
16 21 357
41 17 922
15 6 125
11 6 945
15 32 221
0 27 509
16 32 865
25 39 361
25 3 263
20 36 497
0 9 116
1 19 243
30 6 511
10 17 431
0 4 334
14 8 861
16 24 299
38 33 251
6 40 154
20 35 70
9 26 633
41 24 780
29 20 733
41 10 988
26 12 68
40 21 226
3 31 330
6 11 971
13 9 394
13 30 633
28 17 785
35 28 477
25 22 201
29 17 486
13 37 536
28 9 944
4 28 695
10 17 12
31 14 759
32 34 798
40 4 664
11 2 592
5 26 880
4 30 982
1 8 972
36 19 557
13 21 633
27 6 892
12 16 884
44 34 30
41 8 493
20 13 439
