14 83 311
81 42 873
89 96 383
12 81 326
93 101 649
30 46 179
104 65 157
69 50 306
128 105 707
45 26 470
82 90 208
63 116 189
87 59 975
125 108 581
21 6 950
25 130 164
29 46 807
18 7 883
88 70 443
125 129 862
113 19 376
107 110 769
43 125 597
39 94 851
48 65 36
43 53 664
135 49 281
65 86 93
103 123 547
59 28 342
6 95 708
106 21 168
106 74 478
93 61 534
19 30 31
109 41 228
18 120 105
103 78 824
95 87 3
35 32 407
19 118 587
130 128 711
61 128 292
129 19 848
34 113 116
28 59 545
108 10 461
4 31 774
71 12 603
14 54 216
91 121 824
87 128 264
100 103 362
116 18 911
48 60 520
83 49 375
6 128 496
46 115 456
30 132 365
29 123 102
116 83 290
50 63 9
46 10 132
13 71 906
10 28 686
111 92 695
45 43 9
19 127 525
42 92 5
82 20 258
69 61 537
35 60 21
123 110 643
98 116 584
86 1 88
127 70 970
0 135 453
70 59 838
72 102 668
61 17 973
136 113 334
82 94 328
59 67 469
120 56 52
137 14 799
83 58 152
30 29 298
22 16 986
26 136 786
44 109 21
61 10 544
103 131 639
42 90 163
129 122 626
26 52 319
127 70 859
97 78 437
45 47 40
51 7 459
119 13 520
134 16 565
58 45 11
89 112 746
133 103 451
104 61 623
87 123 738
128 32 365
69 102 290
57 51 661
126 134 711
14 94 655
102 78 33
95 55 360
4 116 257
33 136 444
136 104 357
128 13 333
23 81 74
2 9 399
106 136 352
116 89 363
15 46 661
105 73 952
121 58 474
35 40 385
30 70 178
44 16 140
49 34 121
10 124 973
85 40 752
39 35 206
41 42 269
32 4 448
42 23 223
41 101 626
7 76 730
5 112 302
47 110 144
1 29 962
114 22 826
116 110 370
22 120 747
117 54 578
12 125 31
58 24 326
74 60 140
29 60 790
27 76 83
54 86 384
89 58 385
121 105 570
8 10 979
89 55 689
129 116 132
124 129 681
103 14 334
94 67 288
19 48 353
0 54 495
66 7 886
131 14 716
105 121 116
42 94 241
25 15 954
115 50 919
108 122 169
123 51 565
107 86 816
37 124 910
90 52 617
45 0 923
80 21 895
121 53 408
26 43 166
14 136 172
8 2 352
23 24 19
5 23 615
92 53 35
57 1 891
2 65 336
34 93 200
28 33 170
91 59 875
111 34 332
24 27 336
60 11 185
38 123 780
128 79 269
42 87 298
23 109 63
39 40 228
70 121 569
78 111 369
26 52 20
39 86 112
39 61 562
19 94 342
74 28 497
85 65 100
99 20 664
40 138 484
134 99 590
15 136 920
16 70 478
59 64 98
33 94 553
70 69 751
116 27 2
117 88 68
4 37 428
127 101 673
57 34 547
107 64 392
45 133 96
110 64 949
136 114 122
32 130 151
119 31 836
2 21 955
8 109 258
55 109 518
138 79 354
47 43 72
9 30 956
134 25 468
133 118 464
79 100 998
13 9 190
135 95 199
62 35 563
87 47 27
52 134 65
43 107 899
97 114 998
29 123 917
74 23 561
117 122 262
38 49 384
36 69 544
16 69 143
28 68 963
129 85 141
91 39 566
55 90 26
137 0 777
117 1 92
106 90 513
1 97 492
41 2 535
97 74 726
5 30 742
23 105 472
58 106 87
107 119 470
107 14 441
117 71 697
100 18 596
22 32 292
33 103 240
37 24 965
114 107 57
50 31 364
105 126 766
49 32 296
3 101 135
77 90 797
122 113 910
88 50 261
60 9 83
85 1 676
129 131 313
129 36 823
25 73 226
121 72 687
81 17 885
132 78 717
33 10 954
16 104 143
111 81 307
126 127 499
82 134 854
73 87 901
74 13 691
103 9 421
73 49 701
111 134 845
40 25 247
15 115 182
110 134 393
120 39 864
70 10 147
61 37 983
96 95 215
112 124 340
102 60 733
21 119 826
61 54 400
7 96 87
102 12 158
125 34 830
38 67 11
49 64 249
62 139 444
20 11 223
107 111 536
47 79 458
117 61 755
95 111 26
7 136 885
47 104 864
48 97 364
50 118 376
119 115 959
124 3 193
130 129 929
104 115 120
6 101 6
23 29 586
111 74 184
91 22 296
21 122 167
133 55 329
98 33 94
93 68 579
16 18 490
123 67 703
36 3 375
109 58 146
29 84 814
90 54 582
62 29 27
16 34 330
5 2 734
54 92 891
119 17 226
18 59 431
126 17 461
125 1 272
116 1 521
5 9 715
103 123 845
105 21 113
16 70 213
30 119 415
47 87 853
3 115 1
17 81 812
120 93 275
76 32 760
10 60 736
69 18 100
133 127 84
76 98 593
64 62 859
44 9 403
87 29 283
94 67 124
7 48 712
138 14 54
77 86 773
122 74 560
33 1 316
109 12 854
55 39 635
7 39 520
19 57 444
109 42 166
17 69 584
19 54 249
40 56 261
111 27 672
19 94 225
122 113 565
6 138 464
80 5 805
125 129 661
92 126 365
93 68 493
30 138 68
126 101 642
121 78 541
84 1 634
47 71 306
67 109 856
134 20 409
61 21 153
10 120 272
108 122 206
101 53 564
57 63 764
15 101 115
94 69 374
38 1 457
109 55 918
3 74 397
77 89 119
65 68 331
44 98 263
0 22 562
80 64 694
77 104 919
91 70 291
132 8 286
86 27 304
51 131 153
95 66 536
21 75 722
32 40 808
77 15 306
94 130 827
129 32 509
13 88 145
51 73 216
8 109 997
55 85 447
120 30 199
67 108 400
76 20 255
58 113 777
116 34 952
36 125 735
48 104 640
95 79 146
31 56 802
8 128 550
74 132 358
46 100 532
3 12 656
23 117 739
54 132 161
45 97 355
1 102 101
60 117 291
21 77 104
36 95 629
122 20 364
124 119 309
7 29 326
95 74 494
48 9 643
83 51 825
130 45 621
34 12 811
31 106 667
70 134 743
118 47 909
84 28 287
48 15 526
131 121 789
21 83 250
122 1 131
2 63 717
8 49 319
65 101 927
25 50 502
49 77 220
80 124 218
136 47 178
100 69 181
72 135 651
128 122 908
12 5 750
64 27 485
104 2 842
133 85 658
68 38 999
0 44 764
58 24 593
39 114 13
79 64 574
89 11 414
52 102 347
121 110 486
89 16 569
89 18 363
9 113 998
84 50 133
43 92 246
132 92 830
39 88 296
3 80 1
112 73 324
124 127 537
27 41 16
97 83 978
131 124 550
138 80 525
9 121 456
42 9 610
71 133 989
3 86 718
58 67 684
57 103 137
35 115 193
128 68 435
103 20 512
63 25 144
74 29 468
3 16 612
103 120 659
45 117 861
70 123 786
84 16 713
74 39 297
99 66 713
117 39 678
43 138 21
103 132 625
105 50 419
2 63 957
118 30 643
61 2 514
114 5 580
10 62 121
54 51 858
126 51 830
121 130 137
80 65 571
0 20 277
54 127 479
136 10 200
10 138 487
57 106 888
61 54 449
139 134 343
10 98 613
122 23 269
19 94 794
79 112 130
46 132 139
134 0 76
60 137 800
20 81 468
137 134 683
124 132 944
126 57 885
95 19 606
35 14 6
77 79 350
121 21 561
5 108 500
72 62 275
39 3 944
66 72 100
36 120 870
53 90 519
84 50 943
12 65 230
76 86 634
18 87 554
38 64 559
71 26 637
31 39 135
68 96 10
96 131 436
98 78 491
59 129 389
63 121 655
54 45 59
36 50 450
69 79 569
20 133 788
71 67 602
128 29 325
100 23 333
106 14 358
139 132 824
75 20 396
64 50 12
47 79 795
29 48 569
79 32 867
12 68 419
122 97 873
74 12 737
22 62 216
34 16 900
16 22 113
83 23 370
132 121 839
20 101 205
84 87 96
49 95 249
82 127 380
106 129 614
108 75 177
51 82 410
33 31 533
92 21 464
58 34 985
79 68 202
99 52 809
91 29 793
83 28 287
78 113 765
32 59 977
56 80 844
64 94 310
70 105 254
56 138 889
18 25 95
15 106 602
45 21 923
29 93 323
66 95 277
109 115 581
99 36 299
102 47 121
5 31 530
3 112 684
70 102 447
8 5 869
63 64 973
126 62 106
22 76 589
116 139 799
4 19 191
64 62 263
77 79 59
137 71 299
134 129 291
16 17 45
29 80 120
31 35 404
22 47 599
37 131 264
88 37 71
110 112 872
96 53 999
64 102 905
69 105 68
66 126 682
111 94 394
1 4 775
95 1 680
55 7 966
91 36 420
89 93 81
12 99 992
117 135 293
108 83 427
54 11 563
121 97 825
74 90 949
44 21 702
127 104 860
94 115 848
77 37 571
125 134 631
62 125 233
94 45 846
96 139 841
69 6 402
36 101 864
119 105 344
28 123 151
13 117 351
13 49 900
112 29 468
44 92 887
128 133 882
10 27 513
23 54 367
16 137 416
40 62 610
120 67 701
23 133 331
41 123 886
103 27 406
33 122 58
83 77 318
112 66 285
56 134 188
22 42 579
17 134 957
43 3 105
30 99 76
72 115 281
135 49 479
48 117 308
62 86 2
64 60 930
47 73 533
104 34 395
105 135 330
28 38 959
86 43 110
63 77 829
69 42 892
11 17 143
118 62 929
119 122 440
88 12 543
89 25 236
81 35 580
91 101 2
124 106 803
96 84 544
79 52 712
43 70 633
54 65 567
66 119 277
33 106 543
62 1 8
109 82 113
9 27 87
105 89 782
15 122 599
91 3 364
73 114 167
81 116 876
9 23 509
63 120 108
25 6 254
58 11 364
86 18 221
2 48 846
2 1 780
82 69 700
80 86 54
36 31 276
101 114 608
72 36 944
3 124 101
23 87 927
19 35 133
88 104 655
77 61 985
16 75 434
0 60 462
139 60 542
121 101 225
101 44 769
83 87 975
139 132 708
39 87 699
52 129 54
97 126 242
124 59 351
117 29 135
92 108 746
95 0 375
26 51 537
124 114 352
34 84 358
121 6 456
55 102 774
7 72 179
97 58 98
19 119 708
127 81 861
63 126 231
88 130 889
37 25 219
0 108 549
96 52 226
59 33 267
117 105 418
83 21 830
64 91 170
134 83 758
34 121 35
26 110 608
104 41 852
17 131 299
139 30 27
17 76 325
85 108 349
101 65 217
31 5 626
95 76 850
45 70 16
34 93 715
65 24 671
47 139 156
5 70 205
99 5 689
16 72 381
67 136 293
117 43 93
102 61 188
26 57 622
68 28 830
72 11 16
119 70 939
19 134 130
7 26 15
67 77 776
47 49 26
49 71 508
122 81 627
57 83 334
13 6 585
57 117 833
59 24 288
101 73 237
68 22 363
131 89 526
95 124 674
116 118 407
25 13 132
4 14 117
61 9 39
18 97 700
26 32 605
135 16 581
69 27 469
12 101 265
33 11 524
7 134 811
28 0 496
12 4 596
34 67 132
91 135 945
102 12 489
117 106 170
115 45 539
95 122 369
130 105 529
13 37 345
109 131 234
27 53 821
47 129 812
85 84 320
69 39 351
114 115 319
127 5 673
77 116 313
46 85 806
53 110 72
109 116 989
73 100 551
97 73 85
70 19 312
100 81 552
8 86 529
43 44 742
40 34 193
35 30 112
136 8 730
134 45 479
117 86 208
126 42 755
59 21 603
135 92 613
88 138 257
54 90 689
117 87 215
102 122 519
89 139 749
33 13 318
111 29 610
71 106 54
115 42 387
4 57 597
72 23 574
54 89 826
36 106 481
45 106 504
98 90 978
25 6 168
76 122 597
90 19 828
92 71 865
137 106 983
48 108 397
65 116 539
100 105 396
37 6 673
42 90 103
91 71 698
25 2 580
66 89 452
71 81 37
46 88 351
95 85 182
47 59 521
10 77 945
125 53 695
51 87 55
101 9 187
31 109 580
49 84 500
130 5 494
79 70 505
47 92 556
54 109 874
79 102 496
116 47 845
82 57 239
88 44 919
136 78 556
139 53 252
73 49 93
97 62 322
131 20 238
26 93 219
130 107 680
33 49 433
6 11 941
61 138 624
3 62 656
51 13 123
92 113 685
98 68 657
122 32 731
7 126 934
106 77 135
69 43 363
119 135 673
82 40 446
26 48 981
90 103 970
69 34 565
123 34 724
118 36 594
58 28 953
132 122 383
124 7 70
37 61 678
108 78 366
96 74 543
113 30 561
8 32 568
100 138 261
58 56 371
47 56 472
115 85 973
3 1 398
116 10 392
58 9 191
93 36 950
35 94 341
62 41 687
29 84 401
97 57 878
53 99 557
5 134 582
47 124 666
67 54 905
57 100 313
44 55 871
72 71 442
139 101 753
69 104 719
34 117 839
53 7 559
119 131 162
127 82 643
100 8 340
33 9 477
57 56 14
57 76 429
31 51 8
86 67 93
87 1 947
3 67 126
27 26 381
56 40 912
28 89 248
0 110 693
46 139 54
121 129 806
5 99 608
49 129 242
15 110 596
117 104 55
90 121 38
95 86 837
75 73 674
65 126 982
0 86 799
24 48 661
59 139 736
35 0 429
74 78 254
111 8 191
20 39 883
44 86 105
23 1 577
121 68 122
104 22 381
68 83 339
18 77 177
3 44 764
91 27 833
51 53 839
66 77 232
62 80 861
110 136 958
45 101 77
14 30 371
53 32 85
108 66 885
55 107 602
28 116 831
115 22 971
114 105 845
120 83 394
106 6 337
97 26 180
112 41 962
48 88 781
18 55 550
66 112 196
34 49 286
108 15 972
12 107 705
78 11 590
133 35 991
9 5 46
3 139 636
25 43 699
77 61 672
38 70 43
133 13 486
19 41 706
76 3 708
44 69 987
139 74 427
29 72 748
44 137 740
109 56 324
23 33 754
26 87 297
7 0 617
100 85 335
49 38 672
60 78 572
82 90 821
137 48 702
46 88 626
49 77 886
117 100 931
29 133 93
118 93 577
103 91 866
38 64 374
122 62 970
25 44 311
40 53 598
73 99 471
98 34 594
20 96 477
34 139 35
41 35 408
117 33 81
1 8 584
123 49 720
55 51 77
64 74 78
83 135 944
10 7 40
105 73 770
60 67 41
138 59 97
63 135 37
106 61 775
101 132 378
120 101 942
81 76 792
81 105 87
129 48 423
38 120 271
121 84 464
133 107 168
64 30 153
34 27 644
26 138 236
110 24 317
2 115 668
96 117 953
44 26 302
102 43 478
112 118 66
105 124 922
34 11 756
4 2 505
100 132 243
114 50 882
137 91 733
31 30 441
17 82 203
55 29 100
71 14 181
24 92 396
83 17 519
109 98 427
77 136 846
37 17 426
124 32 597
90 57 389
101 117 629
117 90 881
7 138 536
136 36 466
92 79 445
32 109 358
2 47 101
7 21 787
56 84 132
68 101 197
63 33 934
34 105 638
26 126 631
106 117 705
43 108 240
9 132 95
114 135 419
80 121 622
4 63 827
29 131 609
24 82 330
88 25 476
46 115 701
81 126 82
24 37 311
134 23 54
121 130 763
96 119 85
70 134 504
8 39 119
49 12 614
41 83 137
113 72 581
135 14 974
8 82 230
23 104 832
30 74 602
98 32 304
21 16 334
30 132 986
104 103 438
6 88 20
86 57 787
74 50 161
114 65 279
0 67 691
79 50 594
134 15 510
137 72 900
103 108 293
108 107 613
130 87 609
0 128 645
7 55 905
94 42 754
39 38 398
26 91 242
139 76 692
55 115 761
32 50 27
48 129 413
48 124 290
34 122 88
134 51 495
69 70 686
22 59 602
50 104 4
137 46 268
23 114 258
136 121 259
105 100 118
1 35 110
75 15 672
73 83 124
13 2 904
32 98 581
137 24 617
125 2 233
7 38 483
58 110 509
137 98 779
130 11 793
137 19 703
40 78 29
130 120 529
91 18 132
2 83 581
23 132 333
105 45 177
59 53 954
48 35 172
61 3 312
130 86 419
124 111 502
106 84 695
37 79 914
28 54 18
132 71 241
44 56 127
38 101 492
68 113 946
21 56 98
36 40 331
122 107 786
125 69 109
28 96 691
39 28 905
54 51 335
1 29 378
107 29 230
49 37 567
79 52 279
119 104 340
77 75 822
34 99 259
132 15 74
124 30 347
0 71 34
39 26 131
111 44 417
41 58 850
38 49 428
33 86 705
130 9 970
52 11 542
52 74 104
133 19 951
34 38 670
4 57 678
131 133 503
111 59 467
127 105 482
115 20 509
105 96 874
73 68 232
103 7 419
85 16 696
121 74 971
81 87 25
65 55 571
4 17 213
8 49 575
4 39 170
128 21 744
22 139 786
23 42 224
39 15 253
13 112 869
48 114 62
50 5 455
135 94 22
81 102 136
101 138 584
23 16 118
93 24 796
135 10 635
123 1 849
105 30 531
126 127 188
105 5 807
90 7 431
16 69 103
94 69 324
84 69 19
118 32 143
9 78 495
116 52 585
130 139 428
108 9 55
74 89 202
66 104 629
72 71 812
49 56 495
16 122 424
99 28 361
132 14 101
55 74 907
34 74 107
61 20 354
4 55 327
137 56 703
78 82 510
63 108 92
83 71 294
110 139 406
64 62 924
8 74 864
9 57 624
57 120 488
134 138 803
67 35 451
27 130 690
133 47 991
83 108 263
34 32 397
12 99 371
116 135 645
76 21 259
4 92 706
118 0 169
66 64 132
120 37 538
127 14 993
125 23 864
8 111 51
113 7 212
80 79 22
117 138 585
114 82 417
0 62 115
112 5 334
61 66 87
134 104 9
83 139 764
99 12 487
116 79 37
96 43 809
78 39 402
115 67 802
116 41 77
88 129 208
39 112 542
38 120 767
34 13 522
51 41 859
95 4 50
69 70 643
48 85 774
49 131 538
122 15 285
111 135 151
126 137 190
90 96 893
107 19 489
22 57 928
92 63 857
93 128 197
61 53 55
9 101 999
18 26 576
95 86 938
122 90 396
118 67 213
7 11 200
94 34 160
89 112 284
35 38 605
59 5 123
74 30 374
0 55 42
96 129 60
96 24 259
134 131 994
129 68 505
99 22 524
85 91 922
106 37 631
75 51 867
14 112 900
80 6 470
86 6 180
113 2 276
90 124 669
26 30 214
78 47 860
49 44 167
137 50 123
35 63 349
112 133 312
132 25 992
82 74 520
29 130 54
119 11 329
34 89 294
128 133 291
119 8 579
2 112 850
12 42 468
21 8 679
49 63 102
53 46 890
31 41 123
71 6 800
100 13 170
96 55 615
116 38 270
69 116 159
30 129 615
10 121 503
92 109 515
96 63 199
28 22 241
46 10 289
42 48 890
9 57 8
136 120 132
89 21 48
121 115 885
51 1 831
2 111 695
56 20 448
55 36 203
38 5 817
127 87 721
0 47 378
90 104 482
62 121 156
54 78 20
56 46 187
48 23 359
103 123 85
124 109 293
11 132 193
6 16 796
126 105 64
30 97 941
48 24 653
15 80 86
57 4 865
65 121 872
8 93 717
6 45 97
109 71 489
33 29 400
33 105 473
60 11 130
52 103 212
91 82 364
81 2 334
30 24 704
22 35 638
138 90 978
50 42 655
127 14 367
48 35 718
89 100 447
62 97 95
3 48 449
128 96 290
32 9 527
60 126 21
127 75 387
66 59 682
85 118 701
77 87 895
72 42 976
80 50 801
14 21 809
40 5 512
23 113 245
29 52 708
89 70 233
13 88 756
68 116 434
47 43 279
23 119 197
113 92 720
96 83 328
94 41 388
53 81 27
51 118 592
64 27 749
26 53 20
110 118 500
60 134 440
103 43 136
38 69 458
102 109 162
101 17 52
48 45 738
103 17 610
33 52 878
90 91 940
90 37 210
27 129 785
96 33 138
130 43 872
21 96 612
110 76 654
4 100 96
118 119 970
55 127 855
39 117 990
106 45 829
56 12 290
11 126 689
73 108 180
90 3 6
32 102 82
137 75 920
85 135 686
57 11 501
63 137 418
115 15 399
92 54 84
117 120 864
28 112 951
21 60 570
90 57 107
27 0 22
96 115 661
108 87 830
134 105 536
61 13 527
110 97 221
109 22 194
101 2 296
82 34 16
95 84 568
41 82 371
30 56 308
84 36 392
68 125 33
17 126 960
113 108 969
129 133 137
122 103 713
112 79 2
60 46 333
26 78 566
80 88 68
89 48 542
51 38 477
16 62 685
28 119 946
63 6 490
131 76 219
132 136 314
112 97 985
115 89 993
61 57 708
131 67 697
91 123 86
33 55 163
57 87 895
16 26 469
132 85 507
63 58 453
78 125 898
58 26 698
132 61 10
132 97 714
74 121 30
14 67 347
72 48 392
46 111 156
27 132 795
45 78 457
54 83 926
4 27 306
42 8 29
119 16 545
44 137 145
25 17 758
92 60 109
72 118 360
3 71 906
65 139 579
107 0 308
20 62 374
90 32 697
45 53 968
78 88 361
51 117 821
23 129 474
123 31 349
76 72 4
77 80 613
16 22 858
78 0 976
124 14 971
137 88 877
12 20 867
131 15 964
46 53 1
26 38 943
76 115 644
65 109 102
135 100 46
99 96 184
89 14 741
1 118 724
82 15 209
120 105 387
79 9 646
76 19 284
114 18 938
65 25 698
100 27 919
35 58 349
52 121 243
15 101 929
120 22 451
92 129 21
131 134 950
134 83 334
4 97 207
60 68 295
88 120 578
130 118 593
46 13 62
31 52 920
132 81 223
66 48 540
127 83 463
37 61 117
28 53 248
3 1 855
50 130 951
31 61 364
123 74 776
134 112 699
26 117 857
65 9 677
76 51 100
111 129 401
47 49 909
72 21 83
43 133 280
58 49 526
133 125 677
51 107 732
99 105 949
22 30 365
68 62 371
0 120 178
2 31 104
12 124 226
121 74 207
21 46 485
116 7 118
25 82 270
99 33 556
49 75 975
78 138 218
114 22 948
107 76 722
98 132 410
58 132 72
139 135 583
93 66 983
84 75 608
128 134 755
126 21 622
138 4 600
119 94 48
76 123 771
6 111 557
91 76 940
50 100 313
109 84 235
127 133 41
5 67 704
88 66 693
63 57 222
97 137 808
4 29 734
109 79 685
128 7 265
66 84 915
99 118 582
63 126 284
20 8 123
40 82 785
85 126 311
26 81 154
41 78 32
84 15 569
29 5 832
118 125 332
96 124 221
122 103 385
94 55 636
70 3 951
110 32 361
111 63 273
83 115 188
38 4 164
16 9 279
80 12 888
43 98 690
67 43 978
95 110 873
1 30 331
7 70 739
87 39 93
109 120 957
138 4 20
137 18 851
17 103 618
94 29 824
87 64 86
79 37 10
138 114 933
104 40 742
83 112 250
65 87 280
113 84 156
131 92 569
30 17 112
47 51 566
53 109 493
138 113 117
96 71 258
127 3 378
75 5 602
44 60 949
98 53 10
14 105 255
38 40 653
54 131 4
108 59 611
93 87 983
131 105 751
134 75 139
102 74 989
6 51 678
126 6 164
20 106 692
80 99 785
1 137 685
47 131 401
21 66 152
30 21 900
66 96 496
63 61 150
14 105 250
93 9 657
29 12 172
23 14 263
87 100 200
3 47 206
51 14 336
95 12 964
38 46 938
50 84 216
32 4 711
21 110 401
38 97 577
127 119 338
73 44 575
52 74 561
64 112 23
27 21 359
2 52 522
123 44 612
18 101 582
107 41 497
92 0 383
83 96 1000
107 138 422
113 52 370
22 30 579
137 72 755
3 39 408
119 87 688
8 11 58
134 37 879
47 119 865
128 115 909
51 27 572
52 57 864
93 139 493
95 114 531
11 4 422
50 18 687
111 48 537
115 104 494
125 97 806
60 86 777
98 77 36
9 108 604
123 54 306
130 23 106
55 129 722
37 94 383
11 92 166
96 65 404
101 88 837
64 122 250
113 2 88
46 74 597
33 73 409
83 56 42
27 10 323
61 94 853
8 42 414
66 110 728
46 63 574
62 127 608
90 102 760
2 94 911
59 7 481
104 117 834
101 124 154
13 115 737
101 57 793
92 89 916
13 21 958
129 127 195
11 130 122
121 75 664
22 12 298
11 42 614
46 110 695
113 47 975
65 81 692
22 99 672
31 34 945
31 57 161
55 42 264
120 97 577
46 115 739
114 87 272
51 27 902
48 61 177
93 82 54
23 40 539
109 89 144
111 112 806
77 14 599
85 6 608
91 31 128
35 131 514
130 50 247
90 107 495
105 117 635
15 133 537
109 47 854
22 14 107
24 30 787
18 137 633
16 128 52
51 61 404
3 37 814
18 0 43
113 38 236
35 99 55
105 68 983
78 119 327
135 72 926
51 45 310
123 39 359
1 68 357
34 10 57
42 129 883
97 132 226
78 90 341
22 122 290
122 35 128
119 77 359
75 23 912
16 139 204
75 79 610
15 4 781
13 80 497
53 123 365
104 100 611
66 107 407
39 68 596
4 14 523
55 104 351
9 115 669
104 80 423
139 60 272
6 9 901
37 3 607
4 111 102
54 44 376
60 32 671
7 94 510
114 14 833
104 134 925
43 25 660
23 53 984
71 62 745
71 83 3
123 3 698
47 108 296
54 41 440
3 81 815
20 45 89
97 68 208
77 55 966
110 102 510
93 86 922
102 98 164
110 136 753
28 42 508
28 110 815
85 124 493
90 120 501
134 96 3
3 116 259
128 40 998
55 47 145
21 90 532
77 49 401
45 118 295
24 109 859
85 90 142
99 53 866
58 91 787
22 117 962
107 101 730
6 89 984
35 116 784
75 134 522
121 130 664
25 8 295
94 137 796
70 63 797
29 52 408
124 91 715
110 66 398
7 2 996
77 1 672
43 85 323
111 89 808
32 84 894
110 28 582
90 135 189
34 35 439
129 68 265
51 19 986
30 113 499
16 77 932
91 122 28
86 126 875
73 31 59
6 14 898
31 87 349
2 50 603
124 88 178
22 11 727
119 29 577
37 75 234
113 107 437
74 86 993
50 58 949
84 68 861
128 113 369
120 69 182
71 131 452
35 62 356
56 119 907
60 101 522
111 89 669
90 101 715
106 121 377
76 89 263
108 0 609
75 45 463
113 5 645
128 24 195
70 52 691
108 113 141
96 67 662
132 52 695
62 45 139
3 18 90
74 125 265
12 84 430
4 106 27
65 23 720
34 78 729
96 22 397
125 134 770
8 92 18
60 65 706
56 27 885
9 93 616
51 101 770
11 26 798
129 71 687
132 18 682
1 89 84
12 14 465
27 120 386
71 31 560
16 125 911
38 127 221
6 3 643
87 46 60
17 19 704
5 103 585
64 94 657
48 79 389
70 79 394
121 72 98
118 46 155
89 35 2
32 48 598
56 85 644
31 43 712
126 24 825
50 73 443
124 111 650
115 126 634
80 10 166
138 127 667
2 119 297
48 11 671
48 110 633
104 135 930
84 52 900
79 136 539
0 46 272
82 133 563
34 105 378
86 87 239
100 71 963
75 108 201
60 137 554
29 84 984
57 75 726
135 58 279
105 36 742
116 51 389
60 78 984
132 84 733
24 90 446
92 101 280
84 20 962
111 62 679
24 118 684
14 110 478
106 16 915
38 73 379
89 41 678
81 106 822
62 116 95
59 105 528
130 37 537
27 52 595
68 73 976
98 103 38
51 18 977
8 44 23
74 3 629
131 21 86
95 36 21
63 39 877
9 122 639
127 100 454
100 59 816
126 139 50
115 36 865
41 123 824
107 75 610
132 8 49
71 64 751
9 60 17
51 110 318
54 29 849
40 15 255
25 22 586
138 21 510
20 118 460
24 50 964
80 23 268
122 121 968
3 11 53
80 131 137
113 0 373
78 88 485
80 32 558
73 113 34
81 23 129
60 43 935
139 127 677
122 136 550
109 119 407
73 38 408
137 0 513
122 2 96
59 28 90
97 107 954
92 103 462
31 61 172
55 14 824
9 116 401
113 117 354
72 73 318
33 88 18
2 84 213
93 58 634
12 5 38
138 126 721
126 17 500
118 2 998
19 14 512
37 139 978
6 105 502
136 31 460
9 16 495
1 122 22
20 127 169
48 13 92
7 98 625
89 101 400
49 37 387
44 1 561
21 45 478
4 40 27
50 91 870
125 17 640
71 134 689
7 76 544
55 38 789
55 6 351
128 109 937
44 106 682
125 127 998
103 45 44
89 97 793
45 55 518
50 125 185
31 32 528
128 61 834
42 98 138
40 131 869
35 75 567
20 96 330
52 18 272
70 86 562
56 103 422
21 99 334
107 96 447
30 134 857
35 39 881
29 2 229
24 70 696
99 107 580
102 62 247
72 97 493
139 138 669
8 134 248
99 135 656
130 31 777
64 16 1
100 96 372
7 85 135
101 123 627
20 60 581
5 111 71
72 106 593
0 99 141
90 14 535
71 75 975
111 97 101
24 67 898
24 2 369
122 45 153
8 119 354
135 106 640
114 81 421
128 95 72
107 89 140
92 67 150
111 78 263
81 36 284
36 88 349
137 87 942
52 132 265
111 88 836
39 101 292
116 129 611
9 58 277
126 115 378
117 32 891
55 5 146
8 65 826
17 120 567
44 98 933
33 119 445
102 123 51
69 1 448
34 10 976
14 47 644
24 7 800
117 45 48
0 105 3
39 135 103
53 102 775
120 41 792
13 55 444
40 6 407
101 84 631
137 65 769
84 7 490
72 25 300
97 90 971
9 40 841
35 120 898
78 104 792
18 88 511
20 123 395
135 18 447
39 35 680
91 23 769
90 112 688
69 16 307
40 31 163
118 48 269
43 46 611
14 103 797
26 57 955
114 52 518
120 1 323
58 67 766
1 53 385
33 137 205
4 100 313
59 126 244
44 76 518
37 98 577
124 114 737
106 2 241
48 72 117
61 107 619
122 102 101
129 21 761
57 61 885
131 48 675
87 135 628
76 89 535
138 14 171
84 34 644
111 77 313
88 98 124
97 49 788
104 101 200
113 26 688
22 100 107
102 13 696
19 45 144
49 85 786
21 69 444
89 6 107
37 61 507
74 126 329
128 47 962
36 119 605
43 95 745
35 47 543
50 7 275
139 51 354
46 104 596
61 126 289
68 70 940
63 117 933
114 5 316
29 27 321
113 30 687
65 107 158
12 130 972
68 117 568
133 98 530
135 50 907
101 27 925
128 45 842
81 72 21
67 129 131
124 95 910
28 39 827
38 135 512
49 59 518
55 8 814
96 18 983
125 44 910
99 87 136
33 129 695
114 123 991
91 1 706
67 75 877
26 5 791
77 94 663
114 133 373
103 110 975
45 1 645
23 53 108
17 128 641
89 28 835
12 30 269
3 95 602
132 79 990
135 82 547
78 30 786
34 133 274
13 61 134
103 111 629
98 135 910
50 119 603
127 48 983
32 49 865
120 24 880
85 13 391
20 135 333
40 118 847
33 115 402
88 76 998
90 101 512
23 24 279
84 55 573
84 57 984
122 54 890
134 84 908
104 136 338
3 62 443
47 7 37
53 55 185
12 43 471
59 21 757
122 124 125
58 9 580
58 128 940
40 69 506
87 19 218
49 68 407
77 30 87
92 11 742
103 56 216
13 125 83
79 16 259
15 67 318
32 7 341
21 127 873
134 114 201
18 117 152
115 2 221
45 85 73
126 77 841
81 7 555
69 63 46
22 53 844
120 49 633
21 7 729
58 74 596
113 43 270
99 28 616
132 105 152
31 5 41
8 59 963
13 23 838
40 56 744
79 65 170
98 37 378
104 100 507
132 3 471
113 34 392
91 63 192
3 16 129
130 113 983
76 40 274
104 61 644
39 121 376
33 89 40
72 64 508
78 117 80
4 57 155
34 93 494
133 137 612
81 75 66
64 63 531
27 109 811
58 35 500
50 86 132
21 75 821
55 132 277
121 8 713
119 6 388
40 22 91
41 126 189
132 81 597
15 37 936
38 122 828
75 125 121
113 105 118
0 82 25
48 70 591
1 134 172
96 35 895
137 95 206
107 139 221
73 9 145
136 32 767
35 84 848
4 44 582
37 9 778
103 22 191
20 53 430
94 53 275
45 54 161
127 103 644
29 97 589
52 76 241
20 126 560
139 16 916
23 139 197
133 128 310
122 16 811
23 29 404
113 74 11
113 0 884
45 93 511
114 10 464
1 133 639
134 12 747
29 34 365
126 123 452
132 22 73
24 39 876
89 54 345
130 45 663
32 115 5
98 122 960
87 41 649
58 61 767
105 23 928
85 29 616
132 45 235
44 31 662
32 66 518
48 76 78
122 121 942
118 48 332
49 12 977
134 8 936
22 49 596
24 9 174
72 41 337
36 4 646
59 120 570
19 17 83
111 74 99
50 127 433
129 49 861
85 125 624
6 97 487
120 48 764
99 25 874
1 50 505
31 7 834
55 85 88
0 91 697
123 88 607
117 107 756
51 97 911
133 102 343
16 63 632
54 91 815
89 121 347
128 64 205
28 120 897
65 21 541
9 139 72
76 16 401
0 69 425
114 88 997
69 111 500
50 102 288
12 101 831
68 77 650
42 122 343
96 126 606
18 124 323
52 46 880
36 76 318
61 131 59
33 11 913
110 15 556
85 57 778
89 131 811
129 41 169
61 3 879
102 4 919
63 36 753
47 57 291
84 90 295
21 77 383
13 22 456
67 42 704
79 88 354
76 6 292
99 83 758
22 45 52
75 60 15
31 77 645
60 39 438
94 63 583
87 19 619
114 57 481
55 17 314
16 137 186
53 27 541
127 70 975
22 85 923
88 110 494
21 40 895
38 71 15
113 1 110
60 51 672
61 65 770
11 52 74
82 131 315
68 101 912
17 61 317
92 132 604
49 116 12
19 131 712
57 61 778
76 37 562
35 66 215
103 66 562
94 95 940
61 66 695
4 56 234
46 36 210
50 73 257
117 83 714
26 135 257
40 25 58
137 119 832
113 82 482
113 138 782
78 57 212
93 135 735
42 73 874
136 23 405
61 35 273
113 30 388
77 52 655
26 5 57
48 30 368
95 36 6
124 35 23
79 101 416
44 63 186
59 102 168
98 101 932
70 1 327
34 59 58
72 60 225
96 50 926
81 52 418
131 19 138
30 79 763
56 99 664
139 73 435
124 118 624
94 13 814
127 76 314
53 80 246
2 7 198
59 15 128
25 97 732
4 137 438
101 125 712
102 120 947
29 99 906
68 64 31
124 119 137
85 115 571
112 103 92
59 93 168
4 124 174
99 8 819
66 105 45
8 103 124
2 124 195
104 20 635
87 63 219
26 106 837
12 113 156
77 39 48
93 71 47
137 64 244
41 98 555
72 76 409
78 15 123
84 24 408
21 74 49
66 67 89
117 13 129
46 37 593
3 33 271
38 3 214
71 52 75
40 71 545
29 84 819
94 123 405
59 138 669
79 77 23
74 27 40
104 91 599
108 79 920
72 11 88
121 36 541
23 20 29
71 39 480
80 135 836
130 22 808
127 125 267
52 29 725
13 66 250
49 68 219
72 78 812
22 24 831
87 102 808
43 117 891
35 14 978
59 39 627
104 95 98
108 86 170
88 125 432
119 40 299
73 110 717
120 115 226
105 48 351
74 6 715
81 22 160
22 70 129
94 32 561
108 40 398
84 10 751
127 93 203
14 106 69
33 26 399
113 78 373
121 83 730
69 74 392
113 119 884
132 13 972
136 19 699
1 12 956
17 85 462
67 119 643
90 57 850
28 36 792
57 54 292
53 12 148
58 18 69
120 54 451
110 27 757
65 101 663
58 47 710
30 133 230
25 132 589
29 104 608
69 18 249
12 81 726
123 30 87
84 35 225
129 13 765
130 135 467
48 133 594
53 62 101
75 67 431
112 125 857
81 71 983
58 53 938
62 25 41
135 100 368
2 49 718
120 130 32
127 130 753
1 46 825
69 97 257
133 40 643
98 52 14
75 102 360
69 32 337
69 125 626
113 92 549
26 139 80
20 7 149
41 53 771
109 61 42
114 64 600
96 118 354
111 131 85
106 136 489
75 78 936
81 69 909
127 26 464
25 11 915
70 39 880
7 8 531
75 74 891
94 0 718
105 35 846
91 101 34
59 38 707
100 89 589
35 131 977
0 44 570
107 105 724
28 47 359
39 38 719
4 62 915
78 85 375
93 89 842
63 136 464
90 19 962
135 131 87
82 51 519
73 29 813
28 3 327
51 41 561
47 35 369
86 2 600
110 97 758
35 130 799
35 63 407
88 51 25
112 48 927
132 60 728
70 97 520
102 50 490
101 57 319
105 45 582
15 136 918
6 61 57
45 117 677
80 36 764
121 109 547
102 18 512
5 100 474
94 99 212
119 83 183
80 0 466
35 133 408
86 13 674
55 127 587
137 38 284
28 58 300
12 14 248
131 67 991
138 85 909
103 115 527
63 64 885
99 94 816
19 70 580
40 66 382
60 102 515
115 2 285
88 101 869
22 97 682
130 11 461
53 62 432
50 98 183
78 73 194
28 60 323
95 92 577
94 114 421
91 24 964
90 2 186
3 62 222
20 23 520
104 86 900
93 127 604
12 0 550
39 124 37
10 120 796
21 114 768
69 66 581
90 63 688
79 98 530
72 3 239
125 49 161
76 81 885
64 19 392
93 105 204
106 13 794
61 73 455
138 7 301
131 6 941
123 81 136
9 115 767
85 53 377
61 52 419
125 123 558
113 0 898
46 99 118
92 126 700
98 6 893
105 65 607
54 80 931
52 98 713
69 31 546
117 12 700
112 5 459
115 102 927
110 60 537
53 55 357
120 52 659
59 55 342
30 40 170
44 93 921
60 29 536
139 5 577
20 119 561
20 95 832
132 30 535
26 138 537
3 81 108
44 76 764
72 43 687
16 59 322
55 112 413
34 53 731
113 136 466
41 112 640
78 24 591
61 32 503
29 84 569
96 64 950
16 124 372
36 37 379
50 54 270
106 103 227
52 130 573
21 42 538
119 14 411
61 28 275
26 18 370
65 88 782
37 133 848
8 108 303
35 72 977
22 4 406
2 102 801
21 109 57
43 6 298
3 134 35
74 91 961
118 95 239
130 104 449
60 29 452
31 47 131
68 27 680
36 69 277
44 78 428
90 130 656
41 132 526
56 57 765
33 9 340
127 53 814
125 103 781
93 51 971
51 68 599
138 19 241
33 82 491
43 87 597
61 116 173
59 56 140
96 129 826
2 98 224
87 6 507
38 91 610
97 19 511
108 7 83
51 85 548
22 76 109
3 65 725
132 42 332
92 37 600
121 118 986
53 45 460
52 21 90
136 45 178
118 116 447
134 14 379
111 128 471
11 32 431
22 72 322
41 23 85
20 139 601
88 123 402
100 21 608
62 67 649
101 34 245
69 91 796
16 29 375
8 33 162
44 24 567
36 85 976
11 122 601
67 37 205
44 121 265
93 44 500
105 42 509
42 95 994
6 10 159
55 122 147
131 88 603
82 23 122
110 53 44
21 64 48
73 38 341
27 21 895
82 110 124
31 36 508
121 12 996
48 132 458
35 23 870
26 133 440
78 11 126
122 35 551
68 59 916
1 94 918
108 130 298
118 92 883
40 50 154
18 87 497
48 103 286
51 61 541
78 119 392
85 42 509
24 111 430
80 64 531
76 124 676
80 22 64
113 35 152
135 43 68
74 118 712
92 91 919
13 3 625
63 101 628
41 113 333
73 102 334
72 108 158
75 116 461
5 90 786
60 59 71
51 59 760
119 124 273
99 112 125
65 44 58
129 58 367
30 117 717
75 138 83
84 52 285
134 42 977
86 102 816
2 18 974
95 42 59
101 64 808
88 82 505
20 120 131
122 73 943
10 108 486
103 47 798
98 13 638
134 6 668
53 72 966
56 93 274
132 71 700
20 76 397
83 66 464
85 49 55
90 123 300
101 56 670
67 44 465
111 129 242
36 18 874
28 48 877
120 66 309
98 94 36
15 102 32
21 102 930
106 14 473
75 68 308
42 71 226
1 52 739
15 89 337
25 28 491
43 2 950
134 78 29
37 106 203
138 86 505
12 69 574
124 93 836
81 83 814
129 50 588
135 74 338
139 45 819
3 127 707
73 80 134
7 84 942
24 6 335
109 138 343
49 53 182
127 7 204
3 81 661
10 130 106
118 105 776
32 1 366
7 109 531
125 132 191
26 61 7
31 136 820
121 51 580
123 116 72
7 44 793
33 87 413
35 110 829
114 61 693
88 59 394
112 85 501
29 36 596
110 111 194
21 124 857
19 45 243
50 38 535
26 7 170
54 65 743
70 14 469
1 18 818
37 97 452
34 1 622
16 6 281
80 84 322
52 39 432
50 139 287
62 93 577
134 6 263
125 70 445
128 23 293
121 95 268
60 117 390
81 129 851
75 115 285
139 4 692
17 26 315
86 89 985
132 94 215
91 137 848
87 86 725
51 40 370
83 88 623
72 65 528
35 27 355
22 28 529
41 125 469
101 90 447
50 60 796
129 64 398
61 132 347
75 24 137
134 83 772
72 26 595
83 87 318
50 24 187
15 25 682
31 103 88
88 84 148
121 86 744
10 123 135
60 3 327
61 139 780
10 121 742
77 0 760
97 33 357
44 42 323
132 80 116
46 72 132
72 0 422
56 130 995
97 66 439
77 16 776
71 49 860
77 5 919
19 97 410
117 36 743
99 16 348
74 11 146
113 36 511
82 127 543
68 26 477
119 135 326
94 130 597
81 93 702
61 117 798
16 43 568
131 50 518
102 63 468
46 92 74
41 105 937
94 104 956
64 55 521
11 126 339
69 38 57
81 59 409
16 59 591
64 105 17
101 7 221
80 106 665
139 133 810
29 91 981
66 38 520
99 26 998
85 37 195
85 108 822
110 87 781
5 29 935
10 139 491
18 101 719
64 122 923
4 64 565
91 43 300
86 122 124
131 22 266
99 131 274
67 128 628
66 16 103
130 27 994
137 42 199
6 77 378
46 117 51
119 136 756
89 41 66
35 27 58
77 111 869
89 107 689
111 40 345
42 80 957
78 32 42
75 66 687
125 81 119
32 104 529
5 68 25
102 84 690
12 16 57
54 128 872
42 114 493
87 54 383
138 77 908
122 47 860
55 93 223
123 105 444
6 129 302
89 109 359
72 67 598
6 116 236
14 122 438
11 71 689
76 73 596
87 82 159
128 85 170
20 63 490
111 110 519
98 114 639
108 47 37
95 87 630
84 102 465
131 126 430
7 121 722
66 49 40
96 70 861
106 23 300
10 21 193
113 94 623
24 97 806
7 44 973
137 20 443
122 136 797
81 2 653
0 50 39
62 65 756
33 9 486
62 125 166
16 68 201
54 12 862
71 120 268
136 14 824
8 131 696
60 97 109
33 47 529
55 81 472
132 129 420
46 78 963
39 106 670
131 96 42
111 78 456
40 107 473
77 6 744
118 6 339
28 92 798
23 121 728
10 25 786
133 48 773
97 134 921
3 26 699
19 123 677
86 106 440
139 137 118
2 27 866
27 19 892
122 52 409
84 19 66
54 9 524
16 49 188
63 41 90
37 96 575
1 69 160
107 51 168
106 101 718
7 17 698
39 83 730
69 35 785
62 67 112
65 7 996
100 38 430
50 28 268
40 29 447
5 122 793
2 70 747
75 65 493
29 108 175
32 93 893
83 49 719
64 96 937
26 17 959
85 7 514
36 23 329
41 90 113
39 125 211
77 75 655
6 49 976
129 104 995
26 29 414
76 93 492
108 73 87
50 42 322
46 77 958
135 112 793
86 23 410
115 84 629
112 130 124
106 128 125
89 76 425
52 68 244
15 41 214
107 133 923
93 120 743
76 127 206
106 108 771
57 69 214
53 66 199
3 96 200
63 44 842
111 84 806
49 136 130
85 62 808
2 53 775
9 14 115
114 10 760
107 12 479
99 128 140
9 35 23
122 73 146
134 32 532
68 52 560
99 131 209
2 93 418
27 21 333
67 0 286
46 24 876
74 95 135
64 23 752
113 89 309
51 134 334
41 68 847
45 26 279
133 121 936
60 94 117
63 126 546
6 57 41
66 80 551
15 120 817
61 6 634
18 21 106
10 70 90
117 124 864
59 126 786
23 29 314
92 99 995
3 111 740
134 47 931
81 86 670
116 104 860
84 134 26
84 71 833
97 120 106
113 69 959
99 115 924
37 66 352
74 12 123
55 26 703
29 73 706
124 1 115
110 44 111
52 81 523
32 128 512
91 42 101
48 117 748
56 103 567
134 29 972
4 13 537
77 117 947
25 85 890
23 119 955
117 92 548
104 117 560
42 13 284
28 45 70
46 107 721
123 36 465
107 75 128
9 135 22
131 79 717
108 38 280
81 27 675
75 56 689
13 102 658
117 95 381
136 4 897
3 117 64
21 28 144
36 124 347
50 46 853
110 120 936
119 92 501
110 47 654
105 93 965
46 41 593
121 100 878
136 127 440
122 63 232
42 94 750
3 44 382
108 103 790
44 93 367
138 35 857
72 32 236
30 104 499
91 118 144
62 116 122
0 46 434
23 59 575
117 55 650
134 3 636
81 27 760
2 29 708
131 59 545
23 119 900
56 132 808
42 74 910
70 107 403
65 26 320
85 36 131
68 20 542
1 67 371
72 59 984
71 1 336
16 101 739
23 89 682
120 68 403
58 113 782
7 117 228
78 98 149
49 98 609
74 56 967
35 130 309
55 11 457
89 116 16
77 33 789
91 106 292
18 97 187
75 10 518
25 77 146
58 50 929
30 118 300
60 107 410
104 128 768
51 1 863
54 44 1
28 11 95
123 49 695
70 12 730
46 64 872
59 122 294
69 105 197
10 13 70
128 31 302
38 119 511
88 77 848
35 12 713
6 89 381
94 108 868
66 17 624
108 46 821
134 64 123
36 38 306
82 67 841
15 137 373
107 8 309
86 50 197
139 99 900
124 50 194
87 70 594
65 54 110
118 61 21
119 21 410
98 134 971
133 103 964
76 5 455
46 34 813
97 26 31
19 128 77
67 127 757
0 104 748
136 120 549
130 29 888
81 116 51
89 23 376
138 12 323
121 34 920
100 20 961
83 109 948
11 44 379
88 34 503
57 74 696
45 39 447
132 34 468
114 136 276
55 111 214
138 114 361
94 8 262
82 80 562
12 95 580
53 88 96
26 66 319
3 121 704
119 70 471
73 31 30
14 24 938
71 47 438
105 110 363
32 137 474
13 42 991
27 67 107
91 137 532
77 60 81
4 26 741
78 30 496
85 115 800
126 121 441
56 25 324
111 130 688
69 26 87
108 25 56
125 15 71
121 138 15
119 123 403
35 27 398
1 130 590
87 50 324
72 129 642
34 84 349
123 66 312
109 12 661
47 44 145
65 77 522
58 75 223
10 89 838
31 24 379
85 26 970
21 51 646
19 2 29
27 4 784
104 93 906
14 110 141
137 59 364
108 11 17
15 119 500
127 104 253
43 50 268
78 65 288
105 132 627
134 75 863
11 43 739
55 11 261
130 2 186
60 10 861
59 100 155
28 77 836
137 131 974
1 54 196
108 20 590
10 109 547
74 99 550
23 123 161
35 60 89
39 126 623
13 20 523
117 95 263
64 84 116
122 51 943
8 125 841
127 28 34
89 17 284
90 46 832
132 39 689
87 60 94
32 101 149
9 24 480
47 97 242
24 7 544
133 113 367
110 23 367
21 111 507
16 48 942
42 135 676
95 15 704
94 133 558
109 124 907
109 123 868
8 90 135
12 34 187
71 65 273
64 132 342
8 123 211
18 106 551
88 27 162
36 68 954
2 30 962
41 66 569
69 37 345
137 125 479
137 67 893
99 32 520
53 47 771
113 88 614
19 37 801
21 3 555
118 19 628
56 67 514
112 37 141
50 61 278
79 62 179
36 127 294
38 48 634
47 15 429
125 22 719
47 12 825
136 6 76
10 39 23
126 38 442
70 80 895
27 69 16
20 109 457
52 102 427
96 112 935
46 71 399
131 107 757
41 21 385
116 62 837
43 84 15
132 63 854
2 45 379
36 17 907
104 136 929
64 123 498
114 103 213
47 22 273
128 136 838
22 120 396
137 15 492
138 51 983
61 91 371
127 105 708
93 22 466
107 90 643
49 19 808
68 139 719
3 127 864
109 98 564
32 100 525
38 60 18
4 72 980
63 124 27
59 7 801
111 75 57
40 111 716
79 109 203
89 10 416
57 2 675
126 37 983
128 3 783
122 128 48
82 38 451
3 59 262
139 39 463
5 72 118
50 26 435
61 94 144
125 60 727
139 122 982
15 91 734
128 101 470
17 90 2
0 42 87
116 44 894
19 135 49
134 18 316
137 12 217
72 109 100
109 98 61
87 116 365
104 66 268
128 116 511
1 56 849
124 135 952
87 1 846
25 90 284
16 133 62
117 5 938
128 9 408
56 48 116
30 44 225
7 32 624
35 48 158
104 128 885
36 110 557
31 88 721
88 127 538
101 115 647
97 136 225
131 43 642
83 100 684
71 97 926
86 129 795
39 74 41
37 0 480
10 3 920
133 9 751
12 38 424
64 125 828
130 25 893
51 33 566
12 124 594
20 84 620
120 93 164
54 120 127
23 33 452
50 65 660
62 127 182
123 83 468
91 103 259
118 77 561
8 115 482
44 111 833
51 129 227
32 129 76
16 57 416
6 25 192
29 138 734
40 44 253
84 124 419
23 136 270
74 87 855
80 57 288
107 58 912
64 75 34
25 134 433
98 103 77
11 35 483
76 41 646
12 115 438
3 24 847
85 37 155
135 106 107
69 6 220
44 29 112
42 15 770
75 39 426
106 39 877
1 35 537
137 94 514
96 136 804
54 102 965
61 89 103
79 61 910
112 44 905
71 11 8
1 95 51
120 39 903
91 66 74
22 44 881
30 119 4
90 21 888
133 119 967
55 12 621
59 28 884
41 95 145
91 56 589
56 103 55
72 7 77
126 114 647
131 137 72
32 109 461
73 2 303
69 40 477
137 36 223
64 83 760
117 71 355
87 94 513
57 15 410
6 60 73
112 86 933
24 10 722
116 100 837
71 111 443
67 78 739
100 96 383
61 76 439
76 6 192
0 99 819
118 63 779
73 116 739
13 111 905
83 34 173
62 3 26
128 102 818
21 22 69
16 114 445
32 118 65
50 11 91
124 125 600
82 42 844
85 50 269
87 108 710
15 14 630
125 99 342
98 134 597
51 132 630
80 4 123
58 5 941
67 121 381
109 64 395
96 27 65
12 70 251
76 40 954
36 31 38
90 79 99
10 56 592
132 79 853
34 27 746
38 100 853
27 19 664
107 19 743
68 10 104
4 133 615
29 128 181
116 94 779
121 73 8
61 81 212
128 76 24
58 110 266
131 85 751
17 32 332
90 85 163
109 116 418
93 95 473
15 97 407
69 54 152
130 139 362
19 105 448
82 23 704
99 34 658
19 130 723
112 37 409
99 86 488
80 90 413
114 8 185
47 132 558
62 2 820
92 50 848
11 112 907
121 44 762
126 44 230
38 25 160
113 52 783
2 112 689
29 83 349
84 125 546
71 30 718
133 100 213
43 53 906
43 81 39
111 67 179
62 69 146
13 58 397
70 29 436
40 120 159
112 17 471
101 48 502
91 131 155
5 20 23
57 111 394
16 111 80
38 134 235
6 99 135
135 12 998
86 123 360
28 132 376
129 22 640
103 94 859
127 123 67
23 25 631
78 4 884
65 95 850
131 81 214
112 3 954
27 9 914
6 31 908
60 48 160
81 95 251
96 58 843
51 27 631
76 73 75
101 5 696
29 105 245
82 134 420
41 8 529
107 4 875
87 83 391
132 69 552
9 75 945
46 5 219
85 136 603
122 46 421
72 85 897
89 133 931
120 10 409
24 102 11
65 9 654
130 114 894
14 98 679
52 16 249
53 112 727
33 111 829
135 80 639
23 68 835
118 29 712
11 4 326
47 115 536
71 105 198
135 37 731
97 13 210
92 50 46
82 23 591
27 84 633
75 40 242
45 86 893
63 40 524
77 48 39
97 138 711
12 32 624
35 53 478
38 84 221
93 19 427
92 63 959
74 68 206
0 94 793
38 91 88
67 18 420
103 105 344
11 10 637
136 23 712
84 2 160
110 94 361
106 98 171
101 73 613
26 135 39
121 25 661
26 111 338
52 36 690
2 97 970
106 70 404
85 55 999
88 18 678
99 116 978
27 109 492
30 123 80
100 113 202
87 91 324
36 106 984
118 138 289
16 42 782
133 59 6
99 133 681
19 139 658
139 35 381
136 92 430
127 97 666
56 14 283
49 123 653
66 126 322
9 84 122
19 138 373
14 124 435
8 75 984
32 116 522
128 118 391
129 121 148
137 50 52
104 133 45
6 24 146
111 82 623
113 122 65
73 47 999
109 48 825
59 65 270
63 53 773
39 3 742
87 135 104
3 31 857
76 91 679
18 8 808
133 99 954
40 0 126
0 83 987
7 86 920
105 20 829
84 96 65
4 26 897
91 75 679
111 68 204
107 118 440
134 94 963
107 126 757
92 104 769
116 22 334
8 86 190
102 122 496
50 64 648
15 134 994
71 42 350
20 103 679
79 23 826
25 73 214
107 99 373
66 101 693
25 132 728
58 57 113
75 80 48
40 21 927
20 17 660
81 79 249
0 124 523
121 52 315
38 19 179
15 46 890
77 5 924
127 129 471
132 36 719
117 49 531
118 99 75
127 51 194
14 1 681
112 55 699
28 128 874
35 59 754
34 39 419
136 80 792
109 35 960
112 4 882
95 29 987
33 93 184
42 109 663
43 113 255
96 67 707
115 10 22
124 120 454
73 1 191
104 134 813
84 13 642
81 133 801
27 105 990
45 48 531
25 3 381
102 24 669
10 67 909
17 100 828
86 98 296
45 86 65
64 104 560
90 51 930
123 58 233
128 78 686
64 93 435
106 111 680
116 33 897
70 65 943
56 111 161
38 109 521
108 30 348
71 1 485
34 135 90
59 20 108
133 106 646
84 58 826
137 69 631
47 61 131
36 6 239
28 17 902
7 20 917
111 138 945
29 4 163
81 93 814
96 16 979
3 105 635
43 33 825
59 120 432
13 46 785
39 13 576
66 14 262
70 130 28
82 32 934
133 107 370
73 115 381
89 121 654
118 109 613
107 15 70
128 121 965
31 81 919
18 103 180
53 130 959
30 139 574
86 26 913
85 64 769
1 110 62
69 127 690
123 81 986
123 131 27
124 17 510
7 123 485
72 36 160
108 92 354
81 71 867
107 128 217
101 51 163
125 116 43
126 122 962
118 12 248
66 108 185
90 91 435
67 115 715
64 52 358
115 118 732
3 92 599
134 119 107
84 48 971
79 94 950
97 119 980
77 120 246
84 82 163
26 59 45
28 122 896
135 51 729
108 31 978
69 0 866
136 73 653
2 11 469
71 33 911
108 84 235
41 40 695
138 36 416
28 43 155
107 111 377
120 95 10
99 98 909
80 63 214
43 8 61
4 122 843
9 64 3
26 9 959
68 31 220
25 23 856
117 82 946
110 89 134
48 93 258
37 13 637
116 27 729
31 122 449
42 10 827
41 59 333
100 60 229
83 50 327
125 75 685
23 89 490
87 102 931
94 115 835
37 121 434
123 71 18
56 131 671
68 44 185
40 98 762
102 104 519
114 73 189
108 42 302
42 107 478
111 127 506
71 62 107
74 18 104
138 94 887
65 29 517
70 44 649
20 6 106
84 135 493
119 103 163
57 113 17
41 100 433
65 123 900
109 103 501
110 104 272
14 40 640
107 81 449
87 117 763
73 104 230
3 31 197
63 130 20
22 3 964
115 45 178
91 90 670
81 59 670
74 123 531
130 81 942
40 68 748
73 124 794
43 62 927
52 96 33
22 90 466
48 36 145
22 82 830
35 124 227
102 40 962
78 101 621
138 5 494
107 77 298
103 114 148
115 15 983
19 69 921
76 125 643
109 23 372
130 5 781
130 84 203
3 72 20
62 82 439
97 39 188
109 9 723
115 75 966
63 10 169
0 63 100
43 45 283
97 35 704
3 108 135
66 67 738
133 47 772
4 70 302
39 32 372
116 136 327
28 15 626
28 93 704
23 61 338
94 14 374
8 138 513
131 112 150
124 55 743
34 111 595
133 132 962
101 27 745
67 110 874
121 118 416
4 47 525
21 130 108
58 0 17
15 46 353
73 79 195
68 73 633
79 36 344
114 120 320
21 47 448
55 111 904
22 39 424
79 94 331
111 94 555
110 48 178
107 77 129
19 89 666
52 129 378
47 97 740
69 109 390
106 110 701
8 2 822
109 104 390
66 126 732
31 29 163
60 21 735
125 66 762
16 57 38
136 3 830
34 27 197
16 34 993
105 47 280
65 134 594
0 67 283
104 15 834
4 92 133
27 131 69
2 110 57
109 110 147
23 67 992
3 100 608
18 119 230
31 41 329
46 82 476
58 64 69
21 123 215
85 4 636
18 54 377
9 25 57
44 47 912
34 39 563
58 35 700
17 21 145
8 68 789
28 133 255
43 77 617
48 25 410
20 65 124
11 129 971
54 99 496
19 126 393
19 9 314
95 118 24
69 110 161
108 61 266
106 139 808
1 129 694
15 75 869
4 3 220
4 101 505
114 79 543
8 98 899
82 7 953
20 101 162
105 80 157
41 34 403
84 12 588
107 28 781
108 128 579
37 2 483
75 87 292
52 55 179
101 104 984
2 82 980
59 41 574
84 16 692
62 81 991
39 95 824
20 81 792
107 73 413
8 70 628
110 57 562
27 2 568
58 123 991
76 0 361
5 30 866
137 5 83
27 125 271
65 60 70
94 69 156
73 42 122
136 137 207
74 48 295
114 6 412
7 60 447
35 129 319
100 70 975
108 97 136
97 75 414
6 100 840
33 118 897
79 1 146
126 94 799
91 11 222
72 39 183
128 33 281
2 131 473
91 71 704
84 23 203
17 71 859
68 67 905
86 72 974
100 24 650
52 67 121
76 15 656
47 112 199
93 7 840
44 76 590
64 128 499
73 67 437
99 55 998
55 89 166
71 81 596
98 34 510
94 133 792
72 37 544
33 133 198
99 40 714
93 4 259
71 93 543
41 120 294
77 88 259
17 52 387
120 20 379
121 40 462
35 117 453
100 89 971
94 54 663
60 122 212
122 120 363
105 139 109
45 9 982
31 133 488
67 128 506
8 88 624
35 52 608
38 111 619
8 89 149
95 86 993
35 78 707
50 103 52
6 39 37
64 63 937
84 8 775
108 16 900
41 131 868
78 67 734
70 93 178
137 92 98
101 20 854
135 17 742
46 38 877
100 104 145
49 39 284
88 81 134
29 78 249
33 36 45
12 88 709
24 86 680
98 99 850
107 42 453
81 16 946
51 65 714
56 54 815
106 69 923
100 60 125
99 86 675
5 73 226
25 17 496
58 21 718
30 71 224
4 102 578
39 130 411
124 119 275
138 59 756
39 26 971
73 113 728
122 113 396
122 136 694
121 53 623
90 63 766
19 38 255
62 38 196
1 14 244
74 70 625
18 117 253
73 101 548
33 115 385
94 129 511
108 3 561
92 41 779
53 29 638
21 40 447
139 30 369
95 53 534
14 65 840
77 25 228
99 132 436
105 73 758
64 130 333
53 110 944
116 118 727
89 101 953
90 16 354
102 5 228
69 50 732
79 16 386
138 91 87
118 6 76
121 63 369
45 66 362
20 46 259
17 100 143
55 22 562
30 95 552
60 111 506
75 134 572
64 79 915
106 84 579
48 3 175
123 132 9
24 8 245
5 67 600
64 3 328
65 108 663
17 27 804
57 3 326
110 118 333
51 2 912
106 84 354
83 94 566
33 15 277
78 0 137
32 80 994
129 113 552
10 50 893
116 28 266
128 75 508
78 82 472
50 135 861
115 119 986
113 85 744
49 60 959
111 75 994
9 48 553
0 137 674
4 99 14
67 2 546
15 81 654
122 69 786
45 54 797
19 71 911
4 46 287
85 62 214
53 0 18
117 15 483
78 68 607
67 47 478
125 128 244
36 109 707
76 52 619
12 23 971
83 105 214
101 7 460
32 127 805
35 60 548
94 85 601
79 30 192
92 38 994
138 112 541
92 77 562
79 97 795
136 39 232
71 49 837
72 34 978
91 100 631
55 135 655
122 37 892
79 127 43
46 127 23
38 2 49
120 138 438
3 16 136
18 78 572
34 21 237
134 12 120
95 75 485
33 63 194
38 18 677
80 85 133
83 106 246
92 131 814
117 55 216
97 67 524
35 14 243
14 104 807
95 14 555
65 82 369
56 79 880
62 79 14
11 121 280
61 60 229
4 96 587
97 78 164
109 86 105
118 28 805
63 8 493
127 49 766
90 89 983
130 7 843
35 3 331
84 82 336
48 117 187
32 119 907
68 128 614
92 56 19
121 62 574
43 48 366
56 109 663
108 8 379
24 90 965
125 13 420
126 119 918
20 91 18
6 135 445
6 31 936
139 0 641
69 20 339
99 69 516
37 133 933
59 45 385
34 46 837
81 51 128
110 7 680
42 48 775
128 138 140
79 37 146
84 37 450
101 2 998
60 118 821
3 54 715
118 60 651
88 74 1
75 50 222
65 135 967
24 51 845
103 68 957
109 57 471
12 117 832
92 33 444
66 46 401
126 110 874
132 123 385
38 48 254
79 54 146
85 129 690
118 64 836
65 31 636
45 115 883
34 115 667
32 136 678
52 45 180
70 73 784
91 133 54
45 6 758
82 69 153
62 52 963
52 49 167
132 59 629
15 121 368
124 57 207
133 48 486
1 78 40
120 134 777
55 1 154
33 13 878
121 124 578
133 31 32
41 107 552
93 86 989
100 54 949
9 111 542
116 45 330
54 20 969
125 89 191
126 114 464
22 139 724
129 22 547
26 18 65
128 131 835
111 1 701
5 51 251
130 69 148
41 103 801
94 114 489
122 42 336
7 12 557
56 74 548
96 121 634
24 106 34
33 9 808
27 55 181
90 12 854
3 98 310
61 88 882
90 71 97
39 76 577
20 125 197
97 130 614
70 99 280
86 125 762
49 138 945
92 21 66
94 6 881
86 27 491
58 132 397
21 53 138
30 110 335
22 62 642
83 112 281
1 133 170
42 139 433
28 24 164
17 47 407
30 25 498
10 111 434
47 28 520
22 16 349
76 114 659
8 117 614
121 75 121
10 134 127
99 86 743
73 129 452
16 123 229
133 101 808
115 114 140
26 49 61
37 18 915
30 90 493
27 68 33
136 25 976
50 99 65
85 126 847
33 13 730
76 22 617
36 40 587
56 128 347
51 2 279
25 37 797
121 124 70
44 81 975
28 84 82
103 87 91
137 68 132
28 90 243
70 50 749
100 120 986
105 68 42
68 28 338
11 29 570
70 44 314
0 42 308
97 13 404
24 118 884
61 103 881
30 2 178
135 16 193
130 54 596
127 82 283
83 48 483
96 22 548
64 103 703
135 8 518
89 107 240
48 104 154
66 44 842
26 63 585
31 11 155
94 21 742
31 37 592
93 54 223
17 11 262
131 81 226
114 117 548
75 135 573
129 79 136
93 117 292
107 123 856
90 87 404
115 112 337
51 73 906
61 115 318
34 78 916
42 65 662
76 35 708
33 114 125
11 78 351
131 121 544
34 31 797
138 14 100
21 41 127
75 62 414
6 7 965
112 33 898
70 78 828
70 139 555
14 58 446
76 24 719
88 61 613
34 1 586
58 106 386
21 33 59
119 21 217
139 65 916
60 134 877
48 50 205
122 107 553
0 87 820
103 115 716
2 61 175
2 31 397
103 106 698
80 131 522
14 45 285
97 63 185
118 36 124
76 64 155
83 69 965
82 125 196
69 40 898
13 114 407
88 0 416
25 113 740
40 83 688
16 74 476
4 30 48
114 35 951
122 53 485
16 132 529
74 15 539
114 104 97
34 10 842
34 113 835
121 138 220
62 76 543
83 49 454
56 138 222
69 112 848
77 87 405
86 36 806
0 30 569
85 79 910
21 105 482
135 37 513
137 30 766
1 130 673
41 135 349
96 57 617
50 15 461
76 63 369
55 73 906
70 87 838
93 89 836
16 109 718
129 60 966
63 28 84
50 51 46
130 48 900
62 36 564
21 55 132
121 4 237
57 23 970
116 80 890
53 89 775
84 128 21
7 93 469
16 32 617
127 22 995
104 2 695
111 126 415
28 72 629
79 46 243
92 21 102
69 65 599
56 76 473
101 58 634
123 76 664
100 18 509
26 53 101
22 85 817
113 129 555
117 34 962
86 33 760
67 90 862
49 107 758
130 36 264
60 21 251
133 77 872
66 16 225
78 49 669
57 92 540
100 18 834
36 126 141
65 61 227
29 71 478
115 125 490
44 3 284
45 139 327
108 65 52
87 110 828
117 107 211
95 115 676
112 127 797
124 4 399
126 110 244
68 49 859
1 86 570
122 5 322
61 127 584
46 110 2
68 66 483
104 73 820
38 10 192
135 32 119
83 123 840
87 31 398
45 57 700
49 75 95
3 54 708
117 22 406
127 118 797
17 26 599
93 66 725
128 1 874
27 33 101
45 92 934
19 73 934
132 74 478
113 28 350
7 107 988
46 55 86
114 16 779
0 69 439
72 3 652
100 53 618
39 127 765
72 135 50
80 26 458
31 27 477
52 59 608
52 42 570
55 68 945
130 52 960
110 65 288
98 89 954
52 125 52
61 39 533
119 114 651
34 14 673
71 3 39
108 96 743
29 45 892
121 6 824
139 49 721
56 33 924
80 72 101
105 110 309
95 31 144
6 87 323
7 120 473
115 58 522
126 117 90
50 80 248
86 96 498
136 25 823
26 58 637
3 112 32
122 12 931
57 41 768
42 111 492
39 123 576
94 119 205
56 83 58
11 37 607
25 82 366
24 64 597
112 27 773
114 23 968
41 4 116
6 7 327
118 125 488
32 87 328
24 81 206
60 104 974
80 122 745
94 100 45
1 125 583
59 47 504
97 105 700
18 26 927
102 75 106
83 2 630
48 79 163
119 41 522
22 20 858
11 43 665
72 20 618
24 20 518
44 35 86
126 130 184
126 113 53
95 87 705
134 31 957
23 44 543
43 66 111
117 5 86
100 16 602
27 41 499
58 20 392
2 108 670
29 88 76
123 57 496
28 105 124
21 89 901
118 114 453
104 41 140
52 55 371
130 108 23
49 38 237
18 37 5
41 119 42
93 19 934
56 25 553
90 112 966
115 124 764
122 66 788
102 10 240
26 18 321
131 125 65
38 73 434
73 49 684
26 13 965
63 4 73
81 99 352
7 50 284
58 37 33
117 112 717
46 75 495
76 21 678
92 78 756
2 74 802
23 69 568
24 20 634
