91 30 22
39 42 164
76 65 629
4 11 311
4 67 137
12 34 757
79 5 638
3 69 62
9 21 197
82 75 701
53 5 485
22 19 662
11 85 686
71 38 621
61 77 152
4 1 284
76 32 562
28 8 606
36 8 311
92 79 209
74 78 142
72 74 944
30 81 654
14 4 559
57 21 392
18 89 515
5 39 301
50 60 967
94 18 879
16 54 732
78 13 976
84 75 748
30 12 876
36 12 57
73 3 270
86 32 505
58 0 973
5 69 551
81 53 416
65 82 485
94 20 654
94 80 151
66 18 849
29 45 431
11 6 555
84 58 681
6 13 132
19 48 829
18 39 140
37 63 665
28 78 230
53 20 71
15 9 902
76 50 582
42 31 585
72 17 481
36 9 572
57 39 841
24 42 211
37 74 254
17 85 792
82 73 817
16 78 145
21 53 824
47 70 594
59 60 692
35 94 459
0 53 285
82 79 962
88 56 274
63 31 245
10 18 237
3 85 20
81 55 444
42 77 590
83 28 14
4 87 80
83 26 314
55 71 338
12 86 168
85 60 555
89 22 737
33 40 215
53 27 957
6 72 327
29 84 194
90 29 638
81 14 977
58 25 348
0 67 191
45 37 728
43 50 257
29 34 896
11 55 616
27 69 34
21 86 479
46 25 753
90 24 20
59 8 543
57 43 569
25 53 77
65 49 603
58 14 176
79 84 961
28 60 883
94 83 519
24 79 402
9 39 568
77 83 586
54 38 698
9 46 525
0 80 100
1 56 683
54 93 315
36 47 837
86 54 705
48 26 668
60 11 610
12 74 271
67 12 525
8 1 931
7 85 346
66 15 753
51 25 828
60 9 3
14 35 901
93 36 974
59 51 667
28 29 767
91 53 947
86 4 773
12 65 688
60 5 530
58 0 412
17 4 694
90 53 487
75 88 688
50 52 253
14 53 280
26 68 104
1 77 821
93 69 367
91 31 482
28 70 860
71 62 775
94 46 154
92 31 404
9 72 463
68 66 736
10 64 440
73 62 472
33 26 207
23 24 941
26 75 605
26 89 931
20 36 676
39 26 925
79 86 180
28 73 946
65 74 169
26 89 872
83 44 637
28 91 572
52 59 159
32 39 684
31 55 798
5 54 663
73 77 367
54 73 31
86 1 417
57 46 944
91 15 911
60 45 323
67 75 54
50 83 930
42 94 97
86 38 642
38 45 143
33 51 796
33 75 208
6 72 864
33 11 86
13 46 205
44 69 810
15 91 195
29 72 795
2 29 654
3 64 281
42 86 515
25 44 68
21 34 764
73 16 188
2 19 627
25 20 400
16 57 353
59 47 39
18 40 674
50 79 65
21 35 647
79 65 947
69 22 672
36 79 963
54 13 338
41 72 165
83 61 788
12 17 272
0 42 590
70 22 979
12 66 817
57 73 501
79 45 93
41 63 377
57 68 490
87 18 333
26 16 256
63 71 964
69 75 310
29 82 967
25 56 760
30 14 302
13 79 393
41 79 698
35 62 586
79 22 872
67 69 21
18 53 695
27 40 243
92 7 656
0 9 609
7 48 317
62 29 344
45 71 570
40 17 793
25 74 892
3 72 709
81 85 642
78 41 79
20 21 101
56 2 447
48 76 46
83 93 907
27 39 462
29 68 405
43 50 196
2 6 828
17 60 628
90 64 610
1 16 411
49 52 922
9 71 836
79 23 364
85 55 534
57 7 271
93 36 497
3 61 824
60 4 817
63 73 698
4 54 590
35 25 751
83 13 132
87 40 809
56 92 805
38 73 42
57 83 30
27 11 978
69 66 912
14 86 397
20 58 132
82 25 100
91 90 572
88 5 339
70 8 967
1 73 80
30 22 86
81 22 70
68 63 156
65 66 247
26 24 397
48 33 177
81 80 557
7 64 471
57 20 902
48 57 501
14 92 78
88 94 871
94 91 222
45 84 820
81 37 962
16 58 819
41 0 281
47 13 645
56 43 492
44 75 93
22 78 874
78 62 733
46 32 186
94 14 602
35 26 227
88 41 670
51 78 181
12 83 549
79 59 651
49 22 135
36 14 740
22 94 27
65 53 503
24 72 695
79 83 102
0 80 148
19 89 553
0 44 727
46 90 319
94 27 898
1 34 725
52 85 452
0 94 682
49 31 56
6 54 490
11 72 878
93 40 645
5 30 528
85 90 485
77 47 41
93 22 844
18 29 690
38 14 272
10 36 853
92 94 476
44 23 862
5 92 577
45 10 459
50 28 568
41 87 782
79 8 231
48 33 455
76 24 57
23 37 370
11 28 759
65 42 84
7 28 934
15 61 511
72 58 197
59 48 889
5 89 12
32 26 358
71 81 549
8 29 566
15 52 135
53 57 910
76 17 209
41 89 523
91 89 127
68 54 175
46 68 124
6 65 654
14 87 687
59 55 364
29 18 896
79 19 692
75 34 12
72 20 334
0 44 257
83 45 276
56 63 512
62 10 940
1 82 590
50 36 692
38 26 986
16 45 666
82 64 845
59 63 622
49 4 439
68 46 252
4 8 291
36 14 689
83 77 364
50 43 612
17 75 521
92 68 581
3 71 238
56 69 777
44 64 748
10 2 142
33 78 520
70 73 283
94 72 609
35 24 659
58 50 520
69 53 58
29 65 339
38 19 848
29 52 23
33 20 725
87 67 329
17 83 999
69 15 300
87 38 910
18 49 232
67 19 398
45 93 83
44 63 323
30 25 1
49 61 393
40 60 495
94 39 816
6 62 688
92 10 103
56 5 17
58 32 750
42 29 450
46 39 573
65 86 870
12 30 687
33 54 208
55 94 826
11 37 576
63 34 110
32 51 560
92 58 482
41 3 28
14 27 373
34 30 966
91 33 981
46 49 598
55 73 964
42 21 413
42 38 732
69 67 521
32 19 563
57 45 893
91 85 467
3 90 311
49 0 51
58 42 68
42 16 201
48 91 43
36 10 816
27 88 697
51 45 390
9 30 552
86 0 797
3 27 932
81 65 425
0 83 884
55 56 516
35 84 98
81 16 117
24 68 54
18 50 176
32 41 612
1 91 870
81 8 467
77 92 425
11 1 568
88 32 100
4 52 209
72 92 44
12 33 288
4 65 844
46 45 730
4 29 773
79 50 278
29 6 31
18 76 642
1 44 593
49 75 258
52 28 153
9 77 451
87 4 380
5 46 723
77 9 567
41 44 765
70 6 540
55 20 826
62 81 836
8 12 187
91 67 689
30 64 325
38 20 313
30 39 488
33 19 810
26 36 527
89 92 216
69 48 192
34 60 204
52 12 566
79 86 765
56 53 802
42 63 154
29 31 885
30 48 849
42 78 459
88 6 28
49 2 143
14 7 411
31 44 550
17 43 221
62 26 198
78 59 412
5 69 487
15 31 725
23 48 976
71 13 974
82 21 94
15 34 336
74 70 921
0 88 410
59 50 696
24 39 857
87 21 799
33 34 996
82 14 409
90 26 223
72 18 486
62 66 44
84 92 54
53 55 634
37 4 476
83 22 179
7 64 534
64 91 362
68 53 864
10 67 559
69 34 680
16 45 860
58 93 996
86 13 924
45 3 455
77 12 626
67 75 730
10 18 296
3 4 154
39 58 743
42 59 724
81 93 186
64 67 168
6 0 123
14 5 515
76 21 303
53 3 440
59 58 185
12 27 498
80 91 769
30 2 782
81 28 899
10 26 636
42 80 94
88 13 561
31 62 22
64 72 487
85 72 989
56 49 807
42 18 458
63 43 523
72 87 598
45 14 215
52 65 496
31 70 794
82 20 268
92 25 704
39 94 368
56 80 205
7 88 512
3 54 355
32 76 602
26 5 394
10 92 819
32 6 819
80 87 77
72 73 944
89 52 498
27 84 107
54 66 565
51 8 638
15 58 691
6 38 292
14 59 633
53 85 688
43 82 120
72 63 53
0 93 927
50 15 7
51 63 850
51 23 732
69 10 849
69 43 836
29 84 857
69 64 438
25 72 946
70 25 387
49 42 887
67 23 623
76 2 60
88 84 291
75 79 193
61 34 145
85 33 606
46 79 229
20 26 696
62 19 942
77 23 997
46 83 322
17 6 300
14 39 875
50 89 465
52 24 717
12 15 435
90 57 926
75 19 128
50 53 36
85 27 262
1 91 51
93 47 749
9 78 549
15 70 49
68 8 70
23 33 23
58 43 318
24 87 719
10 65 841
30 29 858
54 22 784
58 10 741
73 4 919
59 24 136
54 57 209
29 27 629
4 51 631
91 52 439
6 60 567
21 47 232
65 18 823
67 34 6
91 45 39
7 81 386
81 16 991
33 15 766
62 44 624
11 73 769
39 47 313
56 36 881
85 80 471
92 94 327
24 64 43
4 3 871
53 67 177
72 81 48
24 46 895
68 67 179
92 22 839
74 10 900
57 9 408
23 68 158
55 60 794
11 86 69
1 87 985
0 93 450
85 42 397
80 60 364
59 42 867
65 11 166
1 62 952
12 75 548
34 53 987
23 78 138
30 22 287
35 86 258
72 56 598
18 19 465
26 17 79
0 51 132
73 72 930
16 35 284
66 26 65
86 40 966
33 47 82
60 54 982
34 52 558
93 76 36
13 28 774
42 73 362
89 75 990
26 29 761
88 15 837
60 48 609
59 43 173
11 91 574
39 89 416
28 19 889
64 61 267
16 68 766
41 92 964
23 9 392
14 34 712
30 25 765
70 93 477
89 27 445
14 4 117
81 80 370
85 49 416
27 44 210
10 40 417
18 48 416
36 30 272
10 71 756
60 44 461
54 37 203
12 35 990
22 8 666
66 51 519
51 26 215
39 20 793
60 77 766
15 79 818
1 77 882
25 70 238
50 58 305
74 38 788
46 31 9
37 21 101
36 56 636
25 60 265
33 23 828
64 16 814
87 77 862
60 48 136
69 59 440
67 65 258
83 54 103
48 30 204
77 44 513
41 24 828
60 90 8
36 61 302
24 65 825
92 84 88
2 47 805
89 5 574
35 88 625
92 87 340
29 18 9
3 9 113
29 51 18
34 15 35
72 14 684
49 41 901
53 29 582
69 76 161
64 89 827
75 41 136
3 57 673
6 85 279
34 63 388
21 33 280
42 29 575
58 36 95
56 20 493
9 12 684
31 4 130
83 53 259
36 37 512
6 72 935
63 60 282
78 70 336
33 43 837
75 40 85
70 41 311
34 0 392
0 78 236
4 25 719
78 33 231
73 76 788
66 23 13
71 63 873
87 54 88
51 10 144
43 1 279
65 28 259
30 33 842
22 83 616
94 80 249
69 93 797
62 18 868
37 82 328
39 63 384
2 1 824
91 14 636
67 75 172
58 66 667
53 43 802
85 4 989
62 2 492
49 28 6
21 94 197
84 32 269
71 67 244
5 18 891
18 6 427
8 66 732
74 6 800
29 2 146
9 57 61
82 24 881
86 9 25
4 61 384
56 21 544
80 57 590
12 33 795
76 9 304
28 8 238
28 13 177
26 7 198
32 81 204
3 91 482
55 66 238
34 15 530
49 75 374
85 77 748
73 18 158
80 60 594
33 35 123
66 51 604
57 25 278
69 74 314
11 19 877
3 88 850
70 45 318
90 50 563
53 74 722
59 5 852
67 12 988
80 6 940
25 81 181
24 85 841
14 45 533
69 72 627
22 58 568
33 85 826
53 32 968
55 64 697
56 48 507
34 59 303
37 66 734
11 39 93
57 32 821
38 94 103
48 38 738
60 57 975
50 15 509
46 89 825
80 66 242
87 43 949
25 40 84
11 36 919
19 83 711
39 32 276
67 77 555
73 65 546
42 55 6
56 6 332
79 29 803
61 24 752
82 34 60
76 72 6
62 80 22
70 25 18
25 10 992
10 60 474
14 12 529
33 65 426
20 71 223
22 49 578
76 77 171
68 20 721
59 12 705
42 36 275
12 73 918
80 20 661
72 10 596
67 85 82
29 69 799
39 18 497
54 85 306
28 38 620
74 70 365
91 0 671
49 75 92
66 2 830
66 72 587
26 5 856
83 3 483
69 37 419
24 13 987
24 40 524
89 74 558
90 85 924
81 5 641
6 32 644
90 18 797
6 1 387
34 35 704
83 64 60
32 73 249
10 57 392
29 87 171
7 48 366
14 72 366
94 68 925
33 86 3
39 29 313
73 71 439
29 40 854
87 18 642
68 39 984
3 71 500
48 79 361
30 78 281
45 79 575
56 63 706
39 7 84
52 24 971
58 89 336
85 92 679
34 3 148
26 76 934
73 3 667
4 43 920
25 83 457
84 25 889
36 69 51
3 13 209
51 94 888
26 64 848
42 19 293
18 89 609
84 22 1
13 50 705
37 27 987
25 90 504
53 73 799
12 35 249
1 13 231
19 78 678
84 55 7
78 91 80
73 58 243
41 78 482
18 42 689
86 74 484
90 16 740
48 32 683
72 90 850
11 5 494
75 30 782
48 77 214
17 10 34
14 91 918
35 12 186
32 80 61
8 88 147
47 7 341
72 44 110
8 94 604
4 53 84
63 22 127
77 4 603
80 82 948
91 47 959
92 40 732
53 2 45
82 43 802
33 85 221
54 80 449
12 29 387
26 41 641
52 48 229
58 67 499
80 66 974
77 46 342
58 24 849
7 92 633
47 84 600
24 74 676
73 45 887
19 66 309
59 14 518
47 15 151
76 13 209
49 76 385
39 49 516
3 40 232
11 62 193
48 83 556
15 34 536
25 67 479
52 84 652
41 33 548
66 6 237
47 77 550
88 66 882
10 74 94
60 92 661
51 39 777
28 52 496
52 71 936
21 79 51
76 92 315
5 74 67
77 36 809
22 12 428
5 84 964
62 26 665
93 25 839
68 1 280
17 55 830
50 78 981
23 93 151
51 68 138
21 92 703
35 69 134
22 60 74
29 3 457
10 91 728
48 10 173
24 12 347
10 91 953
23 53 347
39 90 522
62 49 334
28 29 59
54 18 339
42 1 66
23 41 914
25 68 76
36 89 181
59 1 839
17 30 800
25 37 829
78 54 468
24 0 916
13 2 532
49 74 1000
21 20 753
48 60 996
59 56 936
59 18 395
69 21 49
10 85 830
65 51 161
3 77 836
86 73 577
34 7 142
46 19 810
25 3 151
82 84 132
24 80 371
93 76 637
64 33 143
75 68 53
58 6 633
71 2 225
34 29 512
41 31 919
84 26 515
84 69 454
22 63 783
85 37 81
29 7 215
94 74 891
68 88 486
43 6 271
56 9 524
39 83 834
15 8 563
34 66 494
57 36 28
38 18 599
81 57 565
26 81 222
22 90 342
42 25 964
19 47 483
86 49 474
0 38 734
50 5 619
13 89 500
30 38 131
73 36 989
24 57 280
80 9 567
87 12 493
52 21 8
1 0 273
44 56 768
37 32 748
33 60 895
76 67 660
7 40 439
57 74 361
26 8 235
83 92 643
56 74 128
44 48 86
75 20 170
48 7 70
31 68 61
44 76 155
62 88 471
6 43 996
52 13 840
31 0 675
64 59 849
54 17 104
88 3 390
35 59 431
2 53 53
12 14 829
36 20 222
40 29 726
22 36 600
93 46 357
65 62 991
16 48 575
85 61 940
10 92 676
7 32 104
61 9 836
23 39 131
85 12 444
41 32 1
6 57 603
67 49 9
60 24 581
87 70 863
61 46 267
47 1 747
9 50 691
50 30 214
87 56 369
68 19 254
72 82 388
11 48 896
15 57 597
27 61 562
37 13 668
80 70 258
4 64 733
65 86 300
24 54 951
19 51 190
67 34 213
79 27 402
67 13 171
43 89 835
47 90 160
13 81 505
92 90 839
27 32 601
31 61 799
71 17 379
47 17 4
7 52 98
0 69 804
23 48 964
50 18 270
71 24 131
54 69 650
67 84 379
11 67 431
63 21 513
57 80 236
79 92 300
25 17 497
91 41 239
44 16 296
54 87 316
9 7 126
17 47 963
7 4 767
73 94 942
60 90 166
16 65 249
78 31 234
36 53 106
37 90 700
91 73 120
45 84 620
17 52 581
9 94 45
27 3 777
52 70 416
69 71 618
14 58 239
35 84 446
67 35 728
24 45 551
63 93 977
73 81 223
67 44 488
7 20 670
39 79 514
59 70 705
46 88 187
43 70 506
71 94 149
38 91 325
9 32 209
70 94 3
30 85 166
75 66 654
45 32 725
61 88 354
76 5 927
70 81 215
54 43 748
3 65 750
46 73 260
72 89 292
36 8 408
88 7 897
19 75 840
18 59 505
53 73 195
44 18 752
32 20 907
87 86 521
46 74 634
1 18 25
64 47 424
46 32 358
9 67 209
11 51 944
47 8 977
15 25 144
79 63 774
29 19 517
48 92 609
52 24 601
72 23 961
14 30 696
92 12 69
59 26 691
35 66 235
32 57 606
28 29 72
77 7 474
34 64 576
74 12 116
19 24 577
75 9 611
57 23 546
16 28 632
47 26 682
60 40 203
33 55 171
27 3 200
14 29 102
6 64 804
68 32 703
68 90 954
76 51 71
27 76 73
89 2 604
79 55 596
56 1 90
87 75 43
76 6 903
15 73 477
84 67 17
14 61 347
24 40 532
72 75 152
14 42 636
77 61 831
62 10 162
91 66 369
51 53 484
33 21 242
78 11 737
11 4 577
66 33 790
41 36 820
36 71 713
16 37 356
43 71 119
68 28 920
54 71 160
29 52 715
93 54 664
44 18 595
17 92 767
80 77 628
92 56 128
17 54 402
34 26 282
38 61 788
81 76 812
35 10 920
73 85 712
51 17 766
34 56 81
11 85 45
48 24 635
39 24 392
38 22 110
72 79 534
46 90 508
43 24 541
58 92 100
71 19 472
75 30 31
34 8 746
47 58 651
69 27 88
41 20 952
74 48 430
7 22 377
18 24 622
30 38 715
9 86 38
69 56 396
62 91 174
65 66 104
84 4 888
54 49 647
38 48 347
41 32 283
55 39 810
0 50 221
5 82 39
89 61 639
52 50 286
35 55 754
60 21 246
64 5 351
67 30 547
82 81 822
66 93 874
77 32 802
83 49 798
68 35 727
12 45 807
44 68 369
77 42 607
55 30 225
9 79 319
64 56 919
80 2 136
31 74 725
58 92 776
44 9 557
50 48 728
4 2 740
54 7 202
30 55 976
4 22 484
81 43 998
89 58 250
1 30 137
54 28 980
40 25 22
19 77 636
94 75 449
65 28 940
66 54 784
36 7 390
43 35 37
68 67 51
0 66 66
62 41 248
32 75 777
61 2 868
37 58 568
35 41 620
23 48 643
70 52 465
75 9 304
26 94 888
34 3 816
1 86 791
63 22 508
28 42 252
57 25 785
62 13 495
84 40 897
21 38 559
20 88 172
84 82 514
94 68 733
87 69 97
6 92 832
62 68 751
85 12 354
20 14 574
82 36 969
79 0 62
41 89 387
8 2 403
27 18 649
78 8 856
94 76 243
33 1 216
60 61 31
57 41 942
37 83 289
26 92 618
77 78 563
15 70 783
94 44 279
88 3 380
0 76 483
94 29 308
86 69 712
23 10 50
2 14 343
92 84 896
64 4 931
68 6 851
80 44 928
19 12 112
55 40 397
74 0 714
49 35 784
58 0 691
1 10 596
43 72 528
60 66 274
17 1 973
8 9 662
27 7 49
25 82 490
45 6 686
30 79 280
26 34 633
25 47 702
73 71 50
19 33 291
12 80 369
8 91 635
43 41 950
71 28 473
40 66 971
8 14 588
23 1 678
1 0 430
54 19 382
61 64 885
56 35 629
93 30 530
10 85 8
34 88 294
93 94 194
82 43 707
90 24 806
69 76 955
76 78 19
18 4 336
61 16 114
77 13 871
9 87 553
4 8 921
2 52 978
17 33 512
18 91 880
74 19 603
4 0 712
31 22 805
75 13 442
35 34 48
12 59 106
53 62 940
33 20 927
44 3 251
10 71 407
88 68 784
92 53 459
22 0 257
69 54 59
58 47 743
93 37 659
57 82 524
52 94 409
32 58 674
19 18 22
70 25 362
89 53 859
92 44 204
43 71 124
33 4 635
1 27 944
29 55 573
28 57 318
21 27 480
44 71 522
60 5 112
18 56 530
12 30 247
60 41 793
79 63 40
71 41 513
9 16 268
33 17 993
69 31 114
38 4 327
42 63 834
19 10 396
33 20 19
9 58 470
23 44 823
12 58 557
68 74 489
4 7 591
68 90 534
27 5 162
10 69 239
11 87 998
81 58 406
6 65 988
72 55 41
26 64 114
52 94 121
43 30 764
3 77 895
7 2 486
5 72 512
29 7 141
71 80 255
75 13 983
57 90 186
25 28 633
70 17 131
84 77 634
77 47 75
41 3 530
44 68 425
38 7 753
13 85 498
45 32 607
24 40 816
3 5 3
79 53 987
53 54 560
15 29 615
79 35 173
68 73 940
53 10 994
56 3 637
19 82 442
80 35 274
8 69 905
93 72 30
10 66 177
82 62 76
92 7 738
57 55 317
49 26 46
60 35 840
39 28 803
1 69 721
35 92 733
79 61 626
71 51 207
3 75 95
28 65 747
38 21 278
21 37 872
38 79 408
35 69 593
9 23 755
86 44 853
12 37 746
81 13 100
68 65 411
81 94 870
0 19 831
44 60 81
31 71 36
1 28 114
19 83 141
2 46 181
74 39 22
15 22 146
29 48 707
47 68 155
6 55 769
74 76 175
37 17 332
35 7 862
86 37 338
8 2 639
79 66 850
30 66 606
10 15 522
47 32 350
68 56 1000
12 2 279
4 50 780
21 10 511
72 47 61
22 74 516
51 91 545
45 80 826
24 55 474
59 37 915
90 52 474
64 7 128
13 68 984
87 46 626
61 77 690
35 77 667
67 44 504
65 35 262
15 7 373
51 16 593
93 18 991
42 6 540
1 76 648
51 77 143
39 54 828
32 3 968
78 70 46
6 34 579
22 11 601
4 41 522
54 48 453
72 77 699
83 41 947
70 63 288
1 17 491
56 91 962
48 45 671
49 21 454
30 44 49
80 47 953
54 7 226
92 68 426
23 43 642
54 75 162
1 23 868
91 15 11
5 62 760
28 22 359
63 80 881
69 4 802
41 54 876
64 14 2
12 49 509
41 81 832
8 15 15
89 36 687
45 57 571
38 12 350
89 43 826
22 27 309
3 75 137
58 56 860
74 64 790
13 60 490
81 89 954
44 49 9
57 17 681
69 59 940
49 31 881
45 81 145
70 45 174
32 1 236
38 54 550
94 24 835
50 9 839
24 86 470
51 53 911
34 76 377
75 11 418
85 88 812
13 75 638
40 5 187
93 20 854
38 62 401
93 17 881
90 55 780
89 9 449
57 87 234
27 15 667
55 60 350
83 0 183
21 30 7
29 92 942
11 91 569
40 26 993
91 2 983
93 37 851
8 38 13
39 26 207
8 82 266
31 76 887
68 67 537
17 70 84
60 28 193
84 36 962
35 31 492
87 36 989
76 9 321
3 82 62
75 17 56
44 15 13
88 35 877
22 64 385
63 46 174
2 88 544
62 77 73
15 39 952
20 93 180
84 91 570
4 10 140
32 58 98
71 11 355
15 35 708
25 56 46
58 71 525
93 56 332
11 48 474
89 84 287
58 69 816
86 26 658
17 71 412
0 38 560
14 60 37
56 52 299
59 4 39
88 29 211
31 20 602
28 64 1000
14 88 127
74 88 935
12 70 724
30 57 291
86 13 644
72 94 351
82 9 887
28 67 295
65 13 886
41 72 704
59 16 598
55 5 299
75 91 166
4 18 345
26 70 338
71 9 8
45 67 363
41 58 621
81 94 369
40 50 26
36 61 21
21 70 85
56 91 582
82 44 299
75 45 74
50 80 90
15 58 56
70 15 522
50 10 635
73 28 519
8 66 426
56 83 538
59 3 482
35 85 115
73 63 325
53 42 743
11 62 795
81 85 252
5 39 269
92 48 715
78 42 235
77 41 688
58 38 429
13 7 102
84 6 961
18 44 966
2 5 312
48 27 51
55 93 528
90 84 810
30 68 479
9 46 935
45 53 647
58 83 486
87 6 321
5 15 676
44 55 830
92 59 379
55 64 996
15 87 483
32 49 12
3 41 472
50 13 406
11 1 944
54 8 17
53 78 618
38 55 46
30 7 359
27 88 886
73 76 667
69 91 421
60 83 44
2 85 100
13 79 254
83 78 372
44 31 800
39 38 160
37 86 998
15 32 793
17 87 23
66 28 369
17 37 615
27 77 778
70 9 478
12 83 978
21 74 52
30 20 174
19 88 713
23 12 291
54 13 561
6 7 220
21 75 466
59 69 503
69 0 98
56 53 265
67 50 813
56 89 2
28 48 784
15 79 235
22 52 864
9 86 641
69 68 573
78 0 492
12 62 608
37 91 189
29 47 917
10 70 948
8 22 558
85 38 221
85 31 717
18 81 311
57 8 64
73 14 608
28 16 497
81 26 919
23 10 403
12 29 92
43 77 733
42 9 126
63 49 78
67 80 286
79 23 838
61 58 4
32 78 954
48 78 319
83 82 609
31 63 281
36 53 197
67 7 166
57 78 145
27 7 814
38 61 613
9 82 448
78 38 239
89 38 165
66 4 369
46 15 961
16 40 875
88 69 739
34 40 579
29 86 174
40 16 432
1 75 983
59 22 705
75 17 209
77 23 484
26 88 57
67 40 267
80 56 760
26 57 29
71 79 408
47 37 383
65 56 435
0 57 47
4 84 169
56 94 223
76 46 976
11 62 522
91 7 560
73 0 379
43 14 60
76 63 1
65 50 86
87 62 587
19 73 408
76 12 294
38 29 190
52 10 660
93 44 493
16 57 194
53 82 196
12 46 476
94 71 990
27 20 522
37 87 845
68 20 760
41 9 762
83 91 635
40 51 868
69 81 250
69 40 730
78 33 758
2 34 935
78 94 976
50 78 381
4 38 271
77 90 999
56 34 639
85 41 532
23 37 65
70 85 336
57 55 934
49 11 288
84 37 998
42 47 369
68 66 641
92 37 844
5 46 403
17 80 870
88 84 972
4 51 182
66 33 25
17 48 460
16 94 362
3 63 540
80 44 75
92 17 695
92 47 160
7 25 263
83 85 866
43 59 781
76 1 799
2 11 478
68 76 646
63 8 288
39 92 258
81 64 808
9 91 868
0 8 714
93 48 313
29 55 760
65 12 983
23 52 922
44 69 136
46 33 972
51 75 92
63 93 300
33 90 561
83 42 57
50 55 766
1 42 661
1 54 962
17 53 485
18 4 995
46 8 300
49 37 715
59 29 896
5 78 745
23 71 284
54 92 320
19 14 972
48 37 288
52 83 6
51 40 462
90 38 160
88 48 390
79 77 517
82 76 877
38 26 76
44 6 553
21 86 314
62 45 273
26 11 199
75 48 269
57 2 502
41 26 782
11 27 724
45 25 578
48 80 526
23 45 350
76 16 658
51 26 656
1 85 481
2 67 25
45 89 98
12 0 675
45 13 214
54 67 682
59 66 403
25 30 437
48 12 130
68 48 97
54 19 794
4 70 900
65 21 485
50 66 233
33 62 445
37 86 378
36 2 316
70 0 527
52 57 437
46 67 755
24 76 722
11 22 957
94 57 611
82 3 646
82 11 968
37 67 961
52 57 71
58 86 964
30 76 257
26 41 114
12 78 229
70 91 615
46 64 359
35 32 35
55 54 463
73 58 498
78 32 897
36 5 34
10 84 119
91 62 828
70 62 489
57 39 775
11 35 158
50 55 282
91 70 870
51 87 859
5 18 256
93 26 391
81 68 364
56 1 474
1 30 197
26 1 810
20 7 757
39 8 145
54 77 358
93 43 769
32 85 127
31 33 781
29 57 880
0 46 810
10 85 57
33 28 28
5 48 697
8 74 458
15 16 747
1 26 541
65 86 726
54 48 671
63 73 842
73 44 403
78 59 454
11 15 463
90 57 252
4 14 488
3 7 878
47 27 603
49 79 902
55 49 444
47 82 961
22 35 390
42 1 16
45 21 61
72 81 226
7 55 318
74 71 9
88 16 818
35 31 760
29 36 13
93 73 21
74 44 848
5 84 207
87 79 969
19 11 95
71 33 38
19 27 510
88 82 911
90 10 717
33 86 124
21 78 281
4 67 662
1 34 7
21 7 919
29 69 460
43 84 399
34 82 780
35 67 800
49 57 377
22 25 842
17 40 369
5 3 779
37 90 480
93 92 939
94 12 822
3 82 356
8 92 994
60 35 988
81 15 327
73 46 347
64 23 657
43 34 187
43 58 564
21 88 41
25 5 438
19 30 235
11 52 295
90 5 956
88 69 655
51 76 737
93 68 744
84 62 397
93 50 60
60 6 644
74 25 925
48 26 81
6 20 214
77 83 799
66 16 339
80 17 557
61 23 91
43 24 651
41 52 684
74 84 475
14 86 354
71 78 173
33 16 388
80 91 98
90 6 39
89 34 278
92 25 757
19 38 490
83 87 138
73 35 9
14 16 218
44 16 325
55 4 650
44 40 486
11 47 396
74 19 570
2 61 176
86 75 989
70 81 647
72 9 499
68 34 810
23 74 110
40 82 480
90 11 359
83 27 166
0 84 284
33 5 854
87 52 618
68 44 216
89 0 482
52 2 738
14 36 313
50 71 186
83 2 310
79 36 957
69 48 307
19 0 518
76 37 985
41 19 220
86 33 497
44 84 385
70 57 688
60 89 138
58 84 527
78 20 423
69 10 941
75 93 19
38 55 323
42 9 598
30 54 158
33 19 240
24 62 202
81 51 385
43 87 166
52 51 868
93 24 948
40 30 437
45 64 799
29 45 644
63 20 668
64 69 882
38 20 925
23 9 815
35 53 702
70 74 102
10 9 836
29 89 382
39 11 773
29 90 311
63 18 754
71 62 527
21 23 672
10 68 351
32 70 733
14 10 610
43 84 135
75 74 35
66 47 120
60 1 82
19 1 900
92 9 358
69 53 42
66 11 191
92 1 379
30 59 829
50 72 718
34 55 902
56 73 911
55 47 396
92 73 908
54 38 985
4 19 339
61 12 478
56 16 211
17 42 803
54 22 842
9 45 331
13 28 176
63 85 859
68 62 420
19 25 906
56 23 319
75 92 761
25 3 581
17 50 54
54 31 292
27 26 559
35 44 203
9 21 933
63 3 869
24 31 854
37 38 381
88 6 740
64 26 87
81 79 33
33 26 803
72 21 575
61 82 786
80 53 86
12 86 526
73 75 990
71 25 3
86 30 384
88 66 820
42 9 882
2 19 550
38 41 545
6 93 272
27 39 717
88 62 533
7 22 517
18 93 908
59 72 56
20 71 520
