3 62 401
26 7 159
55 21 289
68 63 345
10 62 973
61 58 119
22 11 74
14 35 247
30 42 618
7 13 695
19 56 977
22 36 814
59 61 932
31 30 700
49 60 140
45 41 951
47 25 373
18 4 649
58 33 648
30 63 675
2 56 437
37 52 27
68 11 393
62 8 225
40 15 449
20 5 153
44 36 586
2 41 688
25 57 646
48 68 247
15 28 920
12 58 757
27 64 360
62 22 599
65 50 248
23 68 426
40 57 660
58 34 780
27 0 376
68 11 474
11 46 772
17 12 171
40 58 699
30 7 501
29 37 809
20 47 519
0 55 869
62 59 188
14 2 979
48 62 794
58 65 353
46 14 347
47 1 923
35 13 749
14 42 555
38 68 962
64 45 675
47 33 66
48 40 432
39 12 80
8 13 751
26 40 234
61 29 820
67 65 134
58 17 895
66 28 275
22 3 63
36 14 158
3 9 352
24 27 123
26 47 449
20 26 375
53 61 461
44 27 818
33 68 308
18 35 7
12 16 773
47 41 159
17 3 897
35 62 522
16 66 79
21 10 95
62 35 183
40 35 642
9 58 653
39 26 513
2 63 417
22 19 859
36 16 354
48 22 387
20 39 965
22 42 75
61 8 560
58 21 291
44 25 56
60 45 263
12 7 752
39 38 698
20 24 958
40 21 95
2 41 553
16 10 930
50 32 382
64 41 288
35 24 630
57 16 648
46 37 659
2 6 246
40 8 82
63 16 478
58 28 430
49 11 787
15 40 863
51 28 792
0 68 455
11 63 728
23 13 884
3 35 912
26 52 675
23 11 709
50 28 564
48 13 960
44 45 64
30 25 47
40 68 850
55 7 589
51 45 965
41 14 855
23 9 842
66 8 963
34 52 301
31 23 538
1 29 571
46 10 840
60 6 778
63 45 546
1 55 80
54 67 24
29 45 334
10 15 959
25 53 614
65 0 146
65 26 253
64 14 465
24 7 415
7 35 414
9 62 144
41 52 190
36 0 988
11 54 341
33 10 339
6 38 852
61 58 753
5 21 403
60 47 559
52 65 899
18 14 465
53 29 123
14 38 162
36 8 178
35 18 893
21 32 869
49 40 997
66 39 4
14 66 422
23 60 874
49 38 452
39 2 629
21 32 358
20 21 496
15 16 853
41 66 290
41 0 634
36 27 721
7 44 180
10 42 849
1 27 399
16 44 439
63 48 143
51 44 528
23 13 739
68 13 164
4 65 729
38 62 274
14 12 462
12 36 343
32 44 609
61 50 519
16 56 483
20 65 827
14 43 942
61 56 145
25 38 896
63 45 785
16 8 217
16 3 26
29 68 143
12 31 949
56 55 911
42 61 338
23 13 104
54 39 869
50 68 746
43 9 325
65 20 456
43 64 653
53 60 440
33 25 696
21 5 930
44 61 125
16 2 965
47 61 317
22 68 986
30 32 781
0 7 799
17 34 365
8 68 898
54 43 853
45 12 742
27 17 345
58 62 515
35 47 788
43 50 681
5 1 517
17 22 298
4 7 605
0 14 233
11 50 197
47 49 302
50 62 121
21 39 777
24 36 523
30 27 322
13 45 933
40 9 681
0 33 927
32 25 613
12 32 345
48 61 921
55 66 966
61 34 220
3 51 136
41 19 692
47 36 453
38 9 233
43 48 626
6 19 760
25 36 681
5 62 54
8 22 106
44 17 900
42 45 82
63 68 478
27 6 10
54 65 717
6 45 720
23 11 17
27 49 363
63 29 965
9 21 517
0 66 89
15 60 577
56 3 722
4 12 657
5 61 110
24 5 436
14 40 760
41 11 525
8 50 834
66 38 394
65 15 11
13 62 54
43 33 754
2 64 552
51 41 180
6 24 547
27 30 58
6 30 647
41 26 454
23 14 906
2 57 268
32 26 116
55 43 389
15 10 524
11 24 948
53 57 505
17 64 723
3 11 808
53 55 411
42 64 527
41 56 168
19 53 372
20 42 767
56 25 93
24 15 924
55 57 984
23 28 28
26 68 763
7 17 811
31 41 797
22 14 369
51 50 272
41 43 622
24 15 986
30 58 513
45 34 139
42 59 264
26 43 991
19 23 604
8 32 462
57 1 956
26 17 362
17 6 577
61 41 28
64 28 778
48 30 742
26 21 347
20 11 667
30 0 289
1 67 499
43 38 990
15 46 197
35 55 949
48 39 223
10 41 876
63 49 753
65 25 221
10 67 820
45 49 304
18 15 839
39 38 73
38 40 699
50 37 862
49 66 225
33 58 541
28 23 278
68 55 733
2 41 462
67 60 381
17 23 180
12 33 515
38 64 785
66 45 807
20 45 469
6 33 476
55 66 615
60 50 54
5 26 396
22 64 326
55 34 582
4 36 665
14 34 547
6 48 668
41 44 769
24 19 361
47 48 890
38 59 413
25 47 312
8 53 256
15 54 169
24 10 960
47 17 84
12 44 59
59 30 461
16 60 830
7 57 593
40 6 830
0 25 671
14 38 308
50 7 85
3 12 959
51 23 462
60 4 436
43 62 158
42 41 649
18 12 679
43 21 639
9 7 537
38 18 486
38 27 163
57 21 545
42 51 797
67 65 985
24 18 414
11 20 817
59 42 158
15 41 47
25 48 536
46 54 348
29 44 525
11 20 496
30 15 443
65 0 181
17 36 198
28 57 719
12 62 668
22 63 188
67 41 154
28 62 251
11 46 631
39 35 720
48 53 92
13 56 736
65 59 491
55 32 137
57 65 376
57 33 847
38 40 268
48 51 343
2 45 845
60 37 533
15 25 463
34 24 972
32 9 722
44 54 799
41 17 885
23 61 665
63 25 274
5 29 619
17 35 999
58 47 696
21 58 537
61 31 722
19 3 408
58 2 596
39 18 189
62 3 528
40 45 36
14 5 322
38 29 323
1 26 505
52 35 113
40 44 417
43 0 153
30 49 140
26 13 364
5 55 62
36 35 784
47 66 403
50 14 293
21 46 870
24 38 922
61 44 415
61 43 713
40 32 171
31 38 779
5 45 649
20 37 291
59 55 737
21 12 399
45 40 571
50 14 688
21 43 546
57 16 161
47 36 398
57 63 333
42 67 678
15 0 588
66 58 949
39 37 630
56 1 214
38 40 544
5 3 608
13 12 772
8 34 39
46 13 114
44 22 315
35 54 179
2 47 539
15 29 280
24 61 621
38 35 159
14 2 242
58 57 143
68 5 5
26 5 945
61 15 712
21 4 867
1 34 519
0 63 435
32 0 704
19 67 411
19 39 534
4 53 941
42 48 149
21 58 527
15 19 265
63 45 522
46 24 857
67 19 263
22 48 848
22 2 347
46 15 638
7 52 825
53 6 489
19 30 407
45 54 345
2 55 679
47 57 371
14 21 525
16 68 319
27 2 691
49 41 389
53 31 687
64 53 47
12 64 303
19 9 511
31 43 819
43 58 766
55 67 805
42 1 590
22 47 808
65 10 881
13 55 417
38 13 702
5 15 931
13 34 68
23 4 246
47 30 129
35 46 300
56 23 993
44 51 804
61 36 564
47 14 425
42 65 309
40 23 779
53 37 449
13 0 86
5 15 932
44 42 932
16 29 976
17 36 998
5 0 268
38 26 237
3 34 311
10 50 890
34 61 182
62 27 351
58 66 497
65 12 995
27 8 689
10 4 166
64 19 850
30 37 279
7 40 64
29 66 252
26 61 201
30 1 558
60 65 267
68 60 43
35 66 128
12 51 486
59 61 19
37 29 605
0 49 598
5 55 170
38 28 903
42 24 434
55 44 732
2 4 379
40 39 43
62 15 477
21 19 196
1 66 650
47 62 543
36 5 364
23 41 446
46 24 643
52 30 806
5 12 66
10 36 933
44 21 573
30 49 892
38 27 474
57 42 951
25 50 779
8 44 90
4 29 978
57 56 758
65 62 447
6 7 947
55 0 118
39 65 311
62 32 773
42 41 1
27 57 713
60 48 413
28 50 251
9 33 237
52 3 114
3 66 826
6 4 450
43 28 46
32 49 111
32 52 495
53 31 622
41 66 746
14 8 53
45 65 136
34 21 68
31 32 862
68 56 1000
26 1 233
32 31 117
64 52 636
34 53 200
37 45 849
37 14 263
7 14 487
28 39 348
36 35 98
49 0 283
45 23 349
66 41 320
55 56 986
35 42 738
38 50 801
35 2 441
4 23 209
42 19 9
44 21 67
16 25 593
21 30 615
33 48 604
58 66 478
38 63 821
47 44 898
55 46 439
33 58 812
55 66 475
21 64 633
40 67 328
17 30 801
59 43 777
27 56 688
28 8 697
18 36 658
37 0 857
44 59 928
41 62 9
15 60 825
25 38 600
37 45 634
44 56 19
42 16 359
59 57 982
61 7 393
13 49 287
42 20 5
58 20 679
41 10 441
2 3 869
39 25 800
63 4 407
22 40 616
7 2 801
31 52 368
28 45 36
1 58 351
24 38 873
17 68 44
43 31 900
53 23 661
66 49 394
68 11 797
67 65 975
57 46 672
39 8 104
29 1 428
66 63 727
42 31 385
45 50 789
61 38 674
39 66 556
58 63 780
13 7 769
12 60 532
68 41 956
17 34 512
7 26 57
58 7 327
59 3 711
53 27 217
15 47 395
23 54 623
60 21 816
66 25 848
26 14 78
0 62 559
21 66 415
27 21 755
46 16 991
67 3 701
47 31 371
24 52 943
34 13 622
67 52 517
44 28 669
18 1 470
20 14 568
61 40 527
67 57 623
8 22 567
58 57 709
4 2 695
14 4 587
22 28 793
68 27 19
25 65 688
3 32 327
60 19 868
32 34 883
49 4 229
59 38 669
58 14 780
51 57 911
5 12 245
10 5 417
52 44 730
63 8 870
20 58 497
23 29 604
54 14 346
2 44 638
7 24 84
3 38 117
24 22 339
4 37 728
42 44 878
32 38 14
49 24 622
9 65 603
10 36 870
49 33 877
46 8 982
64 45 639
68 27 620
29 42 8
44 3 408
48 66 995
42 33 200
25 53 803
28 27 527
32 60 105
53 8 297
67 56 910
52 2 383
26 62 357
6 49 988
67 2 222
13 26 780
33 47 77
0 48 616
65 29 149
54 31 231
18 62 410
7 32 100
4 16 350
56 5 573
66 60 999
52 10 959
20 41 229
15 14 471
51 25 731
2 59 742
36 5 604
7 19 643
4 59 618
60 7 329
13 0 618
31 50 978
57 52 453
8 53 917
56 39 299
40 4 539
36 64 220
29 46 503
7 4 484
41 67 606
1 41 537
14 41 600
30 65 706
30 11 386
22 42 337
52 44 572
28 5 484
30 16 357
47 36 487
23 20 381
64 13 87
46 22 572
22 16 879
16 52 21
22 16 965
4 54 33
13 56 133
26 64 833
51 68 234
1 55 948
27 61 831
55 31 242
34 35 348
64 50 594
47 58 726
53 29 925
45 13 812
22 23 834
46 60 788
3 51 107
29 66 663
26 27 407
50 38 931
41 65 163
65 41 683
35 25 687
68 10 922
6 36 228
59 2 7
30 50 497
36 55 372
14 53 255
37 61 540
59 1 548
7 1 543
52 36 90
18 51 623
11 34 914
65 17 816
60 30 783
61 55 794
27 60 885
59 2 122
50 9 603
0 51 560
2 48 139
49 36 827
48 66 537
8 4 339
22 38 93
42 68 272
57 60 155
13 8 431
48 16 504
10 59 931
13 33 625
31 20 621
11 28 246
52 17 450
36 68 777
32 16 999
2 26 674
64 46 852
45 1 654
44 46 864
2 57 481
24 31 261
29 46 126
48 20 742
57 67 341
40 21 263
53 38 641
46 6 541
19 49 948
20 66 975
45 12 829
44 4 17
42 50 54
13 30 689
64 39 303
65 30 655
60 2 60
41 49 816
29 43 891
62 33 424
63 26 333
19 54 604
59 14 76
58 60 340
44 38 906
40 41 497
3 40 286
63 59 175
62 66 401
22 68 809
9 20 617
46 24 619
23 43 47
56 4 639
4 17 896
37 45 194
26 4 335
50 55 513
52 22 534
21 30 966
40 63 593
17 61 152
13 61 354
21 16 655
4 56 876
3 26 341
7 6 713
35 22 488
34 30 412
32 61 987
9 66 777
36 63 614
5 42 559
23 10 236
57 63 182
63 12 358
39 34 649
31 59 322
34 36 587
60 7 374
57 9 849
45 19 439
2 63 673
19 14 728
6 13 772
62 57 833
13 0 63
18 67 294
1 56 907
24 66 302
68 53 691
36 58 621
22 49 377
32 60 966
7 56 953
25 19 453
37 55 688
13 60 224
66 35 773
33 15 298
38 59 57
25 54 530
46 29 462
60 38 218
66 1 319
4 32 743
25 10 193
35 22 777
16 50 953
60 2 937
37 34 287
51 65 896
54 8 122
24 1 951
60 35 614
48 40 756
14 2 623
63 64 529
12 62 256
46 60 562
65 37 53
10 40 982
17 56 915
34 51 264
34 17 276
24 16 735
35 68 94
43 24 782
8 42 140
65 60 413
26 37 59
56 29 131
50 68 946
8 51 94
33 42 511
65 30 676
22 30 304
44 65 782
28 47 554
1 45 310
31 13 502
28 20 48
43 54 868
25 31 820
4 22 489
59 65 796
33 29 454
61 37 340
26 24 831
63 42 139
15 52 393
6 65 147
55 56 731
19 47 663
45 63 302
1 11 689
7 18 371
43 57 710
59 0 882
6 61 543
8 25 852
47 17 894
31 10 580
19 17 273
50 34 688
53 27 371
49 29 20
46 47 450
58 63 774
35 34 851
0 41 624
42 34 749
39 27 525
34 40 861
26 57 890
31 14 937
62 48 449
56 21 197
66 56 429
57 2 457
28 57 818
20 14 100
31 25 877
18 9 369
18 58 230
3 35 180
40 3 52
60 31 74
59 14 513
41 24 624
17 63 391
64 15 718
54 63 687
42 1 574
12 16 416
12 53 137
15 29 857
44 13 586
57 39 340
16 59 606
28 38 629
50 38 279
29 45 525
36 40 802
46 45 624
27 4 917
57 55 67
42 8 849
28 52 887
0 48 90
67 53 532
54 31 82
59 5 11
51 20 286
33 4 51
9 45 760
8 65 473
42 4 992
58 64 237
0 34 519
21 67 25
59 6 398
41 26 550
42 67 464
49 59 662
57 44 220
34 25 508
15 17 418
25 39 17
30 59 296
10 63 763
27 14 518
19 27 504
60 59 623
66 68 66
57 40 28
6 50 24
35 14 627
21 8 803
5 64 136
15 64 912
59 0 625
17 32 701
25 2 891
19 1 170
46 27 940
2 41 185
54 49 959
18 19 337
28 43 901
35 22 414
38 31 658
46 48 333
17 25 590
33 17 43
37 22 642
23 54 773
40 12 966
14 9 97
29 21 383
26 12 625
41 56 583
30 54 883
65 32 39
45 68 475
40 20 466
63 0 643
25 44 180
33 0 992
29 47 172
63 52 474
7 24 56
7 27 7
55 53 73
51 54 963
58 47 953
23 65 470
46 68 734
7 11 204
18 5 840
24 65 29
35 32 932
20 46 387
11 45 43
33 26 609
51 2 944
25 51 482
9 35 555
20 68 326
9 15 384
10 22 111
22 54 217
13 64 136
56 47 439
54 41 914
38 21 562
56 66 519
8 44 761
61 29 435
27 19 610
2 28 630
58 24 50
2 68 119
1 43 909
38 7 960
45 57 216
56 41 463
7 34 505
64 48 847
22 2 792
48 31 414
51 53 440
48 16 705
20 10 590
1 18 197
42 62 258
63 20 232
65 18 285
27 60 181
36 38 287
66 28 166
44 1 566
58 32 72
45 41 835
20 58 626
40 63 326
38 37 772
61 41 555
60 5 811
51 62 104
32 3 526
6 47 12
0 18 510
47 30 241
35 66 255
52 47 347
67 8 478
53 51 241
25 44 709
49 19 679
65 18 249
4 56 734
14 7 401
39 61 668
23 50 962
44 21 772
28 34 776
52 5 610
42 25 264
3 46 170
49 64 872
33 30 266
56 43 977
38 6 237
9 29 194
34 9 409
43 63 651
67 26 263
58 52 103
58 22 669
34 42 72
0 30 786
50 5 712
40 45 445
50 30 669
52 33 613
42 44 53
30 40 974
42 36 502
35 64 689
14 52 426
11 17 80
8 40 424
47 32 917
12 54 649
3 29 760
54 38 300
10 40 853
68 20 680
59 52 359
51 45 708
