2 45 345
62 49 145
0 27 736
0 63 156
58 35 793
38 21 368
19 55 767
23 26 311
7 67 782
27 66 996
24 4 278
9 60 372
5 48 43
23 30 421
59 30 721
47 30 245
6 21 994
66 8 591
32 53 98
69 52 387
27 49 347
12 21 624
36 9 375
10 69 48
12 1 887
6 5 68
54 42 88
25 22 137
3 55 139
50 19 706
43 1 181
55 1 375
15 52 519
53 34 946
22 46 277
17 2 26
5 64 773
62 51 790
37 38 730
41 58 986
42 27 142
29 67 634
56 7 696
45 28 979
20 17 568
9 42 162
20 58 189
4 21 523
31 46 876
7 63 78
14 29 850
22 8 473
59 4 20
59 48 565
3 27 137
7 62 373
27 37 729
29 46 451
12 42 111
24 28 167
41 42 42
3 29 248
14 40 529
19 71 223
46 54 720
54 1 32
7 50 820
41 34 640
47 7 646
12 37 520
60 9 525
25 63 440
65 51 581
24 22 355
14 3 104
15 4 975
69 59 237
0 69 505
13 18 164
14 52 994
63 23 279
28 42 553
53 20 595
52 54 421
65 30 48
38 28 924
53 8 864
41 51 866
70 0 344
12 62 653
70 16 338
44 64 74
17 50 199
47 20 568
40 64 670
18 19 350
3 61 440
6 27 14
63 51 410
68 42 25
36 60 967
35 7 619
44 69 196
36 46 484
26 0 750
57 62 580
8 18 449
51 70 407
53 18 101
56 19 600
18 2 466
58 8 712
68 20 416
21 22 826
18 14 281
19 66 858
8 68 529
66 46 793
6 58 962
36 39 909
39 21 791
1 43 482
8 36 585
4 52 213
30 20 18
67 52 364
70 7 563
66 56 475
71 42 825
51 64 140
68 42 847
37 8 177
26 68 154
20 24 866
22 43 7
42 11 960
55 68 660
24 32 568
9 56 46
40 51 8
65 4 725
63 25 776
29 26 773
29 23 969
34 64 16
29 45 745
70 55 113
32 44 686
66 21 962
66 7 187
24 41 173
62 56 948
28 63 656
36 68 905
5 43 617
54 59 681
48 64 512
56 42 254
5 35 910
15 27 936
55 69 50
37 44 135
67 25 524
25 20 385
63 66 66
34 63 992
39 6 387
32 57 334
3 5 364
46 4 866
4 65 955
52 43 208
13 71 779
46 2 401
39 51 200
22 4 753
11 30 302
53 15 444
26 34 534
61 48 444
51 56 9
4 52 214
67 36 413
14 24 407
61 2 573
1 27 609
45 58 361
65 43 121
68 46 364
5 61 145
42 20 480
39 26 406
9 26 517
14 20 614
58 4 153
17 63 8
12 53 655
19 58 355
52 58 638
68 27 112
0 44 900
6 28 75
31 64 950
16 10 643
66 18 557
12 55 939
69 63 409
63 52 201
13 54 837
9 5 130
4 71 889
35 41 591
13 54 52
64 52 100
1 68 666
64 41 500
13 8 585
7 27 686
42 36 597
64 23 697
32 57 636
31 50 67
48 38 263
61 25 962
49 30 198
49 69 325
62 69 929
9 62 314
48 64 823
44 21 543
50 11 235
57 27 84
10 21 339
68 19 862
54 40 907
23 3 356
19 48 608
61 26 200
50 2 324
70 33 428
18 26 184
62 64 668
49 32 677
55 20 139
25 66 503
41 9 201
45 63 255
26 8 161
32 23 881
47 65 283
50 30 602
1 68 430
38 30 546
65 51 607
51 62 421
62 60 192
19 46 530
26 51 391
36 17 160
4 60 763
69 64 100
33 44 48
60 67 400
27 54 612
53 36 683
2 46 176
5 71 998
52 34 767
69 14 608
69 57 461
18 65 748
12 25 96
48 55 924
6 31 569
37 66 149
62 45 461
54 64 933
28 57 977
68 49 257
56 47 408
51 17 72
71 40 564
31 68 2
63 37 186
27 8 747
65 62 416
40 6 110
30 55 364
52 28 108
21 57 504
46 20 962
40 5 880
0 56 411
21 59 154
70 24 279
31 32 413
29 13 112
62 1 348
64 71 971
29 52 273
19 16 225
47 6 534
50 31 206
48 54 615
2 66 44
71 28 858
12 56 992
58 6 600
30 45 996
61 63 920
1 44 820
69 51 758
8 36 698
10 37 326
14 26 435
69 22 243
42 35 675
49 46 92
50 44 368
24 5 689
47 22 969
39 52 621
9 25 891
24 30 188
44 37 936
37 7 217
53 62 60
8 53 443
63 4 998
19 0 311
50 5 94
53 44 780
66 48 503
40 15 415
30 8 142
59 69 430
20 29 60
29 44 22
2 56 631
56 13 776
45 13 999
0 15 146
9 30 19
14 64 550
37 58 484
52 4 941
67 3 560
33 4 237
48 28 454
14 15 438
21 60 501
24 12 229
63 70 924
51 55 690
33 13 111
64 67 724
22 27 535
29 18 753
4 47 116
3 25 146
22 29 762
5 14 620
65 29 772
24 46 502
70 53 182
36 7 533
56 40 159
28 34 728
27 6 705
50 66 183
35 4 159
53 22 569
9 11 257
32 45 347
23 58 131
30 18 598
37 33 449
9 41 308
42 45 285
70 34 91
65 15 176
12 5 345
14 40 681
67 54 186
10 49 609
29 64 474
18 52 35
4 14 482
26 36 796
65 50 510
48 25 427
28 0 813
53 12 448
9 24 240
39 19 343
18 39 331
43 25 538
15 11 34
38 52 566
36 49 171
17 39 934
28 35 585
27 1 237
59 12 296
68 52 32
58 30 463
47 37 48
58 12 808
20 36 846
70 47 656
47 26 166
16 5 280
64 47 901
62 60 523
17 46 857
13 33 197
67 60 405
65 25 298
39 42 201
48 29 924
3 39 771
21 66 756
36 55 869
38 70 601
18 69 955
2 65 23
42 10 205
62 34 61
44 40 567
60 21 675
20 7 199
42 62 569
20 22 135
46 51 433
38 35 788
24 3 64
27 11 14
34 4 547
22 65 37
29 12 73
54 22 62
22 27 420
62 22 904
59 16 75
18 41 864
34 33 487
16 17 977
57 55 601
55 18 955
68 70 461
6 35 927
40 52 525
6 39 677
38 63 141
29 4 799
30 1 530
52 70 205
54 51 837
55 16 387
60 9 231
55 15 529
67 44 294
37 28 417
60 62 248
5 56 494
37 9 664
5 63 111
64 20 458
45 31 637
69 40 632
28 46 341
61 28 648
13 20 351
16 11 228
7 44 948
55 12 51
8 6 35
38 32 514
62 68 924
5 35 601
30 31 642
28 70 794
18 39 281
46 65 864
70 37 621
3 59 86
56 71 800
30 59 637
70 71 181
3 10 507
30 22 370
8 20 261
2 58 504
71 49 118
11 28 731
41 24 255
42 47 932
23 0 965
4 28 812
62 51 132
5 49 373
36 13 968
1 41 44
2 71 132
28 39 617
67 61 18
47 42 877
47 67 199
65 59 684
1 44 785
7 63 786
63 31 701
22 13 144
45 38 198
15 28 232
53 57 259
42 71 60
12 59 484
40 21 537
65 0 646
59 69 893
40 8 908
19 47 668
34 11 69
17 21 816
14 41 373
33 53 585
17 37 624
61 22 867
17 15 757
38 25 442
39 20 841
63 61 590
13 9 150
16 5 458
12 7 535
49 10 441
26 54 5
28 10 636
34 8 105
20 32 214
30 24 859
22 36 674
57 61 773
52 50 764
26 47 159
19 8 517
4 33 799
17 33 509
30 16 563
68 38 155
17 58 15
59 12 946
58 50 106
48 24 479
15 66 419
70 22 785
44 52 153
36 4 616
8 2 161
42 45 200
46 33 922
46 70 405
42 10 478
44 12 718
17 43 689
46 36 785
6 65 520
55 10 626
20 39 111
65 56 430
36 48 988
31 54 43
29 59 621
59 23 957
57 30 76
46 59 661
50 41 342
56 40 283
19 23 766
24 54 755
41 71 732
22 29 166
29 37 91
23 0 605
6 30 673
59 60 116
55 7 598
8 25 28
15 61 325
50 12 677
62 28 162
34 23 28
31 26 310
56 71 824
61 23 486
53 63 941
31 45 724
32 71 165
40 4 373
14 68 961
7 20 230
17 57 272
5 42 521
4 23 768
13 22 212
31 66 581
12 45 954
28 67 186
31 3 507
33 43 231
45 54 70
13 5 604
25 41 590
23 12 648
19 25 731
60 5 308
25 16 853
63 69 824
10 71 954
2 28 458
15 69 492
54 12 450
5 12 820
1 3 882
4 34 512
48 25 205
53 16 846
5 10 201
49 13 998
55 60 717
40 7 944
63 34 475
50 41 478
60 6 15
8 0 729
35 56 352
39 1 161
18 42 42
25 41 154
41 55 870
22 68 580
7 15 65
22 44 949
17 65 728
47 19 807
6 5 326
18 42 376
16 65 62
61 6 7
64 40 721
22 36 363
56 24 31
13 53 76
8 28 614
36 2 731
29 42 353
37 43 825
45 6 997
14 69 506
34 20 305
11 53 158
2 4 980
59 55 428
10 61 61
0 25 667
0 34 680
24 50 951
51 6 957
48 26 267
37 1 337
48 29 23
53 55 490
57 41 34
54 38 547
40 2 828
57 64 975
12 61 101
15 19 897
40 36 234
62 17 627
51 43 949
67 68 549
18 6 324
53 30 73
49 2 432
31 57 803
65 6 45
5 18 246
40 6 333
64 28 28
30 56 84
1 39 376
18 61 769
37 16 662
28 7 186
45 16 48
46 22 906
54 21 289
6 46 618
40 59 238
54 61 551
27 35 870
50 4 501
68 6 618
58 60 163
41 2 449
45 61 712
42 53 963
44 5 29
63 34 733
3 45 667
49 70 184
0 50 220
39 13 711
9 40 808
14 25 875
47 6 404
15 46 227
48 36 406
13 31 645
0 61 544
46 61 860
8 15 600
22 18 219
23 67 229
10 63 696
20 37 549
62 7 258
19 23 971
51 39 846
56 29 744
12 68 420
30 33 369
27 12 591
19 62 907
49 50 16
27 32 606
63 61 612
26 3 848
69 47 644
37 8 497
47 14 30
41 0 792
37 70 121
16 71 703
47 43 711
69 35 511
38 0 164
22 28 501
40 51 968
71 56 404
6 32 682
14 62 892
7 1 465
28 50 927
14 61 488
40 64 740
16 44 809
34 27 988
37 56 37
68 24 552
8 30 682
68 39 620
36 29 638
56 54 345
29 50 951
38 34 643
58 14 85
17 47 934
11 54 909
52 43 829
68 34 846
9 14 361
53 1 492
59 29 643
19 60 911
7 28 485
69 16 225
59 50 266
33 71 154
70 28 603
18 32 393
12 43 274
33 47 161
4 13 907
60 48 35
53 39 68
58 35 253
43 69 463
6 24 851
52 46 710
49 6 517
5 47 139
39 26 327
30 58 617
32 21 231
9 1 160
22 65 224
48 3 571
15 26 389
34 36 63
33 47 743
54 52 518
5 54 726
7 49 474
65 17 401
64 62 263
2 29 943
61 21 903
13 62 665
61 24 484
6 35 413
50 65 733
56 38 344
46 41 805
38 52 465
44 40 817
65 6 100
4 3 252
40 41 160
14 69 746
71 31 138
14 28 488
36 46 300
27 33 367
70 39 913
67 59 84
12 7 92
11 62 274
33 24 829
45 60 629
34 67 252
18 43 37
13 60 773
6 18 984
29 0 226
9 61 234
6 19 58
44 55 658
0 5 253
70 30 32
1 4 916
62 34 834
0 7 843
61 8 288
56 65 723
37 40 264
11 61 481
66 24 347
69 37 384
65 34 995
50 42 36
4 24 520
22 50 86
32 29 44
58 56 9
9 71 872
64 12 878
37 39 933
56 48 883
33 42 371
56 50 148
3 60 394
43 62 943
16 26 91
49 26 919
31 61 585
52 19 605
70 67 154
58 2 858
28 29 369
17 61 437
53 68 280
4 38 685
51 14 284
0 61 45
6 41 67
34 42 197
37 9 219
0 36 199
16 39 220
26 70 682
21 2 525
11 67 1000
62 71 20
16 57 462
69 35 140
55 36 572
52 27 817
34 45 354
28 32 188
60 9 781
55 62 903
31 5 268
18 48 968
15 56 74
22 28 527
57 5 997
2 43 106
45 24 613
9 2 494
10 54 143
65 39 23
67 29 446
52 57 762
4 52 483
56 46 654
33 11 740
31 59 679
56 14 416
35 67 340
47 1 298
37 40 193
57 41 638
12 25 628
55 4 831
40 66 471
33 66 450
1 44 384
66 6 558
22 35 892
17 6 212
37 66 998
70 26 668
18 1 482
64 33 780
70 50 457
68 14 857
58 63 316
17 63 772
28 30 702
32 69 582
16 12 111
55 58 662
50 3 888
24 38 733
7 9 141
21 16 589
36 53 977
47 30 639
60 2 911
23 8 480
60 65 637
28 39 871
23 24 958
13 26 730
57 27 516
59 42 660
29 37 781
22 16 959
6 22 348
53 23 53
26 38 838
25 13 801
36 34 905
19 15 429
64 47 286
15 41 376
27 39 434
28 67 655
63 7 855
13 30 127
67 57 529
56 12 51
25 11 538
14 57 699
19 69 758
5 31 374
67 48 333
62 32 191
27 40 570
46 3 89
58 19 967
2 29 946
4 56 587
27 50 473
31 50 543
3 29 737
49 50 545
11 49 477
24 20 843
2 0 56
49 27 988
61 69 468
46 13 507
6 37 747
11 43 823
6 35 604
4 57 322
25 10 375
59 28 566
35 70 963
55 3 474
4 3 132
64 21 242
66 16 896
45 25 883
49 26 345
65 6 117
25 29 61
19 37 507
0 67 331
18 11 522
22 23 740
56 35 902
33 56 56
4 42 489
38 51 213
19 62 216
39 62 200
60 61 714
53 59 656
68 4 738
38 57 463
64 51 848
51 22 444
63 46 596
43 7 385
25 4 404
20 28 491
36 62 25
55 57 121
66 71 803
43 23 384
27 54 153
31 29 751
71 9 97
11 59 231
37 50 161
60 1 925
34 29 156
58 15 159
30 51 917
50 33 374
48 27 29
43 5 486
38 25 133
15 25 162
32 14 392
56 43 801
70 3 326
10 30 977
4 39 101
2 69 702
31 20 224
37 47 346
48 55 438
6 18 425
30 5 950
1 47 377
5 24 357
42 6 380
26 59 758
47 40 969
4 22 863
10 66 641
11 0 675
16 27 484
16 1 140
47 26 208
1 34 967
42 29 134
54 60 423
71 60 29
26 17 933
27 54 453
29 52 927
62 59 66
34 4 773
8 22 291
44 12 253
37 16 257
47 25 189
6 7 119
1 14 45
29 71 643
8 57 251
46 22 282
60 37 858
26 23 607
11 56 998
21 67 94
6 70 290
51 37 334
49 11 280
41 25 825
25 7 850
69 62 659
62 3 627
64 43 240
29 15 126
16 31 424
57 30 789
65 5 119
5 21 129
26 59 995
30 13 361
45 11 181
44 52 316
48 1 662
52 40 660
64 50 453
15 43 734
60 47 933
32 70 457
49 8 760
64 11 376
41 63 314
60 26 930
41 65 430
68 25 114
66 13 517
59 16 874
0 40 268
3 52 558
9 1 591
21 22 780
2 63 456
50 39 488
43 0 389
35 22 986
32 4 320
37 39 584
25 42 937
71 58 548
9 48 183
64 4 732
47 67 900
28 60 388
48 51 110
10 30 807
43 38 764
29 57 191
56 11 492
17 15 221
34 63 553
66 58 364
24 58 825
48 30 100
42 1 772
62 5 790
46 65 414
23 33 711
45 35 660
9 35 230
27 70 248
67 69 201
8 19 925
15 27 280
61 1 882
68 52 370
51 19 575
44 21 15
34 56 701
52 36 616
53 40 143
1 20 341
69 9 334
35 38 23
59 43 29
17 27 346
32 54 245
7 43 436
69 65 747
21 34 678
62 26 654
32 54 107
5 61 261
55 46 897
50 59 766
49 47 785
53 60 186
10 51 94
0 25 379
42 37 100
68 48 167
30 6 952
7 67 336
2 61 287
53 70 771
26 20 373
57 11 530
5 49 805
50 10 172
56 13 912
44 45 908
15 6 359
58 51 546
21 7 326
11 31 81
20 63 917
8 71 74
17 51 160
23 68 882
45 36 900
0 69 479
66 41 95
15 63 590
31 32 165
9 24 330
24 52 363
46 66 402
4 28 604
48 11 602
54 70 910
32 23 670
66 28 383
63 31 493
47 44 177
61 7 244
26 61 141
20 2 420
57 44 238
29 21 235
13 65 208
14 69 550
48 17 883
58 29 913
5 26 513
42 41 611
2 25 382
51 39 806
15 19 702
51 54 577
66 53 827
36 58 941
26 68 411
0 33 140
12 56 231
12 71 101
14 29 979
71 0 847
69 27 286
64 59 526
50 34 9
39 36 592
51 68 128
60 49 431
3 53 735
3 51 808
48 30 412
40 2 763
69 11 770
49 64 216
15 27 792
31 49 163
17 28 384
2 1 480
24 38 21
43 56 439
11 22 408
68 44 777
70 37 866
53 25 510
45 69 845
51 6 219
3 68 829
17 10 940
52 33 534
6 1 962
61 67 489
14 32 995
70 10 444
4 0 913
55 1 415
28 54 601
54 0 409
7 41 137
30 18 573
39 34 729
4 67 810
57 14 20
63 35 636
24 61 693
61 1 849
42 1 434
49 38 434
20 61 632
60 55 610
35 4 117
20 16 748
13 65 2
51 32 632
36 65 281
47 16 254
20 9 285
25 17 627
66 11 196
46 42 130
56 71 692
40 21 457
60 49 675
0 41 50
9 22 826
51 5 518
68 28 141
4 50 867
22 61 768
58 24 48
66 29 562
43 60 63
22 24 759
42 8 284
28 29 380
70 6 750
42 67 685
37 38 407
17 0 495
61 49 25
0 36 429
50 69 738
12 24 923
1 67 884
