6 7 270
0 18 867
8 5 5
19 18 55
13 20 436
2 19 222
10 12 279
13 12 180
20 10 606
7 0 952
3 17 284
14 10 630
20 4 959
9 4 484
14 11 798
17 10 330
4 19 131
8 20 484
13 19 875
4 7 995
20 0 717
13 6 620
6 7 913
4 5 872
17 13 585
14 4 255
9 8 780
0 17 506
3 9 186
11 7 612
3 14 760
18 8 50
16 4 523
17 1 11
7 4 951
14 19 962
10 19 52
19 20 787
0 7 922
9 3 704
0 17 750
5 1 226
5 15 639
19 8 726
1 16 888
13 15 197
16 3 302
7 13 238
15 18 451
15 18 780
13 3 819
11 20 997
17 10 449
18 3 996
18 3 198
7 9 49
8 17 800
5 12 745
13 5 77
3 5 208
1 6 795
5 20 983
4 12 939
7 5 975
11 19 712
8 11 4
14 17 169
6 15 388
17 0 500
2 18 925
3 8 402
16 7 761
2 4 275
18 9 864
9 14 279
18 8 534
16 6 849
3 14 910
17 9 23
19 5 344
12 17 205
16 12 263
3 7 349
14 15 322
8 15 52
2 11 311
15 6 892
12 15 933
1 10 749
11 0 333
19 13 528
7 18 902
17 12 269
10 2 113
14 18 911
13 8 373
15 18 601
1 4 133
5 20 731
15 7 362
4 6 156
11 17 571
19 4 891
2 13 837
10 14 436
14 15 28
12 0 82
11 7 889
8 2 7
1 5 779
5 18 120
3 7 374
20 2 66
5 13 141
4 15 589
1 20 912
6 14 642
