22 31 732
40 12 992
19 9 579
4 28 224
31 28 55
40 8 736
25 32 589
28 12 63
39 29 922
30 28 67
25 40 959
7 26 362
0 24 815
2 38 963
27 14 295
40 26 803
27 23 380
9 11 78
13 31 736
39 36 234
21 0 852
32 1 447
26 38 959
11 29 232
29 39 626
7 14 683
20 33 62
1 19 962
7 5 962
25 32 898
1 24 411
35 10 440
2 28 555
0 1 931
32 0 322
10 11 375
7 14 956
24 37 73
2 17 982
38 25 598
34 3 830
24 8 469
38 40 680
40 8 252
33 0 749
7 9 842
3 20 585
38 34 825
17 14 959
20 39 360
13 18 22
5 22 259
3 17 307
8 11 63
20 28 950
23 24 87
13 38 56
14 13 659
40 10 1000
38 4 521
33 10 814
35 8 862
28 17 913
4 34 824
16 35 649
0 38 942
15 35 601
17 25 978
12 39 249
8 21 533
3 10 309
21 0 17
19 34 247
35 32 583
34 20 768
34 19 975
2 32 345
9 18 955
18 41 619
15 3 445
11 25 646
23 29 89
23 31 420
17 12 995
9 19 213
34 17 68
34 10 137
2 34 567
20 31 224
5 28 999
41 28 500
9 1 186
1 23 873
23 33 549
41 3 70
3 27 45
8 33 81
17 10 264
38 12 660
20 30 270
14 40 780
30 10 27
11 24 938
1 19 290
35 19 490
1 23 74
33 9 380
18 37 733
8 41 419
1 11 622
20 15 703
11 14 351
9 28 631
27 18 741
13 26 163
10 25 291
17 34 257
20 1 178
35 6 885
0 2 97
28 25 183
27 34 819
22 28 837
37 21 836
28 26 8
7 40 465
26 4 233
37 12 598
11 30 457
31 12 201
23 18 454
35 28 421
30 13 14
21 16 933
15 13 219
19 0 851
35 30 466
39 22 761
29 19 452
10 16 591
13 11 301
32 3 899
29 26 621
24 33 14
30 24 46
9 10 882
11 21 530
2 6 612
21 5 967
5 27 127
15 16 394
2 3 123
32 29 318
20 25 579
27 35 150
20 15 938
22 21 893
12 16 105
10 21 531
14 19 406
27 15 642
4 37 763
2 19 856
20 3 984
18 41 249
27 34 261
10 7 777
33 31 83
24 19 413
7 31 108
10 14 56
40 41 488
11 15 550
4 20 426
28 34 381
7 16 592
22 8 118
19 3 505
34 33 428
2 32 525
10 39 996
29 31 384
32 39 428
18 6 397
37 5 90
17 16 573
9 20 480
37 19 292
2 0 818
0 22 856
17 32 597
29 30 917
37 21 683
26 38 57
8 12 220
6 7 470
9 20 90
38 21 110
19 31 850
1 25 413
31 13 188
41 29 684
25 15 418
17 32 666
4 11 961
19 6 988
30 17 539
28 34 270
8 22 460
39 14 572
40 25 788
18 21 58
7 20 130
21 17 752
11 33 251
0 33 288
18 28 458
27 9 194
19 4 287
15 27 109
31 37 772
17 8 940
20 34 87
31 12 129
2 16 979
5 20 990
7 4 464
27 12 218
30 31 330
20 7 575
22 32 735
34 26 460
14 17 618
38 24 500
33 11 926
9 0 639
41 22 742
6 31 563
23 15 97
3 24 398
1 22 463
12 30 276
37 28 50
6 37 54
0 41 293
8 16 499
2 12 750
2 26 762
37 26 811
8 22 135
5 11 788
15 32 724
16 33 475
7 37 126
28 11 914
32 3 855
20 30 194
10 31 670
31 27 740
4 27 136
9 17 774
20 12 819
35 31 787
15 7 56
13 38 962
36 2 98
31 36 763
3 13 423
12 40 164
9 0 857
12 1 725
13 16 999
3 13 294
29 11 704
25 19 787
11 0 644
31 37 248
8 27 513
8 33 259
17 41 76
36 7 390
13 37 927
17 32 187
26 32 720
27 2 37
28 7 150
41 31 964
21 0 910
34 10 561
20 33 296
39 14 538
37 3 977
31 17 831
38 9 558
37 18 181
28 12 968
0 31 294
22 32 497
36 29 384
29 6 674
39 28 548
4 18 203
22 8 255
26 1 678
36 41 599
4 40 991
34 19 409
0 29 538
17 33 801
2 37 655
31 0 528
34 39 866
24 38 46
5 9 761
36 34 684
16 12 726
2 1 840
41 37 48
21 35 731
12 19 687
25 21 859
30 12 535
6 38 664
8 9 663
40 6 308
30 28 791
11 39 813
35 18 719
5 41 152
24 32 433
12 16 606
15 24 402
13 17 715
38 15 926
31 5 932
29 18 57
36 26 914
24 17 533
10 34 977
1 35 962
40 11 636
32 11 428
15 39 557
34 7 406
39 34 502
27 35 650
28 7 607
9 18 285
36 33 955
7 23 28
3 13 384
21 8 504
12 11 299
31 3 204
38 23 100
14 19 133
20 29 384
22 5 324
17 19 581
4 35 522
40 10 490
10 7 818
28 14 375
20 17 253
10 26 693
28 10 30
18 37 483
0 19 302
23 13 276
25 13 360
2 26 791
15 16 396
41 39 141
32 11 28
23 32 633
41 16 177
39 15 447
14 16 547
30 22 268
37 3 827
31 5 200
18 26 775
19 17 874
17 41 673
32 40 779
41 34 802
15 21 551
7 26 752
25 38 734
14 25 475
34 22 718
15 4 656
31 9 769
1 0 823
7 36 174
0 1 199
10 38 90
7 13 521
28 3 669
22 37 697
38 20 581
20 35 366
1 28 638
32 7 809
32 38 737
39 3 319
26 38 854
30 17 520
36 32 725
35 20 403
0 38 271
20 41 168
8 6 9
19 14 640
21 27 616
31 41 388
12 6 57
7 37 148
21 6 603
36 24 980
18 26 555
38 16 462
10 35 689
25 36 465
11 33 501
16 7 974
38 3 460
28 6 588
35 41 666
1 39 981
41 16 507
2 24 861
29 30 835
9 39 654
0 8 159
3 36 375
26 34 138
24 11 389
10 36 953
16 30 669
22 14 501
