25 7 206
8 5 352
26 14 640
14 9 37
34 19 209
2 11 203
9 3 25
10 26 228
13 8 957
28 0 185
14 9 353
7 12 713
20 14 942
10 6 688
10 21 569
10 2 645
1 27 361
18 13 899
9 33 990
19 1 828
6 26 665
5 32 261
4 6 784
2 20 72
12 35 749
31 24 537
14 22 82
4 13 444
33 22 334
16 11 13
32 5 192
2 13 232
32 26 780
23 31 410
33 14 199
36 15 317
35 36 273
22 0 370
7 19 109
25 36 782
13 28 910
13 2 238
34 28 985
18 15 944
16 3 651
23 19 962
12 24 349
6 16 249
27 3 610
2 20 390
9 13 423
24 13 409
17 18 483
4 12 282
13 4 247
11 6 55
32 29 899
36 26 694
4 0 274
36 6 691
30 10 398
6 31 485
6 18 261
34 4 596
16 13 764
24 28 453
31 27 85
20 22 981
17 25 176
13 23 228
10 26 994
21 33 1000
4 25 420
14 34 953
10 13 523
33 32 191
27 3 857
14 6 734
34 25 893
4 7 980
24 10 475
32 16 422
14 4 997
13 22 348
9 18 418
36 2 121
21 8 278
32 18 175
12 1 683
36 6 732
35 15 19
22 2 517
25 32 881
34 12 255
15 1 852
5 29 301
3 19 525
17 7 321
34 24 401
14 36 91
33 14 453
10 1 716
16 25 253
22 4 323
17 13 800
0 14 454
29 21 531
2 7 979
28 30 837
1 30 123
11 22 172
11 0 184
36 13 816
23 20 943
23 32 809
2 8 318
0 36 99
6 26 392
22 10 824
9 18 537
36 13 693
5 20 24
21 30 342
14 21 176
24 15 497
24 15 281
23 0 713
27 10 481
36 24 142
1 26 786
22 34 471
36 20 6
26 20 407
5 23 766
3 13 248
24 21 926
12 33 502
17 21 629
24 1 51
16 23 185
36 16 338
34 0 818
26 9 473
14 11 275
11 27 98
28 20 43
0 9 796
4 2 401
28 11 532
18 15 913
0 2 595
1 21 361
33 31 775
29 35 892
7 19 500
5 12 699
2 21 930
16 11 664
8 31 828
34 11 94
29 33 719
28 30 605
33 1 319
29 4 893
20 28 599
6 5 624
8 6 968
12 2 511
21 8 779
6 32 616
8 20 734
4 12 429
8 9 253
16 14 187
20 9 722
17 19 134
26 30 209
27 35 48
5 14 408
17 36 30
4 14 508
11 5 803
1 3 869
21 8 245
2 26 815
22 13 335
3 33 186
35 32 793
0 20 825
29 4 645
22 16 885
10 1 722
18 33 296
27 30 676
22 30 812
11 21 586
29 10 409
35 9 231
27 21 386
5 19 638
2 16 734
5 16 616
2 36 646
36 20 137
36 27 309
5 27 495
24 11 650
35 19 179
5 16 388
12 8 983
14 21 270
7 1 198
14 5 546
4 35 381
24 25 539
20 16 358
0 10 33
9 3 287
1 4 925
31 16 516
22 21 600
12 16 549
28 2 376
11 15 663
16 19 884
13 26 510
12 4 339
20 17 406
11 4 14
2 28 674
32 11 67
32 14 885
2 6 312
23 29 959
11 35 127
15 7 203
10 6 704
27 33 613
9 30 586
8 14 872
25 14 503
27 6 370
7 33 981
2 26 102
31 0 537
36 23 950
36 35 806
12 19 212
1 17 646
30 15 151
20 7 180
28 16 876
5 29 71
13 15 756
20 8 643
12 9 773
33 9 601
31 36 827
15 2 902
14 19 118
11 10 609
17 9 722
10 26 339
9 8 425
4 14 233
15 0 549
28 4 818
11 20 228
22 27 211
9 31 918
4 33 36
7 2 345
3 0 696
31 13 746
9 35 364
18 7 453
10 22 620
14 3 79
19 9 242
0 20 798
18 22 989
31 33 29
4 8 927
9 25 860
28 33 821
9 34 921
22 28 416
13 18 53
21 2 362
13 26 294
10 5 625
4 35 549
26 6 701
13 6 801
14 29 425
13 0 500
6 25 65
24 14 381
20 6 878
15 29 884
24 6 133
23 32 670
14 6 194
23 30 421
3 15 626
25 4 849
26 28 221
16 17 280
19 31 388
1 7 664
25 21 273
22 30 388
13 17 743
29 31 961
11 26 727
0 32 705
26 11 389
15 5 623
31 32 869
27 7 113
1 0 427
34 9 752
29 16 8
25 27 615
3 33 973
22 14 846
29 22 749
8 22 719
32 3 852
9 3 978
20 5 896
29 28 300
17 14 755
14 28 187
30 25 54
15 0 9
7 23 528
1 2 13
9 32 429
28 5 750
6 14 869
21 13 501
6 28 468
18 29 124
4 2 411
32 4 161
23 17 361
15 21 667
6 19 240
