131 71 663
41 0 74
137 122 820
144 108 27
131 47 673
71 156 219
155 105 484
144 190 119
61 154 292
16 132 280
112 44 760
136 37 184
117 111 6
17 190 630
92 99 311
160 102 701
79 75 729
47 74 32
85 104 42
120 55 63
188 154 177
51 110 115
115 125 348
129 148 442
72 139 762
174 39 559
76 12 871
118 134 801
75 101 722
63 182 185
49 143 884
108 185 270
50 191 855
185 141 237
146 23 438
14 191 847
50 21 966
107 29 400
178 48 500
109 61 465
62 191 897
69 170 176
105 49 381
153 70 16
66 186 567
161 89 651
185 81 699
54 12 953
81 73 388
117 164 647
134 131 249
21 174 96
22 119 330
125 85 265
136 38 83
1 66 433
50 22 443
26 0 483
148 186 530
189 61 767
140 88 224
35 112 558
123 141 767
101 113 708
142 79 444
14 5 227
89 6 556
40 125 690
51 143 743
129 99 733
114 25 756
102 140 485
131 165 454
1 77 902
62 79 195
179 60 906
105 58 653
191 153 907
14 57 208
110 39 513
99 81 847
66 133 438
144 57 550
135 134 595
160 34 853
189 46 31
181 118 657
21 186 951
112 26 778
54 41 87
186 162 358
24 109 95
156 56 400
152 178 570
12 177 3
25 30 578
94 14 180
30 137 375
140 97 52
35 130 62
51 25 557
164 142 876
40 118 838
78 115 982
70 1 789
7 101 425
71 126 271
26 47 550
74 81 987
120 145 686
177 100 869
168 35 414
37 132 46
22 174 338
32 27 819
11 174 196
60 159 619
145 74 559
124 122 998
107 30 90
152 190 192
125 131 772
49 108 284
108 24 866
71 155 34
72 129 829
84 75 104
183 104 566
86 51 187
83 26 311
58 147 517
153 114 429
113 144 524
37 10 577
29 121 782
16 187 57
96 170 474
2 149 316
52 100 335
46 28 709
102 175 681
161 130 299
22 124 467
28 77 668
128 106 850
132 124 175
82 39 562
136 18 749
64 8 442
107 143 634
87 90 606
33 13 482
77 62 153
41 132 372
67 83 329
71 103 119
64 142 883
32 34 906
82 173 526
9 36 118
35 49 807
144 74 362
45 149 841
15 75 569
145 24 809
81 183 261
148 97 853
95 183 721
110 83 942
170 23 324
177 8 377
131 133 395
138 155 820
66 145 979
68 52 311
79 162 482
159 115 588
59 29 371
109 59 226
9 56 911
107 177 998
166 1 722
97 116 370
106 125 333
51 163 959
153 118 174
180 175 247
73 33 600
158 86 792
101 159 728
134 69 766
96 154 165
114 120 14
107 42 827
150 86 812
175 85 996
118 102 890
150 14 756
40 25 77
133 3 674
109 72 93
108 169 660
29 150 185
165 134 779
178 161 666
6 187 33
22 55 867
141 62 124
189 107 352
102 139 828
11 68 526
26 189 79
186 39 898
175 93 203
55 182 998
16 12 383
9 123 645
56 22 664
96 106 463
63 31 434
94 61 454
66 181 681
141 63 685
136 36 798
191 85 525
81 182 54
145 3 769
5 44 587
93 135 106
159 77 522
55 142 435
78 123 144
88 150 682
115 5 186
17 186 273
160 122 754
26 12 846
152 187 529
105 50 916
33 126 95
151 159 121
50 67 348
138 175 619
72 188 936
39 54 60
179 94 610
52 9 54
160 20 204
73 82 368
51 158 708
99 114 479
179 64 193
125 144 943
37 31 907
131 134 839
140 32 44
68 147 720
46 42 895
123 70 364
29 107 538
128 7 5
152 48 748
90 108 724
72 123 871
107 72 202
172 104 816
42 160 416
129 126 611
62 105 981
38 78 48
24 80 166
25 61 997
168 154 60
10 1 480
5 102 596
30 82 135
175 106 319
92 1 442
117 155 685
38 115 704
175 114 420
53 139 135
26 113 698
115 30 680
117 154 553
185 25 249
3 135 936
185 41 973
0 62 930
173 2 898
174 140 1
4 111 636
92 177 79
173 178 677
176 94 578
189 160 907
163 170 265
67 78 690
69 52 927
147 109 947
89 132 193
155 175 32
64 190 853
191 151 947
172 168 637
27 2 612
89 150 709
168 91 695
78 142 720
87 1 487
86 88 305
46 4 999
183 41 300
171 25 804
95 21 437
11 150 323
67 41 191
106 32 191
42 109 140
27 91 588
44 34 176
58 121 546
136 66 517
69 83 918
45 82 37
138 15 697
19 80 706
58 5 392
187 137 90
99 51 462
60 98 924
99 36 853
105 169 127
35 91 327
125 168 109
160 168 381
32 21 447
144 128 836
160 172 219
51 116 953
175 8 874
91 165 619
107 51 404
164 124 431
2 172 97
4 32 433
137 74 86
131 46 620
71 132 476
111 73 589
36 14 375
146 140 159
75 116 291
141 11 349
18 179 85
117 90 15
54 128 140
68 108 296
175 15 556
133 90 113
111 121 897
83 21 998
86 90 324
191 93 489
164 139 458
141 184 428
121 137 88
76 190 160
46 174 391
183 18 296
82 144 611
53 179 265
25 47 437
73 152 495
65 59 644
173 133 209
138 98 290
135 119 497
120 112 904
2 167 218
129 46 683
67 188 69
26 140 351
170 9 967
62 177 785
155 30 187
96 133 208
86 29 394
72 12 853
147 114 663
79 124 239
93 125 299
3 111 242
119 179 717
77 105 98
113 148 385
114 155 394
79 165 38
191 130 776
125 69 167
15 152 958
38 187 607
114 57 303
184 76 977
30 174 363
101 142 510
66 72 798
157 119 52
24 121 289
37 163 833
145 20 592
64 9 212
185 34 736
75 159 433
41 54 297
67 114 431
110 178 144
84 18 917
119 93 846
110 53 16
167 73 676
121 102 899
108 24 644
101 30 239
60 116 172
180 170 17
59 121 929
123 39 596
7 36 821
169 71 114
49 91 103
43 175 410
70 3 390
169 71 188
125 76 314
111 31 961
51 169 472
152 69 53
5 78 431
113 98 12
43 53 915
54 189 5
42 128 447
38 70 786
127 191 992
3 185 758
32 99 311
130 124 433
163 113 847
4 29 447
181 63 165
14 49 900
184 126 711
171 151 520
36 172 122
94 16 678
64 114 884
27 111 552
93 53 542
167 94 400
102 48 666
145 47 618
157 95 453
54 185 77
111 130 396
103 119 669
109 144 36
131 180 725
9 147 975
123 168 394
0 19 751
43 90 855
183 64 881
54 51 616
181 128 931
68 134 207
94 85 25
175 69 628
111 129 27
83 100 872
55 92 418
181 153 180
149 184 561
161 143 980
154 87 553
179 163 761
114 132 363
116 143 830
107 150 912
119 28 932
177 43 440
98 181 897
107 171 501
148 183 185
189 26 725
8 157 211
102 2 739
110 103 496
124 144 465
32 73 834
125 87 724
156 19 770
111 97 465
184 157 311
23 71 592
176 95 400
49 31 689
71 3 632
177 80 174
27 32 367
16 156 288
162 165 928
71 92 933
116 100 767
19 146 358
148 137 306
166 64 175
159 36 147
17 44 949
84 149 170
88 11 962
19 143 898
115 166 625
24 40 421
179 65 259
61 60 131
143 88 541
142 154 264
6 47 793
72 115 687
104 152 228
179 24 348
105 160 954
134 33 784
142 70 401
133 38 538
168 54 829
113 31 112
23 41 948
90 123 241
84 28 756
19 38 428
64 127 42
91 59 845
175 160 332
77 25 718
44 155 407
19 92 546
121 101 108
123 118 281
63 112 595
40 32 407
164 190 127
60 99 446
94 114 886
180 179 638
88 30 64
88 89 654
141 36 321
53 169 472
172 180 56
2 184 64
109 181 778
168 158 766
171 92 77
70 111 825
89 75 884
124 178 731
70 56 954
5 142 580
165 43 433
106 40 974
35 101 886
36 114 742
188 183 421
42 99 267
138 17 339
75 148 604
91 30 529
8 5 578
176 50 797
145 183 368
54 91 200
158 44 648
106 90 44
190 180 405
46 28 50
162 82 345
56 174 406
113 171 419
52 139 947
39 72 168
179 61 949
104 145 214
134 178 919
42 151 918
29 53 306
39 89 113
76 191 772
138 61 582
140 185 996
120 72 639
151 48 620
98 135 634
59 151 272
25 161 626
126 144 662
187 88 247
53 94 318
59 49 452
157 104 79
162 126 684
38 147 685
175 0 395
115 122 427
32 52 33
71 76 675
164 94 913
159 111 322
16 64 250
174 29 43
84 142 544
128 89 152
18 114 851
185 183 52
6 89 157
175 155 14
166 63 558
29 153 820
117 58 739
35 45 47
92 1 680
23 102 959
21 169 415
104 68 104
175 20 483
182 94 743
126 14 436
67 150 367
58 23 804
11 112 552
106 13 220
45 4 175
11 132 445
55 117 304
32 176 455
50 89 69
155 116 214
87 63 753
60 61 464
111 119 522
39 187 741
22 23 643
14 29 553
45 26 189
161 100 957
23 14 25
40 110 512
101 60 68
71 82 435
6 115 248
124 47 227
25 32 536
28 124 860
3 107 63
170 141 303
84 51 34
125 11 251
50 38 38
159 87 479
7 21 966
83 155 511
105 182 479
161 66 855
7 126 986
47 83 473
63 2 99
177 161 207
175 4 259
60 105 948
53 32 658
80 110 140
151 65 69
149 125 109
12 8 673
42 181 241
183 153 629
63 153 979
172 45 808
25 107 717
99 98 837
185 140 657
52 47 96
8 19 86
44 37 3
120 106 38
107 179 216
129 145 723
151 10 526
119 168 239
74 155 394
9 85 863
5 24 270
50 96 570
171 154 621
175 174 497
104 34 751
59 166 356
90 39 305
44 176 944
102 134 2
173 78 181
127 90 729
173 75 66
149 87 856
134 132 1000
109 157 817
181 178 821
26 99 396
90 142 279
146 1 317
38 45 631
38 152 868
42 169 227
131 57 259
38 132 640
22 8 324
154 69 51
44 43 710
103 16 391
175 147 143
9 39 778
26 170 278
135 167 177
59 172 595
3 163 739
108 136 72
95 108 102
76 125 496
155 123 929
100 144 158
31 121 205
19 108 516
92 95 128
14 154 484
31 178 759
36 135 103
165 74 608
19 0 392
121 111 97
145 68 278
92 62 320
102 53 68
155 14 658
169 42 814
131 101 183
144 60 595
161 27 388
84 148 23
112 140 733
161 190 148
39 101 359
85 157 954
32 68 298
62 189 439
37 103 585
164 93 377
179 159 574
138 109 562
60 24 482
109 25 370
58 13 165
122 106 975
86 87 715
50 130 583
51 89 198
1 140 206
49 190 982
1 157 821
31 76 570
28 94 937
68 10 200
26 8 615
51 37 519
131 182 185
3 172 794
168 164 727
179 59 895
118 38 108
70 55 167
34 87 656
36 184 787
168 25 304
79 110 871
7 177 299
40 187 641
18 65 527
112 50 754
59 183 828
172 145 629
94 52 600
147 78 136
9 133 856
132 87 741
119 95 392
155 39 797
126 20 214
96 56 741
50 155 202
113 139 210
103 163 119
32 7 489
163 99 809
34 92 542
111 123 932
10 128 882
70 175 503
44 161 651
160 147 274
164 105 624
80 98 794
32 178 20
189 27 332
36 135 694
155 167 204
169 71 283
0 29 837
12 71 932
178 162 261
179 36 609
190 6 329
27 180 878
135 74 86
175 42 670
28 74 239
102 87 514
118 29 235
188 68 464
53 174 381
78 119 992
125 51 733
105 53 897
82 39 17
82 181 450
68 124 355
157 132 976
14 104 279
13 11 963
11 77 244
160 75 297
76 2 996
2 41 941
124 92 378
187 41 760
95 109 246
27 117 187
150 149 150
2 10 207
189 172 69
56 166 159
59 141 42
122 24 617
103 21 322
108 4 540
159 27 584
158 8 703
33 118 731
12 71 451
85 14 798
132 140 704
81 91 497
40 18 531
128 65 788
166 24 285
63 52 214
164 18 690
27 19 979
67 27 281
177 92 286
167 0 193
46 187 242
172 133 184
41 126 72
122 56 812
85 0 128
35 120 278
132 25 410
52 125 543
54 14 200
38 20 424
121 42 671
154 146 133
8 172 421
146 106 495
179 49 245
12 62 75
67 18 946
42 69 143
148 38 794
164 49 793
32 156 185
24 39 609
168 35 949
5 97 198
49 0 100
145 115 547
23 18 49
92 122 949
149 13 128
128 69 390
99 134 678
92 10 359
38 27 140
155 114 594
19 119 803
78 120 675
77 100 987
2 42 715
123 157 12
93 87 648
6 32 547
143 49 685
125 27 321
162 53 693
14 5 593
181 158 695
20 101 230
47 78 461
127 160 981
185 178 169
64 18 507
139 161 974
10 58 680
139 44 738
147 85 878
97 25 671
152 94 180
120 13 252
99 18 895
0 92 64
70 126 478
130 182 650
20 149 679
68 123 58
4 59 395
152 164 802
73 166 261
154 127 511
146 139 229
169 76 335
111 129 477
105 149 76
94 61 680
91 31 46
174 106 630
85 94 275
5 97 869
162 165 520
181 164 159
101 93 589
45 12 498
180 118 920
105 138 974
140 5 20
131 64 220
160 98 779
115 190 527
77 103 254
95 177 490
134 38 525
107 135 717
65 190 84
186 170 440
106 16 307
44 128 719
59 31 594
16 22 757
42 185 987
61 51 281
147 72 745
159 163 538
151 38 680
97 12 28
8 75 248
131 138 696
39 2 594
69 176 548
70 95 977
52 178 868
144 1 251
76 54 725
144 76 71
102 186 729
57 29 420
0 54 690
0 121 965
68 158 466
82 174 511
158 69 715
178 156 298
17 185 162
75 49 287
7 139 178
135 69 648
164 177 91
106 159 858
7 51 258
77 80 907
134 185 576
125 112 791
76 73 403
5 173 69
50 57 751
183 51 563
110 169 469
133 150 184
49 144 519
159 84 509
157 156 832
68 84 397
24 2 177
108 113 562
51 133 412
189 54 113
40 54 526
181 34 780
31 1 227
50 152 7
72 94 885
140 12 787
115 149 433
154 20 975
42 66 816
114 41 822
82 9 4
159 79 590
0 30 850
45 95 140
66 90 276
71 170 303
34 48 103
125 66 996
82 148 705
59 140 551
7 23 504
118 113 155
112 134 613
44 81 655
100 94 873
112 17 812
19 87 822
90 104 933
159 104 90
48 161 361
63 0 31
120 171 670
75 76 741
1 64 19
24 12 721
126 27 269
142 130 452
120 106 628
90 41 516
42 26 711
151 125 616
74 38 883
45 148 598
55 171 612
126 9 40
76 68 129
161 50 93
75 12 873
7 85 159
45 68 836
129 45 147
64 170 649
139 32 600
154 29 918
78 182 35
25 56 632
191 137 845
53 97 219
80 32 740
75 98 606
148 127 773
186 6 302
14 31 314
174 166 435
6 10 899
55 72 984
102 99 845
135 137 860
57 188 595
174 178 140
0 27 250
59 174 153
134 0 439
145 4 674
36 145 406
26 139 129
156 6 342
98 56 77
116 103 569
141 62 693
9 80 582
173 101 275
188 53 479
165 5 333
96 164 872
43 77 873
45 135 291
10 82 825
126 150 473
125 122 833
113 126 349
5 68 599
110 185 986
10 139 601
96 10 267
51 122 477
115 106 44
191 150 345
24 138 436
15 11 458
171 129 214
169 110 721
51 10 399
162 89 23
89 29 459
57 12 828
90 95 379
18 11 981
68 147 564
28 146 69
63 40 713
140 33 402
3 187 133
189 179 701
48 43 188
88 41 53
99 95 67
32 119 942
79 82 97
128 24 635
168 73 314
37 99 527
102 74 218
163 124 36
55 177 668
158 61 477
95 191 204
164 22 862
29 72 853
86 118 466
89 63 369
179 141 804
113 107 867
167 105 853
159 176 137
189 5 771
29 175 130
127 136 766
58 184 74
61 149 851
66 13 269
120 159 252
174 112 887
38 32 902
129 115 457
153 57 181
74 13 661
115 131 759
159 47 740
181 167 794
96 20 177
86 117 281
73 128 450
103 67 261
63 77 522
53 17 94
67 102 81
169 13 738
186 18 934
36 90 531
64 159 240
116 80 143
188 129 998
186 69 855
87 178 356
176 133 961
12 138 663
30 162 734
18 182 151
6 107 866
89 134 510
87 119 316
79 117 953
171 14 830
124 152 886
39 154 696
146 38 839
3 119 566
85 119 837
191 54 569
110 126 951
168 190 365
8 15 361
149 95 605
22 110 506
146 49 735
91 77 597
154 91 677
13 175 959
88 168 633
118 2 842
80 183 725
174 65 855
157 47 404
190 168 684
128 9 295
32 124 505
143 22 851
23 72 786
17 80 440
98 5 355
18 33 491
126 69 993
124 173 995
55 42 426
130 143 289
7 58 542
35 6 506
182 144 856
157 17 647
128 70 543
74 63 299
57 16 32
7 18 424
42 112 61
166 156 24
167 42 296
176 165 610
88 46 167
153 189 71
105 26 227
25 23 683
47 8 206
7 191 177
174 79 385
60 26 820
2 98 649
138 53 279
99 66 276
146 84 242
15 31 956
73 9 750
123 106 41
182 74 699
162 41 370
175 59 444
158 85 632
175 52 900
14 86 45
0 123 939
58 155 945
84 166 73
74 174 574
78 109 67
171 53 13
17 31 662
55 15 157
17 1 757
80 51 613
78 123 66
115 57 110
157 180 458
115 82 578
55 56 523
98 174 902
52 48 34
29 51 985
94 175 155
130 186 857
132 133 801
60 176 986
5 153 354
112 154 705
179 9 837
185 145 500
128 3 845
3 64 62
158 90 571
35 37 607
64 24 468
139 58 397
41 54 416
58 180 831
179 17 977
111 122 230
120 188 764
97 24 578
143 3 547
42 185 574
4 11 89
171 179 661
119 78 698
105 125 141
145 188 657
73 68 360
125 166 756
74 2 357
68 133 478
85 91 228
13 136 342
123 126 808
26 116 683
6 51 53
115 66 215
181 69 837
59 76 329
121 166 1
187 167 502
156 148 87
180 8 397
32 4 179
127 22 371
61 177 850
139 179 845
146 69 230
134 175 698
171 184 251
53 41 834
119 38 402
80 89 275
63 121 995
107 118 471
22 88 29
119 59 959
52 133 496
163 144 520
5 155 921
120 125 716
35 144 848
99 121 63
116 49 413
23 65 889
105 120 386
120 126 705
158 118 162
169 172 189
154 45 955
12 142 349
22 149 899
116 83 753
40 114 586
157 129 285
50 94 376
121 13 70
158 72 881
81 46 718
94 124 624
26 155 281
122 114 361
175 48 9
72 10 3
31 190 570
51 155 297
49 190 853
108 140 312
27 157 140
81 92 75
190 108 892
67 40 53
153 21 83
162 177 29
74 121 694
34 119 793
184 134 17
181 83 779
31 100 153
166 60 996
50 63 901
28 111 683
75 190 773
138 141 982
163 50 198
37 147 366
128 22 997
96 65 186
150 24 155
137 85 401
99 13 500
67 106 475
50 136 153
117 100 877
12 117 586
49 118 752
140 171 3
107 51 580
158 92 882
61 106 758
17 148 61
143 137 439
140 111 618
42 67 749
22 53 44
6 112 180
50 130 253
27 49 155
70 52 388
129 127 172
85 116 664
111 185 661
112 163 887
161 79 443
127 184 424
50 46 437
179 87 742
59 127 968
1 119 621
182 20 390
142 88 766
66 44 700
142 25 213
72 154 139
80 126 626
76 121 255
185 171 143
134 186 974
161 165 656
182 190 622
20 99 850
86 120 604
51 62 161
106 152 232
173 71 690
57 188 126
145 15 497
135 22 559
46 117 462
135 21 692
138 189 41
168 3 915
153 132 385
124 147 811
66 141 629
69 93 153
101 15 884
183 8 549
30 178 174
190 25 114
1 90 148
139 35 240
18 71 197
127 152 400
43 149 53
53 178 223
80 38 369
5 179 388
52 135 435
118 123 942
87 89 87
71 38 187
91 141 913
66 189 586
94 181 324
120 36 166
139 136 600
159 81 805
164 15 625
178 63 911
59 29 998
17 96 111
158 142 650
117 122 465
169 158 728
185 8 200
4 167 196
149 54 24
123 143 269
134 152 795
128 111 882
59 125 95
123 75 969
75 172 405
188 146 900
74 54 345
117 13 338
56 110 700
15 43 788
42 46 374
184 147 131
44 51 683
12 52 372
170 7 167
110 166 907
47 54 946
175 36 593
71 8 853
33 61 162
70 60 19
173 160 205
145 72 770
83 7 311
39 77 672
31 82 101
53 64 979
64 80 312
147 19 369
83 158 247
158 117 757
187 3 480
75 153 130
55 123 926
190 7 843
171 86 790
163 105 129
170 38 77
49 34 954
106 141 464
59 139 973
105 185 733
8 6 299
65 29 947
85 31 523
27 98 4
44 188 791
10 121 61
136 159 450
2 184 979
33 32 137
43 50 825
154 187 615
7 48 795
50 77 692
115 127 847
115 152 500
105 182 996
52 50 189
27 165 758
182 175 258
137 94 507
172 119 155
163 56 535
51 135 150
157 66 158
82 20 746
142 72 672
191 24 480
183 173 342
63 119 303
4 32 417
172 4 14
121 61 834
171 23 782
76 48 334
28 187 248
96 80 747
87 34 142
108 83 722
185 114 254
179 92 912
83 8 182
37 179 244
136 11 247
106 46 674
42 191 800
81 40 36
62 109 792
37 164 207
106 154 950
41 181 510
89 173 661
20 26 930
88 190 646
122 191 137
159 34 456
175 29 710
190 127 985
172 33 59
115 172 440
149 98 466
18 108 386
147 153 95
86 155 973
163 36 784
126 129 534
25 120 391
67 118 249
168 162 707
21 0 79
128 109 759
45 159 454
125 65 666
156 103 766
141 180 236
96 156 543
186 2 257
186 2 371
8 104 219
58 121 767
12 105 400
70 40 124
169 106 134
78 146 480
170 179 644
52 75 503
21 181 448
156 53 417
110 185 306
163 48 884
14 136 538
119 44 832
136 110 858
14 71 908
178 119 238
60 97 519
86 122 32
149 92 303
98 87 168
50 98 558
87 186 351
112 179 486
76 12 435
12 77 117
71 157 551
56 122 869
75 56 297
127 14 725
12 101 510
26 31 699
50 138 461
137 75 290
22 127 211
160 138 56
112 41 450
72 106 719
78 71 734
166 46 683
21 132 54
123 113 814
44 101 460
158 64 199
123 64 120
160 19 498
52 69 582
8 18 600
73 5 365
50 19 115
67 127 946
58 65 870
153 109 507
6 137 334
138 75 90
16 81 686
2 146 492
73 138 999
165 39 936
121 34 457
57 187 180
161 173 955
76 144 556
37 3 747
89 107 365
38 176 990
176 98 301
150 108 737
74 142 143
132 66 86
170 85 20
74 18 326
133 72 429
55 34 539
21 156 943
11 27 283
190 36 746
170 45 932
131 100 433
156 57 538
99 31 530
117 61 734
85 47 48
136 155 663
74 23 836
121 181 92
107 83 303
17 135 859
112 91 701
163 98 310
131 27 489
185 75 741
35 24 504
66 4 135
166 65 128
184 154 150
138 165 137
78 115 487
134 78 234
3 59 752
67 116 600
62 165 618
43 86 723
126 36 148
51 30 170
76 148 683
20 92 665
70 46 326
99 145 931
17 133 609
35 6 520
38 41 822
13 33 640
128 108 676
120 134 350
27 24 901
127 176 264
137 115 508
168 142 130
142 64 153
96 68 114
147 98 246
14 181 174
86 161 982
22 44 129
94 33 852
71 116 860
47 142 378
144 150 644
124 33 977
67 126 230
132 161 28
168 56 210
114 97 141
126 137 485
156 79 977
105 160 546
55 148 3
22 95 460
108 163 43
54 163 480
17 168 301
63 104 590
129 78 32
84 103 227
80 43 592
90 191 346
80 163 140
6 22 627
176 15 690
107 55 583
36 104 180
95 39 791
24 21 861
113 177 227
107 80 503
157 146 940
113 78 486
25 163 94
166 142 193
121 153 146
44 68 647
147 112 596
51 75 198
132 117 248
92 0 549
142 103 961
65 128 953
179 108 599
116 45 335
134 34 213
87 39 783
132 53 116
165 98 108
2 5 655
137 19 596
65 142 911
160 134 319
36 24 654
1 104 433
42 163 8
44 21 178
98 74 155
46 109 759
120 34 240
107 71 933
90 75 971
84 4 964
5 40 453
118 88 641
9 141 561
120 68 64
79 74 975
91 106 638
99 159 17
46 166 620
99 9 623
55 79 885
6 110 256
136 35 159
159 157 871
61 172 338
145 162 736
37 38 693
88 100 620
75 63 594
154 25 719
28 165 430
163 112 16
44 74 973
5 76 319
76 147 783
56 51 131
183 144 424
120 131 825
10 184 520
57 144 81
138 132 539
178 191 540
109 42 434
24 7 495
43 138 193
131 107 706
65 28 523
31 69 103
4 30 129
95 6 689
143 28 1
82 14 634
1 154 833
20 89 16
142 35 697
55 79 204
16 155 561
98 89 216
113 76 354
190 140 291
61 139 939
114 161 803
84 47 561
4 43 993
49 129 981
39 150 281
76 16 35
58 35 970
142 77 481
152 160 453
17 55 505
44 141 830
48 89 970
103 72 656
147 108 308
164 142 823
138 178 315
51 123 244
31 3 767
181 102 438
35 173 549
178 163 792
116 155 146
91 96 630
117 44 133
98 165 644
111 44 945
136 158 932
105 72 760
102 4 779
151 134 121
3 8 566
185 145 268
54 152 14
142 30 547
177 26 776
170 57 676
182 116 256
157 10 128
126 15 646
109 152 984
176 90 572
98 22 176
94 118 387
154 145 183
165 36 915
32 119 439
180 151 752
81 154 298
6 185 115
108 37 613
92 9 952
181 33 574
8 48 274
120 13 266
77 92 695
142 19 693
30 77 400
6 107 380
158 39 794
131 190 186
9 31 963
115 126 174
50 117 201
57 94 272
81 59 84
165 157 870
182 25 48
148 62 694
31 160 511
27 47 954
144 83 150
80 61 697
42 111 673
151 1 639
155 101 812
131 120 469
151 141 907
114 56 646
85 191 375
122 15 761
38 95 859
69 45 300
34 75 465
181 72 119
79 170 618
119 31 278
177 30 344
9 153 334
51 14 769
48 76 767
69 4 121
90 138 668
53 38 317
97 33 262
23 111 775
122 190 251
49 69 490
182 153 24
159 4 501
42 90 766
77 151 164
98 170 286
186 138 507
51 71 128
116 90 784
13 162 587
46 120 398
39 27 546
170 128 866
100 25 14
145 97 903
2 93 478
0 44 961
5 135 631
145 7 93
32 174 885
112 77 573
78 126 145
21 66 661
35 139 410
140 35 737
137 186 548
8 19 927
107 182 714
153 84 964
190 92 812
126 17 356
120 125 449
129 115 626
93 61 331
120 183 548
104 155 673
173 85 889
14 167 839
10 81 828
81 68 689
57 152 598
160 168 856
100 9 971
67 5 864
73 57 949
82 135 290
182 90 429
101 144 357
65 153 928
137 161 130
54 153 592
177 93 260
25 21 863
151 20 967
4 35 683
150 116 295
23 8 718
172 34 80
180 175 199
113 144 519
159 167 470
101 153 445
116 56 317
111 103 454
109 63 442
117 118 396
140 143 423
11 77 291
43 86 875
188 147 762
139 131 226
104 62 352
37 36 69
171 61 410
74 54 312
83 130 451
97 53 40
152 47 590
144 6 332
31 51 504
147 100 676
45 100 624
92 29 294
37 35 648
182 190 156
48 79 61
74 94 278
95 34 624
63 122 140
182 47 711
85 52 988
104 164 128
179 26 789
49 70 428
132 64 294
155 135 486
33 104 662
27 176 55
104 38 451
14 58 207
50 150 653
70 152 722
9 125 732
50 130 554
163 122 611
11 77 709
169 26 337
145 31 752
157 174 287
19 187 503
41 1 881
108 83 396
36 137 833
12 190 647
17 175 67
55 11 212
51 4 775
180 154 190
51 142 217
58 31 881
176 52 790
131 141 589
183 62 876
77 188 608
130 168 222
128 77 605
186 68 130
120 170 974
137 103 408
43 22 136
88 90 644
46 176 210
110 145 876
138 99 955
145 155 892
45 155 465
161 87 12
155 5 909
144 146 747
188 38 219
106 96 357
93 25 384
79 38 351
8 60 126
94 131 644
3 155 969
159 171 811
99 162 580
186 35 910
126 160 439
76 16 745
35 184 550
150 51 552
46 170 725
102 169 762
156 166 493
184 14 637
173 92 85
162 33 502
2 28 848
145 122 590
128 84 779
104 134 406
166 122 215
12 67 565
163 32 266
174 185 134
19 23 883
74 55 58
184 81 573
10 56 200
141 37 848
51 9 887
148 51 629
13 17 987
46 58 865
47 142 904
46 102 140
147 174 666
38 114 558
58 23 619
173 143 123
96 0 393
86 57 452
156 178 526
20 175 437
45 146 146
143 109 9
128 137 862
85 157 344
73 115 453
53 104 370
101 157 571
183 151 379
99 70 93
115 100 123
120 103 354
110 187 450
108 178 239
97 0 243
138 84 467
126 28 555
162 106 197
2 40 2
165 36 945
147 119 859
176 160 961
156 153 888
1 103 329
168 12 378
185 83 661
187 137 372
157 155 987
154 82 806
60 57 942
142 110 925
176 109 484
17 75 744
89 147 976
101 94 40
135 19 236
18 190 384
186 149 740
76 156 303
49 11 308
44 11 574
22 183 806
15 187 426
29 187 159
133 32 40
152 35 970
20 163 829
77 108 530
8 82 642
37 66 431
150 57 998
107 45 927
182 16 894
66 45 340
12 36 337
66 73 180
78 185 544
92 54 294
95 115 818
15 109 73
34 148 357
106 89 331
73 162 439
125 161 135
64 168 145
182 74 336
23 131 879
56 169 684
130 170 779
2 164 254
133 130 691
97 128 716
186 91 551
13 51 443
185 10 136
40 121 842
5 124 455
61 167 469
102 140 422
127 123 532
179 32 301
159 94 64
6 102 272
178 31 693
89 41 344
81 21 56
124 104 16
156 112 852
188 23 930
10 179 914
141 122 126
125 71 659
162 3 995
56 121 901
1 34 45
175 9 650
62 50 301
144 146 110
163 170 650
0 7 2
127 76 301
171 187 792
90 39 394
161 57 503
190 116 105
148 152 105
170 157 944
132 94 397
139 121 67
167 155 633
20 134 304
12 124 292
155 178 601
155 153 262
141 186 307
102 184 206
24 112 296
105 51 474
38 177 391
61 89 669
77 149 884
141 102 917
1 44 290
82 38 547
53 74 845
113 56 47
116 122 315
114 98 946
103 22 737
178 71 22
69 31 933
138 169 906
103 18 81
3 55 845
8 151 281
29 177 401
20 129 674
182 0 885
32 0 407
94 39 389
50 132 505
34 155 492
89 95 769
32 107 14
28 179 947
39 79 699
168 65 740
50 114 175
144 80 135
20 100 662
7 139 636
15 0 52
30 93 442
178 43 204
56 148 610
187 135 142
182 21 366
34 48 910
28 118 69
114 103 169
22 63 559
169 133 764
183 172 355
131 139 408
85 103 235
21 180 370
11 93 419
65 100 695
151 174 812
1 73 761
151 128 8
33 14 150
22 73 36
59 66 506
179 33 867
167 69 910
17 80 213
141 93 789
146 8 278
130 74 716
91 116 291
160 132 967
156 65 809
64 31 939
139 91 199
133 95 937
109 126 164
100 36 103
131 80 347
22 189 365
54 97 639
91 84 645
104 26 148
2 41 148
55 95 273
22 168 839
38 54 440
174 78 834
31 71 683
57 79 443
36 169 300
127 142 58
10 168 192
186 80 388
83 181 433
61 45 38
93 153 716
141 133 56
86 116 588
26 157 958
7 154 614
131 188 33
87 138 176
152 174 130
31 160 788
59 52 536
175 124 433
145 92 786
93 119 122
184 122 220
184 103 534
89 189 753
190 137 54
154 166 673
184 19 156
70 141 290
1 131 642
176 190 964
116 45 731
25 32 282
128 159 311
114 174 116
23 155 934
189 44 21
181 68 91
84 105 618
69 50 731
116 184 933
18 142 687
168 73 397
179 89 694
59 132 444
191 161 590
0 159 942
95 73 1000
169 77 869
127 108 380
94 167 725
26 163 433
128 3 275
15 36 990
126 111 30
141 55 843
189 177 617
52 153 402
49 100 438
74 68 80
41 16 717
162 188 425
154 28 656
135 162 584
53 106 555
145 86 468
154 11 676
125 6 974
171 85 186
163 156 438
148 137 751
37 172 935
9 16 443
56 38 410
19 4 932
24 88 728
112 132 105
87 135 719
81 79 18
136 125 828
130 161 714
0 126 232
89 79 407
103 135 351
147 155 932
26 147 218
84 134 865
27 61 74
62 136 731
126 69 168
42 69 349
100 70 627
31 96 144
39 103 82
6 59 257
83 21 359
40 153 140
0 18 726
133 29 59
111 40 223
148 165 555
144 61 609
112 57 92
46 178 661
64 17 772
75 50 261
173 164 135
85 33 994
98 4 365
0 34 983
189 67 194
54 2 198
26 25 396
99 159 181
166 130 543
77 73 467
172 34 776
126 49 834
185 87 108
189 54 694
23 130 678
65 138 439
119 58 62
52 25 515
71 110 16
44 28 999
21 108 21
161 63 443
174 9 505
157 147 942
39 41 720
151 45 69
57 98 164
66 164 310
161 51 552
73 81 207
167 19 923
101 12 807
0 4 353
40 65 247
60 127 484
87 93 393
80 152 164
164 35 403
154 112 806
66 122 400
80 29 834
70 53 1
121 83 825
151 108 756
185 64 715
47 174 508
53 90 476
24 20 555
164 29 925
184 9 68
13 53 617
12 136 149
145 75 295
174 106 976
116 181 684
133 67 42
12 10 13
177 98 227
136 135 841
24 61 963
50 146 157
48 85 496
167 16 548
160 33 987
154 129 119
76 132 228
105 49 562
55 36 505
152 40 459
143 45 255
49 161 141
187 123 180
100 123 404
79 150 518
36 43 566
128 45 570
31 92 546
44 49 8
68 12 131
96 79 815
126 11 741
107 162 354
157 50 920
164 151 758
7 180 165
181 165 386
102 155 714
85 143 69
129 93 246
184 147 29
171 144 815
172 115 930
177 50 809
161 11 685
111 133 106
90 29 917
71 55 236
188 182 67
151 147 430
37 41 464
17 50 634
107 108 706
170 84 601
78 181 397
121 183 325
57 3 540
101 87 351
162 9 857
135 93 313
12 108 144
147 188 452
40 46 616
31 178 137
48 33 669
96 7 792
116 54 628
67 73 820
121 19 208
53 102 113
36 187 865
61 15 363
75 118 401
186 152 155
50 128 457
111 125 705
62 177 442
174 178 895
173 41 170
129 52 463
34 41 922
108 132 382
137 161 12
110 175 898
41 177 383
69 161 824
159 80 7
115 90 506
106 24 202
189 131 86
183 189 889
157 72 65
10 151 299
45 149 672
9 143 87
183 73 277
62 157 213
188 20 827
75 99 849
21 161 868
116 130 620
65 21 747
172 145 368
71 93 490
88 140 539
64 50 297
39 137 389
101 9 921
186 41 842
7 8 457
123 141 463
124 5 429
149 178 508
109 96 99
63 82 167
155 61 297
115 96 310
47 54 652
90 128 303
69 191 267
181 151 658
48 158 97
152 139 844
59 47 360
55 147 211
84 75 448
95 52 597
172 94 517
25 187 691
128 178 674
9 40 37
68 64 922
161 73 345
121 84 824
149 59 899
87 68 484
68 27 605
158 161 201
190 137 545
49 7 774
140 33 885
12 0 886
52 51 306
68 169 524
27 107 905
149 115 962
49 186 237
180 72 621
86 23 178
101 32 810
107 2 87
74 19 92
102 156 266
58 180 653
111 45 398
187 126 378
96 126 140
69 168 991
87 153 496
29 156 723
13 150 284
107 110 616
154 64 586
46 18 987
12 5 72
90 109 324
137 180 85
73 112 787
28 126 629
145 176 528
162 188 683
174 162 989
62 181 742
57 102 640
69 23 952
52 12 736
0 175 879
161 74 807
75 147 876
150 188 858
29 112 968
33 171 828
190 17 509
159 65 208
72 131 933
21 15 957
43 160 498
187 97 316
80 178 649
125 57 843
91 187 355
36 48 68
37 10 10
118 147 410
169 105 445
46 67 330
2 146 135
160 45 876
54 184 170
184 140 852
43 144 30
85 171 121
0 158 621
120 8 313
94 64 82
9 5 685
152 117 491
105 155 341
79 91 113
75 48 501
186 26 470
155 69 395
148 135 348
32 35 392
191 42 532
95 118 133
104 169 502
191 61 934
182 160 389
86 68 962
83 139 839
54 74 584
89 21 306
30 69 380
175 52 626
95 109 916
163 94 977
96 128 339
141 75 954
71 96 579
70 4 990
129 5 803
191 47 236
101 158 705
131 107 164
171 36 966
184 31 949
186 42 480
91 138 825
62 130 239
150 73 51
146 178 753
41 75 480
97 16 316
71 185 313
30 84 888
26 8 728
103 29 926
18 168 83
180 137 380
124 105 91
40 84 150
117 39 129
173 39 760
59 100 306
102 72 231
181 46 833
34 136 865
115 154 452
32 179 971
60 13 533
139 17 772
39 83 301
63 134 716
34 54 923
61 22 963
87 95 788
99 98 689
150 46 578
70 161 981
184 18 405
145 44 858
95 22 321
175 154 975
69 98 686
3 7 601
131 98 891
86 9 642
123 103 86
147 35 518
18 94 511
47 63 995
106 54 312
77 59 191
67 31 532
94 91 393
111 35 726
89 36 808
4 150 929
186 49 478
6 90 512
75 9 78
24 116 34
104 77 629
68 98 212
79 187 115
97 66 126
89 158 29
42 182 624
188 45 990
6 136 30
43 54 432
29 8 636
60 6 242
55 95 511
96 118 138
58 91 436
93 87 479
19 158 383
70 79 353
78 4 673
127 180 922
115 166 534
44 108 558
108 133 335
34 38 814
8 146 475
5 116 653
31 79 42
19 70 509
40 70 784
99 179 695
135 27 826
59 174 382
111 91 168
89 96 985
136 44 670
141 17 564
136 45 35
54 66 817
101 172 678
146 51 863
147 74 332
99 53 109
116 168 161
91 59 58
41 191 585
33 145 279
51 178 45
139 172 274
68 72 721
105 178 457
63 26 613
6 187 567
66 156 708
168 27 986
173 17 117
1 2 169
80 26 115
157 124 810
57 99 978
175 26 681
108 28 248
154 86 676
87 157 95
142 153 525
159 128 677
86 108 2
45 103 973
52 113 620
149 36 361
79 122 496
60 79 987
31 34 459
15 175 852
105 71 732
111 63 396
184 183 172
82 178 110
184 161 333
98 109 266
50 60 857
125 155 363
62 174 76
102 70 406
164 86 836
156 172 943
88 89 298
85 173 329
57 66 825
84 79 29
63 34 136
155 42 628
75 182 255
179 142 451
51 74 70
139 103 184
22 26 668
156 104 124
123 98 667
162 91 787
143 170 774
84 7 963
79 56 915
164 82 296
29 50 150
52 22 192
95 37 229
24 140 465
40 109 600
116 120 17
181 61 307
169 74 212
86 67 702
88 28 320
62 156 285
163 49 448
92 102 723
66 52 947
175 82 94
143 141 539
184 80 612
28 12 685
75 179 680
52 191 225
69 100 881
168 126 80
9 6 747
179 58 51
176 38 473
109 140 989
154 144 919
70 175 889
143 33 260
8 79 617
81 68 515
158 17 662
25 92 35
85 20 684
99 81 950
31 124 871
120 129 611
1 78 80
151 143 162
129 119 7
2 83 303
118 110 571
0 144 1000
13 161 738
143 18 835
42 151 986
45 8 694
185 112 852
108 117 118
77 181 452
42 161 493
41 92 870
181 12 336
21 53 671
104 101 486
139 35 100
137 57 321
111 23 522
128 144 340
150 46 374
32 145 482
12 168 943
158 186 141
167 154 977
63 91 381
14 20 412
1 39 394
1 26 689
147 45 169
22 32 790
167 179 45
168 128 726
99 39 889
179 190 993
14 101 729
97 98 248
168 150 98
49 129 488
29 22 349
80 161 24
191 174 915
132 119 732
105 6 218
119 142 253
135 107 607
151 158 131
28 68 820
15 110 727
14 13 487
126 118 552
121 64 421
13 101 388
172 119 164
124 190 202
4 119 268
60 55 733
59 172 505
186 67 188
69 67 308
185 178 508
38 174 677
13 91 279
114 4 785
24 176 445
38 59 526
107 183 31
117 119 229
90 129 629
19 173 466
50 94 231
139 153 864
16 109 307
31 118 368
156 190 586
20 64 621
89 95 746
166 125 588
11 36 393
178 63 305
59 103 169
169 97 880
181 21 851
145 187 246
168 95 848
34 16 789
181 189 894
13 151 877
151 53 638
185 74 170
182 76 400
58 65 954
4 80 507
28 128 164
4 41 992
5 95 353
14 20 384
117 12 205
121 6 863
64 162 614
181 8 950
125 85 992
137 90 518
68 109 906
182 160 754
118 137 632
178 181 187
119 169 825
75 158 659
127 190 601
76 181 628
117 177 248
138 153 484
7 110 422
113 159 776
20 157 51
33 168 501
172 86 771
17 145 94
8 54 108
53 96 745
101 50 668
93 156 507
173 125 319
157 1 140
162 95 98
86 183 453
43 160 114
70 56 683
190 22 719
186 150 782
125 2 978
45 70 95
18 137 167
82 97 918
19 109 64
187 6 823
50 36 407
34 136 377
30 31 762
74 20 882
125 42 395
118 188 945
113 55 789
186 81 798
85 114 391
142 1 440
13 3 728
119 12 336
54 6 800
46 102 998
190 111 676
146 4 953
107 31 739
140 31 27
106 20 351
65 16 528
36 7 403
31 177 320
113 162 679
124 103 706
107 19 825
9 84 879
54 179 611
62 4 259
61 132 893
105 159 565
4 54 413
30 106 216
62 2 282
72 164 497
148 62 19
145 79 51
140 189 198
101 37 275
51 45 845
69 27 786
125 169 823
167 102 466
137 135 25
99 24 637
109 92 817
103 169 19
125 95 537
41 108 730
183 77 988
31 191 570
189 96 549
106 9 582
13 52 35
123 68 600
34 130 789
172 111 146
106 2 88
3 107 280
184 82 438
37 144 759
107 132 388
106 64 374
35 164 166
26 90 432
69 96 588
127 181 775
102 160 434
157 26 748
154 51 477
53 91 166
134 174 868
41 131 420
173 77 688
25 58 369
148 7 986
99 23 975
189 20 865
152 68 920
80 34 960
120 37 40
181 57 26
178 107 541
177 63 223
87 121 880
9 162 238
71 26 246
138 92 319
146 154 357
101 28 991
4 72 292
143 122 592
157 53 215
71 131 841
178 112 974
189 19 366
43 96 963
181 57 201
164 166 54
32 162 786
169 65 207
144 71 766
3 12 455
54 87 837
160 85 849
79 157 200
191 107 649
185 30 679
179 21 371
145 105 438
93 100 321
3 19 141
122 187 415
81 94 409
32 141 905
19 140 344
65 43 459
69 140 655
157 96 944
53 139 146
106 53 921
74 31 451
103 23 679
6 7 955
99 127 766
190 31 181
156 151 782
94 129 29
9 69 50
137 108 395
100 83 902
161 142 594
80 159 702
119 122 226
35 48 576
67 83 920
28 114 378
18 81 960
34 92 455
168 131 791
158 172 510
153 9 827
181 2 292
79 170 355
58 18 265
121 45 199
145 167 896
163 43 888
43 49 966
112 2 932
67 104 584
172 17 832
12 40 540
6 46 570
3 91 651
21 68 171
59 24 356
177 188 133
46 8 496
161 36 204
96 50 253
141 132 687
154 139 660
119 124 523
148 99 212
126 112 702
140 16 151
80 22 355
102 167 287
170 97 748
78 50 734
129 116 681
191 111 255
95 57 981
164 120 492
113 102 887
45 56 645
133 122 640
164 182 362
97 62 219
69 49 517
136 21 701
173 133 550
154 40 632
43 80 959
142 70 287
184 39 640
0 32 424
180 59 380
88 34 999
83 3 449
186 67 275
51 87 13
64 187 389
117 0 429
2 15 728
152 182 703
23 98 67
179 9 735
151 174 22
124 41 170
33 84 712
152 100 676
5 53 15
131 168 505
54 121 62
155 183 888
22 115 929
98 34 883
63 142 169
114 97 622
32 172 937
134 46 687
81 170 709
139 185 611
178 173 341
157 21 47
114 38 986
163 175 954
36 65 726
118 129 451
175 94 767
184 4 427
3 138 512
12 14 77
31 93 640
96 112 694
29 115 526
41 52 748
127 94 397
68 151 428
183 74 773
45 22 129
178 53 537
47 12 106
178 59 471
51 62 772
84 43 648
122 3 451
190 109 692
110 95 554
50 29 447
164 86 239
33 12 82
4 33 169
78 87 403
1 51 705
10 44 944
81 102 640
154 63 841
173 28 831
149 48 310
135 18 451
124 72 264
8 76 553
36 172 753
181 128 982
54 28 841
21 57 38
148 95 690
56 85 211
46 47 180
55 130 27
19 147 941
137 126 570
144 42 813
143 171 800
23 91 166
171 125 884
87 57 238
126 12 961
50 49 957
119 37 291
180 185 189
123 145 478
137 179 475
142 174 768
78 73 789
152 162 9
107 65 302
98 172 249
47 52 891
94 107 282
71 125 23
41 98 398
136 1 870
10 127 607
189 166 427
167 124 336
83 159 97
44 158 125
94 89 311
31 97 221
159 120 213
36 158 134
56 174 989
30 46 340
177 25 783
65 174 262
144 179 844
109 136 833
143 67 256
62 61 791
60 16 236
25 17 316
158 89 571
161 66 796
80 128 247
40 68 556
180 47 760
186 93 774
61 176 268
99 163 458
48 115 535
126 36 753
66 63 141
66 84 404
141 131 784
135 1 346
130 25 265
0 83 544
127 83 598
113 62 768
189 56 516
69 139 666
61 65 220
26 171 700
162 128 515
178 6 596
101 64 152
191 95 647
74 63 861
148 12 648
133 37 259
118 99 238
7 134 627
112 80 531
63 89 810
20 53 308
162 48 761
176 76 857
12 99 671
100 112 933
108 117 685
48 54 624
42 89 648
137 81 306
180 178 580
111 20 531
153 108 272
58 29 326
31 129 5
157 179 333
6 85 260
32 102 12
157 183 646
69 126 422
83 104 949
22 53 747
64 71 595
31 177 558
119 60 220
5 75 855
47 185 549
190 180 341
72 59 588
163 72 557
128 79 8
25 140 596
96 20 32
14 53 291
43 62 901
0 53 803
100 131 621
145 37 577
99 12 718
101 147 718
167 66 330
59 62 112
72 83 225
140 15 317
182 151 852
95 31 414
63 90 836
24 7 16
117 1 542
117 162 836
106 19 600
124 38 309
47 72 572
84 137 484
188 125 385
131 27 655
116 40 216
81 189 130
44 160 1
5 173 108
163 98 821
0 186 622
146 39 93
174 115 178
143 103 161
13 79 347
88 38 71
116 40 605
70 170 304
126 138 495
79 49 571
158 165 345
117 73 899
80 121 232
170 30 903
116 113 376
112 160 678
51 83 647
143 95 450
79 59 895
151 179 752
172 190 764
145 71 326
133 176 267
27 125 461
15 178 782
2 32 240
121 176 602
38 97 872
94 3 261
46 45 12
133 162 801
97 117 924
137 68 646
170 138 222
77 175 977
87 174 632
11 143 58
19 37 428
170 148 813
127 116 907
38 170 291
155 32 856
183 24 964
160 11 820
67 140 244
69 141 794
4 165 934
21 99 404
177 70 397
58 14 555
29 187 46
120 70 887
65 133 224
60 143 884
125 136 660
164 163 53
131 188 483
63 42 773
93 28 780
155 3 679
104 167 298
95 94 858
91 128 903
143 15 436
59 179 808
52 179 489
17 46 590
4 132 154
69 65 890
137 54 719
60 35 742
155 189 769
69 145 857
180 149 577
13 24 259
114 164 252
18 68 730
7 159 926
23 24 84
111 125 296
150 67 603
45 98 762
30 115 800
37 150 383
48 68 484
24 40 655
128 89 195
86 23 678
109 52 984
95 88 540
11 75 432
94 42 185
170 54 471
44 110 640
35 178 76
57 78 168
18 17 465
27 96 48
86 154 92
163 6 691
119 49 297
166 150 652
6 65 371
101 162 112
152 76 836
69 75 241
59 17 771
121 175 629
119 45 677
155 77 456
139 181 870
76 136 952
93 150 614
19 86 156
174 143 681
104 129 291
52 7 229
145 14 770
42 16 398
60 51 541
136 36 720
141 166 945
31 40 923
60 113 195
33 188 799
66 90 569
121 165 851
42 142 542
72 172 93
11 75 664
120 97 871
63 80 85
29 106 482
87 64 872
38 91 106
43 125 571
26 166 496
59 0 461
156 47 559
64 137 915
48 147 145
109 149 795
57 169 24
118 162 903
131 12 609
25 103 717
169 188 382
15 160 776
11 26 821
148 123 521
86 24 271
163 21 14
16 154 968
53 80 608
54 97 704
127 180 137
10 132 942
11 157 193
184 5 135
47 169 128
91 79 455
177 114 141
20 173 180
36 189 559
179 121 241
134 176 870
54 28 69
119 108 621
8 43 835
65 174 217
143 158 244
19 78 443
119 66 674
169 50 707
0 159 62
121 166 944
66 48 874
170 82 945
44 100 970
102 82 681
111 137 266
139 173 160
97 94 459
87 24 966
66 162 444
68 82 892
42 33 859
181 81 334
159 156 712
117 180 900
189 61 797
85 124 892
135 115 818
15 98 389
172 21 783
106 122 902
42 146 857
163 73 835
177 56 495
74 163 286
40 86 877
83 16 350
74 156 80
25 71 258
5 83 180
97 116 451
4 107 324
176 48 842
142 81 28
81 27 290
52 88 688
113 129 54
95 158 700
160 59 639
141 125 317
151 174 994
6 182 303
40 33 26
21 24 131
34 78 638
142 88 203
154 86 876
57 169 206
164 84 672
159 47 919
31 36 471
73 113 643
115 164 416
73 97 387
20 127 369
134 145 13
51 10 246
168 128 488
169 136 532
159 133 184
71 142 747
169 146 504
157 179 501
131 133 911
92 172 546
51 135 200
161 80 903
24 63 673
26 104 274
41 63 298
15 175 883
18 123 519
49 5 395
20 61 751
77 37 511
103 148 657
68 158 97
103 53 537
75 116 256
166 151 567
188 86 712
35 181 398
30 79 86
111 2 628
179 49 646
33 59 767
64 132 715
134 99 805
67 77 494
55 155 720
45 123 207
73 83 736
179 62 707
83 81 172
35 185 402
86 23 816
143 121 202
181 91 975
180 182 485
90 188 570
6 72 540
184 39 407
23 145 177
144 184 688
111 168 137
100 17 488
171 149 693
179 61 299
98 68 396
32 41 917
169 69 393
27 59 305
52 116 920
162 17 913
47 45 405
5 133 776
141 90 17
187 170 651
35 140 671
42 28 32
24 161 570
68 48 556
118 168 21
1 140 332
33 89 188
113 45 743
80 183 634
28 186 164
4 186 23
184 147 765
147 109 582
99 136 370
74 188 722
38 171 363
64 47 341
56 151 863
86 151 533
6 50 89
126 90 841
47 116 490
5 37 790
183 139 121
130 185 595
49 23 397
28 153 577
146 22 426
80 10 204
181 77 36
35 36 433
125 168 879
168 116 138
98 62 330
151 107 588
87 157 904
133 79 93
76 80 26
132 47 523
135 143 731
71 87 913
17 115 839
185 66 487
43 114 264
121 119 222
24 62 840
29 169 519
35 63 239
117 55 674
175 63 172
104 156 751
0 21 703
107 138 880
71 90 110
116 95 907
85 168 45
137 190 314
21 143 445
57 67 34
96 154 950
126 8 353
142 102 67
31 133 150
157 110 330
31 51 204
7 46 216
54 137 992
47 34 550
179 174 79
47 105 546
73 188 994
51 164 557
19 184 82
51 77 444
153 76 324
44 100 139
49 113 98
181 108 520
46 77 280
77 145 832
66 133 173
113 124 354
15 178 618
174 40 4
190 63 150
53 185 682
90 109 351
86 46 460
141 49 57
131 175 510
119 45 175
105 70 624
68 4 112
13 92 10
46 186 206
55 38 527
149 104 139
84 122 925
161 119 613
105 172 49
142 97 901
103 35 769
156 187 614
145 86 344
0 116 738
124 21 271
80 149 716
148 22 236
136 181 302
53 94 117
103 163 385
63 11 192
179 119 338
57 90 309
121 86 530
107 21 557
67 151 71
181 95 547
100 141 78
86 136 978
87 109 724
182 2 882
2 19 109
73 9 950
47 24 548
109 187 940
60 191 19
167 126 267
85 109 816
135 45 493
68 176 620
33 103 479
96 68 460
111 136 443
104 106 738
59 18 609
91 40 885
105 151 764
10 88 298
66 116 53
138 161 519
148 158 756
180 39 446
21 27 566
85 39 556
133 36 985
144 67 748
20 72 910
134 45 696
131 87 613
61 186 412
114 98 604
117 143 545
108 150 751
70 50 623
155 141 466
75 162 659
43 16 639
116 144 715
138 160 561
44 31 466
154 18 900
11 112 555
178 62 819
54 180 472
3 102 724
90 131 868
142 68 907
174 111 630
118 159 55
179 82 659
16 169 452
131 80 847
15 186 512
130 20 115
43 108 404
179 178 799
79 167 842
130 182 699
69 174 459
82 157 907
92 110 699
146 111 164
4 39 373
177 115 729
31 181 984
175 133 905
188 190 26
164 189 984
66 166 788
131 169 896
187 122 45
36 26 498
139 182 270
34 116 757
185 93 376
156 75 526
32 72 111
29 68 438
39 88 26
135 166 817
31 185 468
183 61 130
27 161 235
63 30 228
33 189 62
188 40 843
29 41 62
89 179 792
20 175 868
121 170 907
25 114 32
180 67 533
124 47 186
79 41 243
42 5 754
26 180 507
13 172 121
41 9 71
136 137 696
69 5 191
110 73 914
84 6 646
150 55 564
11 121 735
84 100 192
117 183 214
82 113 540
157 39 600
65 59 889
94 103 741
161 187 307
50 169 475
96 112 616
66 88 179
62 138 15
73 167 440
135 52 506
79 93 843
8 0 1000
84 7 123
145 72 396
35 91 408
173 65 593
56 123 923
30 166 326
95 100 69
191 103 670
185 175 465
48 135 838
32 57 438
90 153 609
60 150 340
108 134 691
148 163 339
183 66 401
108 25 66
114 170 924
48 117 267
152 102 977
71 99 27
34 10 77
8 169 21
24 151 746
185 147 776
117 81 350
128 93 338
86 141 13
174 7 929
124 41 360
39 48 463
134 92 999
111 10 715
64 125 948
171 6 367
157 6 426
106 98 783
126 31 322
46 93 774
95 121 285
28 0 327
133 81 803
0 18 473
15 155 17
83 13 635
119 40 756
110 124 665
122 73 633
84 21 106
161 146 672
64 107 799
104 103 348
164 27 564
128 65 664
72 6 34
104 154 929
106 129 643
25 104 194
93 136 379
63 89 967
58 91 273
188 42 75
47 93 299
53 168 951
118 87 189
158 155 538
189 166 955
68 46 495
149 18 967
88 167 131
41 142 970
166 167 876
142 3 634
136 87 173
117 142 620
2 59 956
86 4 152
11 187 480
79 12 829
187 55 647
142 138 681
93 105 855
79 149 286
29 97 281
129 43 789
150 172 222
137 122 855
45 46 758
145 79 281
10 129 912
5 149 83
20 151 450
57 125 654
4 67 912
20 161 18
176 146 722
117 75 988
103 174 49
68 119 952
127 101 59
71 41 501
169 9 861
60 51 780
177 93 703
27 83 261
182 101 14
107 108 323
16 100 342
147 153 887
37 11 301
162 145 203
87 120 320
38 20 611
162 59 205
74 109 500
21 191 268
105 112 436
33 87 338
184 65 393
68 0 293
56 24 701
3 39 980
164 1 549
114 182 937
54 75 962
143 190 618
1 181 441
83 69 119
185 130 396
87 130 829
46 118 499
42 86 284
10 2 879
45 17 651
82 10 313
26 71 560
80 76 845
8 135 836
142 37 811
149 66 267
20 103 61
129 101 660
148 69 311
40 120 303
168 143 981
108 148 582
93 113 846
170 46 137
170 132 875
28 143 841
128 151 892
7 61 385
45 185 356
127 39 250
166 72 158
53 31 874
63 160 91
26 105 886
98 152 221
122 173 983
141 23 267
105 99 555
166 159 567
96 110 452
171 121 519
159 140 562
88 142 933
191 145 613
184 76 990
61 9 226
138 119 727
173 66 79
103 138 812
154 84 156
145 102 460
76 34 840
33 150 747
119 127 542
53 29 575
120 154 132
142 5 648
68 159 191
14 120 100
84 143 494
123 14 993
187 141 279
184 100 368
56 1 312
94 24 684
32 143 616
101 133 719
2 182 456
61 39 338
27 28 5
24 172 48
62 88 416
53 107 731
123 4 181
121 187 323
123 103 514
159 109 27
144 182 300
140 158 283
179 144 13
149 158 617
108 100 647
4 46 703
94 100 176
155 70 80
190 10 514
188 108 467
156 109 865
162 14 149
84 15 999
159 148 471
100 128 399
178 80 732
37 133 197
20 80 585
134 93 817
79 63 638
60 75 772
184 141 102
76 149 918
78 143 585
186 160 513
155 33 952
64 91 295
114 132 271
71 57 291
76 16 195
53 49 387
139 191 470
28 142 623
21 171 589
23 58 958
191 175 260
34 9 802
90 27 515
169 129 150
186 39 352
63 148 465
90 70 803
86 146 187
187 151 273
185 6 876
10 145 794
102 60 844
130 94 861
187 50 752
81 140 18
26 169 145
162 4 583
61 20 139
44 51 994
91 98 219
167 142 180
9 96 26
40 153 346
19 172 73
172 178 620
97 177 423
63 168 945
103 128 916
132 113 840
69 148 6
152 12 772
68 178 427
138 140 294
88 55 966
102 118 654
157 169 897
143 87 133
107 58 580
36 69 215
127 63 754
40 50 710
90 151 690
51 7 202
67 61 334
26 159 609
154 185 846
153 101 95
106 125 485
171 53 863
29 95 551
95 101 682
15 101 624
79 58 354
149 178 50
14 82 990
61 4 425
51 150 839
28 51 355
142 127 2
105 19 945
50 108 325
125 67 342
100 177 223
130 18 552
26 12 540
148 85 269
78 99 242
44 132 619
33 11 675
153 63 755
133 107 724
148 17 998
177 187 575
131 32 326
87 2 908
38 128 609
149 190 108
15 182 700
39 169 277
33 151 271
8 62 59
168 7 20
75 47 986
20 23 922
97 0 856
169 113 612
73 88 907
105 95 930
37 94 725
6 89 538
118 97 770
39 165 934
49 91 991
82 53 676
52 103 135
126 148 890
74 89 92
98 191 778
14 109 525
2 14 71
139 46 159
22 63 19
58 132 79
130 70 97
115 29 809
64 59 868
51 141 346
58 128 793
144 40 340
102 69 76
56 35 784
108 49 924
148 11 974
43 41 932
46 29 614
86 118 803
123 139 288
146 186 236
22 120 443
4 59 586
29 181 297
171 64 377
51 25 542
77 50 693
94 43 467
142 136 250
68 184 371
35 181 605
56 160 849
12 16 377
162 33 185
11 65 425
42 45 787
47 22 414
126 157 475
181 152 272
136 4 22
94 4 327
129 54 514
45 58 83
103 137 804
171 3 420
135 160 459
119 72 247
107 7 428
112 33 142
2 59 562
1 126 705
182 8 767
92 103 542
48 61 35
185 83 907
55 7 696
85 68 763
2 181 833
135 119 116
21 71 846
190 23 358
17 50 933
94 177 229
127 14 480
32 37 391
70 139 268
179 155 110
26 179 4
46 97 546
13 129 158
24 68 782
14 27 837
40 153 596
190 7 807
170 105 290
117 140 776
169 138 894
81 170 819
109 88 30
105 96 802
133 74 716
132 20 803
129 106 887
177 35 721
19 86 214
148 51 526
53 35 82
144 127 893
146 0 829
29 63 31
66 176 70
50 92 314
174 191 994
23 97 426
154 4 301
124 77 556
169 26 888
117 183 345
38 152 648
119 173 478
159 186 761
100 124 705
87 70 657
96 144 344
43 148 718
102 141 61
92 10 866
87 93 523
174 56 431
81 143 700
59 93 795
171 65 916
54 65 530
176 53 604
2 54 882
134 135 938
3 33 9
189 166 634
100 38 219
130 139 356
173 81 203
64 4 684
104 87 992
144 85 724
170 26 668
16 143 381
68 106 602
73 74 73
180 75 463
45 112 829
145 51 342
92 134 941
16 63 929
126 155 683
31 154 899
90 142 203
177 17 737
52 84 168
177 88 616
169 2 181
40 147 149
154 64 37
19 178 84
86 115 774
98 12 115
42 55 385
95 100 587
96 117 456
166 104 992
35 79 305
90 169 460
150 89 603
146 87 26
79 115 343
42 155 429
95 39 942
69 21 491
138 106 752
31 135 669
50 19 493
83 128 473
3 169 631
40 16 950
107 100 4
75 76 737
168 189 493
124 120 793
65 41 345
174 90 103
39 91 653
79 134 535
156 33 377
118 110 909
152 78 645
53 137 312
139 175 689
72 136 543
63 4 304
32 131 906
27 127 797
64 82 248
117 62 625
57 105 775
76 66 15
96 191 28
46 154 961
101 143 563
37 73 613
29 61 450
93 135 889
158 106 752
111 71 270
14 136 372
60 13 635
116 118 9
7 48 62
186 103 174
113 190 666
104 190 64
149 113 621
5 124 552
84 68 490
44 130 796
33 84 358
126 189 313
84 145 370
129 187 290
140 59 812
80 136 953
191 101 517
53 2 639
164 61 295
75 26 345
104 136 647
0 87 584
153 104 61
87 103 779
43 77 676
3 135 622
148 92 468
189 77 785
149 6 308
101 45 633
47 137 612
26 107 660
39 18 426
146 98 104
71 142 131
168 87 514
2 72 468
25 56 714
118 182 40
114 53 971
101 135 957
106 103 604
37 152 250
29 43 898
90 164 85
114 147 936
69 18 281
150 120 300
183 119 826
155 46 903
102 106 50
100 108 88
136 138 631
43 127 963
105 9 777
82 123 378
147 39 362
0 141 283
88 30 255
129 115 612
60 68 780
46 30 27
29 20 580
145 148 803
144 22 377
191 96 639
87 184 126
50 7 674
37 184 94
77 49 677
80 179 920
19 111 382
39 63 162
5 130 117
147 103 575
173 35 486
182 100 797
3 94 446
98 48 102
53 133 94
179 84 692
13 146 221
14 65 538
101 180 840
34 31 22
182 45 52
104 97 239
47 38 447
50 67 753
153 175 269
155 73 474
69 25 992
32 29 749
183 71 155
164 165 617
143 112 254
2 180 490
54 60 772
161 44 109
114 99 425
104 42 469
127 118 596
78 100 728
2 86 411
102 136 917
58 158 977
151 190 770
76 83 505
181 108 147
177 40 990
15 18 14
74 91 905
63 154 911
72 122 142
135 191 842
108 31 213
1 164 464
29 173 464
66 43 740
135 148 372
147 191 115
73 120 682
140 155 928
165 45 176
141 109 996
186 53 675
50 183 975
177 107 937
138 136 66
179 3 441
84 164 514
134 150 68
23 185 124
42 19 499
30 134 756
155 151 624
173 62 170
69 71 100
31 25 679
21 38 70
98 25 438
57 61 605
121 51 245
177 37 619
166 164 152
135 178 878
190 33 903
84 87 772
114 117 448
28 138 593
99 35 619
185 179 390
132 55 822
13 53 667
21 14 478
62 90 545
13 15 373
52 115 1000
113 6 162
83 176 927
180 111 550
115 0 882
90 93 770
137 142 6
60 3 872
75 148 702
108 20 777
123 157 583
9 189 653
161 138 259
148 51 337
100 135 545
73 135 671
149 169 952
10 79 24
69 80 254
182 77 369
135 71 825
94 97 517
121 73 169
63 45 843
111 17 533
183 6 632
159 108 177
79 5 20
32 176 39
98 95 40
43 11 798
46 159 419
162 79 823
79 143 591
17 43 134
76 67 624
177 64 981
95 147 881
87 54 915
101 161 725
159 68 698
98 138 674
62 149 997
6 162 18
138 50 738
165 74 149
149 36 799
118 82 997
66 183 618
47 35 434
163 71 527
121 179 896
66 4 402
20 188 463
183 162 574
118 105 812
82 142 71
106 143 752
21 46 609
129 70 899
126 55 344
97 139 250
71 174 651
59 123 219
190 83 851
119 141 65
70 73 929
158 162 917
42 141 212
145 66 522
76 58 944
29 114 661
96 113 849
109 37 523
0 171 582
48 71 357
124 11 197
123 153 167
5 40 291
118 149 882
60 180 535
148 107 735
103 55 914
124 114 351
183 181 942
75 46 459
170 140 81
34 133 855
128 13 163
168 59 542
121 34 698
166 87 125
36 149 771
187 140 615
112 46 325
0 61 800
4 76 688
21 188 540
79 53 667
117 103 474
153 53 483
25 38 330
4 70 137
48 80 479
139 101 793
121 160 481
92 138 78
147 10 338
180 161 679
133 155 483
142 63 801
20 109 90
127 44 51
101 97 915
108 139 819
10 36 875
96 167 968
48 51 275
111 53 694
144 93 242
55 89 325
157 5 94
101 183 808
137 83 400
141 87 155
94 31 389
129 119 999
10 1 646
114 6 50
148 25 837
72 92 330
94 110 649
186 132 751
37 187 294
28 70 16
107 87 765
28 172 701
114 120 878
175 158 153
122 70 541
174 65 756
173 78 949
142 148 102
92 117 522
71 43 298
79 67 355
79 112 6
113 103 353
121 165 101
174 71 644
32 135 640
75 140 726
49 0 906
181 41 724
54 150 159
55 150 886
118 8 694
118 64 982
87 117 598
36 37 515
3 12 125
98 32 791
12 42 120
37 147 328
138 4 644
97 125 519
175 166 747
89 37 379
143 84 824
68 40 720
84 17 283
151 89 198
54 145 32
108 135 497
21 76 140
138 189 696
124 159 909
13 177 100
81 54 356
85 162 207
123 152 467
165 49 852
48 98 344
110 105 868
76 163 85
36 164 96
174 162 197
188 52 707
52 116 423
170 53 749
20 68 731
3 71 860
172 21 891
75 69 593
138 177 510
50 120 453
3 85 897
103 43 609
18 45 335
148 133 856
103 88 532
44 162 394
152 46 248
153 76 278
140 66 857
114 9 489
45 162 621
72 160 766
172 9 602
58 75 967
27 137 718
140 62 925
53 94 345
11 39 420
90 115 185
161 102 723
73 0 520
49 147 814
169 94 53
161 15 782
103 102 812
27 66 959
63 55 866
183 123 646
112 79 601
24 77 192
41 180 421
103 113 646
76 111 616
183 118 982
118 83 151
0 145 651
115 0 301
129 80 432
149 57 134
40 73 379
15 171 517
92 4 323
136 114 564
75 174 244
71 26 452
6 117 754
57 73 732
39 175 63
96 163 284
179 10 909
51 77 548
191 171 273
5 27 481
141 84 365
51 104 476
34 41 541
174 125 905
78 14 200
164 99 661
94 176 672
101 125 441
131 139 688
114 66 53
143 53 297
171 182 522
39 117 147
62 64 63
71 185 588
2 116 978
98 119 470
184 48 584
33 189 794
140 167 967
102 4 451
82 57 381
46 148 96
89 109 845
174 185 908
152 116 177
130 96 306
71 131 336
27 103 171
101 108 772
164 33 787
10 16 85
115 116 496
121 122 893
89 112 155
148 22 883
126 103 342
46 3 992
84 146 564
150 189 319
135 10 331
18 88 763
133 111 579
173 70 220
117 50 698
86 177 74
67 106 806
96 145 304
12 98 30
172 13 604
30 82 959
142 83 299
76 151 317
55 178 557
78 190 620
46 160 563
45 102 487
164 4 11
186 127 145
182 153 746
189 7 594
158 77 861
45 55 61
165 187 329
31 189 28
166 17 861
164 79 717
165 12 69
169 23 140
9 20 247
181 142 783
17 42 903
96 150 221
52 114 19
101 13 478
93 122 593
155 57 640
42 33 364
80 143 86
27 178 316
122 158 981
158 14 284
125 181 165
34 75 702
74 7 46
163 153 607
134 87 245
17 15 584
128 133 384
136 119 540
41 55 657
58 2 574
86 57 383
137 171 595
54 87 755
34 120 839
78 190 557
39 169 288
30 114 430
46 124 436
73 106 38
97 17 167
156 143 990
96 161 341
75 60 659
5 11 368
75 122 73
7 111 222
22 24 114
38 76 522
140 20 329
61 179 944
105 54 358
57 109 821
89 147 184
82 42 820
28 33 953
2 171 407
51 12 608
143 148 370
162 100 186
112 71 441
45 115 997
158 90 215
34 72 853
17 131 307
27 173 616
141 164 284
123 128 54
40 127 34
35 133 194
57 130 131
27 174 657
98 182 731
38 130 675
80 124 469
131 70 825
48 33 223
19 97 861
183 64 542
162 25 115
183 47 823
16 167 361
19 176 657
20 54 695
170 39 658
14 150 597
172 14 872
62 113 554
64 163 826
113 8 503
116 76 787
79 14 387
9 177 197
32 161 881
46 188 922
29 127 895
164 144 568
183 102 602
114 89 669
163 17 4
148 77 543
15 180 886
84 185 23
155 45 919
185 0 367
47 19 867
45 89 643
133 3 243
34 111 156
153 176 160
58 10 390
187 9 935
71 134 455
59 113 379
105 69 612
183 42 97
156 184 513
121 171 383
59 80 231
43 3 949
73 61 299
27 120 15
140 20 681
4 143 180
127 49 510
32 44 378
118 69 738
131 43 107
173 79 246
103 110 699
28 181 708
129 187 490
88 144 922
190 43 734
75 62 620
69 116 54
80 42 559
82 109 858
2 146 299
76 188 388
6 112 123
58 18 670
27 169 586
29 116 594
131 75 551
167 161 179
11 78 731
79 159 835
188 28 156
180 127 458
140 15 812
161 34 742
137 182 6
14 7 683
98 135 142
188 115 428
189 67 702
73 0 91
131 145 915
144 152 901
87 187 362
71 112 945
152 147 983
145 141 598
159 3 280
77 21 388
168 109 245
85 15 161
20 177 144
108 60 723
93 5 305
148 127 561
9 34 440
80 51 282
39 185 69
4 38 992
151 188 865
113 96 669
68 40 708
23 31 319
181 142 96
157 60 883
42 37 516
26 28 985
45 138 823
38 162 145
4 129 552
52 7 93
176 99 338
117 73 953
96 59 211
64 81 703
144 166 587
152 61 267
79 47 897
80 105 958
164 100 207
160 85 874
33 109 56
138 155 530
16 156 881
45 3 953
13 128 27
151 4 63
191 133 738
191 183 49
21 90 837
170 132 721
85 114 862
29 68 811
109 40 996
185 73 277
76 87 711
80 28 730
46 41 29
59 26 528
52 114 783
116 51 765
158 161 64
22 75 620
77 141 58
114 182 514
96 115 704
163 69 412
75 104 774
19 175 358
134 84 114
146 185 153
46 123 304
55 63 810
119 99 992
48 170 292
68 161 812
108 127 601
6 94 786
80 28 155
68 154 273
162 188 941
90 56 873
78 165 65
17 176 543
66 21 792
59 79 289
54 86 454
17 129 70
101 60 398
8 130 218
139 142 909
176 164 988
170 14 231
186 166 290
173 163 12
189 45 987
169 24 52
156 33 409
155 54 429
39 147 573
77 48 608
18 23 514
30 26 266
92 186 916
71 180 814
11 10 762
142 169 136
135 83 786
100 105 594
13 134 95
182 44 162
45 40 666
7 187 159
163 66 31
28 172 941
108 60 42
123 85 608
173 11 75
36 162 372
88 23 574
169 165 956
141 161 775
90 64 185
186 40 50
112 183 521
113 44 112
150 33 36
110 12 227
25 179 993
10 17 618
66 92 208
96 52 411
113 125 659
145 102 804
0 168 744
172 171 999
122 112 721
120 77 593
48 52 928
88 61 535
130 63 807
60 101 373
22 143 231
119 187 314
156 176 340
77 163 697
160 119 842
99 36 218
181 63 681
31 7 620
78 9 667
159 166 691
70 148 286
25 51 160
50 140 905
143 75 356
48 40 253
96 158 469
31 161 105
30 119 744
46 66 807
7 110 93
167 19 257
179 150 493
108 146 500
93 108 156
133 191 180
88 155 910
125 48 447
91 152 923
98 168 801
112 107 254
177 123 637
113 101 248
59 34 230
155 161 603
76 88 454
180 7 925
40 161 618
177 115 197
91 142 533
110 113 267
64 102 136
96 122 298
106 68 683
74 35 233
97 78 503
171 152 655
25 159 465
34 104 502
19 63 70
71 122 541
148 2 978
47 37 31
21 183 468
28 5 206
169 107 47
148 182 649
58 116 966
86 18 37
175 115 409
24 177 153
160 62 527
170 35 831
90 0 112
115 132 331
1 123 601
36 170 796
47 2 908
28 180 127
6 42 412
53 187 507
63 112 973
51 96 280
22 6 433
159 164 305
49 83 618
94 165 745
34 127 97
91 150 30
150 78 468
53 85 352
22 15 536
161 182 576
174 67 710
161 27 344
164 44 671
142 74 526
132 94 178
12 183 950
182 163 353
103 139 476
41 52 619
121 26 670
120 14 380
4 139 917
25 11 11
124 102 278
71 164 322
145 11 510
175 6 840
139 77 561
3 118 645
119 37 631
79 32 384
187 11 782
53 66 564
96 153 268
88 94 166
15 9 919
101 168 494
32 126 145
138 79 172
88 110 859
129 120 648
15 131 115
98 46 784
80 186 967
87 29 700
151 27 393
24 176 472
139 89 671
183 35 741
131 94 148
187 94 135
73 142 989
42 5 656
138 96 179
188 6 747
106 130 235
75 74 677
3 183 152
83 172 316
11 71 259
123 64 997
76 82 905
8 90 661
135 64 359
120 93 932
155 177 389
22 72 900
82 102 706
83 187 749
107 184 744
178 114 366
59 44 842
136 119 867
12 100 244
50 125 4
135 138 603
112 45 716
144 40 62
145 142 113
173 30 641
154 155 344
149 89 458
87 176 181
187 55 777
128 151 416
124 141 579
93 167 587
75 180 916
29 118 482
173 75 441
119 93 518
42 18 426
163 132 113
13 99 176
52 113 395
14 76 47
83 162 707
134 101 914
135 95 367
187 35 317
46 72 443
57 54 266
16 24 72
121 5 310
79 32 445
10 135 398
61 104 401
188 82 404
163 67 288
80 167 750
18 5 126
26 130 662
120 156 30
96 129 142
145 131 7
106 171 345
186 94 839
189 168 973
124 25 386
70 104 90
5 107 340
166 86 625
189 23 145
38 28 484
28 75 281
67 188 41
47 176 314
159 28 930
0 78 234
118 59 885
126 166 516
63 114 498
35 72 183
3 120 701
113 158 990
143 70 587
67 47 667
100 150 243
145 9 987
45 96 838
92 27 190
180 69 175
106 115 698
141 17 893
62 33 714
189 64 54
183 116 66
146 56 362
70 149 227
104 156 823
163 121 490
150 105 479
176 99 401
136 132 339
114 182 502
59 176 669
145 18 920
76 9 648
6 179 909
51 123 843
42 29 687
71 158 105
6 56 728
27 159 661
32 182 789
38 106 748
33 30 524
56 122 183
80 160 528
182 62 33
57 188 863
149 62 973
135 176 657
23 110 955
163 51 817
130 21 984
88 40 290
73 67 950
84 30 722
113 104 423
14 185 399
25 86 300
94 98 681
55 67 623
137 28 675
49 129 604
32 86 436
36 27 169
109 84 738
1 120 537
5 150 370
8 56 535
62 74 332
22 60 411
43 50 22
12 117 626
143 78 322
189 119 821
44 54 734
177 173 940
33 110 770
156 107 396
65 30 817
176 121 781
16 126 957
150 77 247
139 161 351
118 156 732
177 44 720
97 55 73
180 95 857
130 72 955
128 5 600
46 2 496
187 176 993
165 2 312
61 80 247
187 185 735
85 82 509
31 41 428
94 13 915
1 50 263
55 182 596
90 28 634
167 19 286
189 128 942
121 112 202
140 130 974
94 140 561
102 76 51
157 129 808
117 107 238
98 151 107
50 137 447
182 11 924
121 92 762
36 1 94
13 142 496
108 89 664
164 49 204
117 168 225
31 70 11
100 80 206
129 36 452
6 181 792
65 75 942
68 63 984
158 115 628
55 124 656
4 25 33
28 6 981
166 165 930
15 58 48
102 38 952
106 46 783
99 117 367
82 50 793
154 22 663
189 13 513
88 80 123
55 110 783
59 20 49
129 91 542
64 129 139
128 22 712
21 5 286
99 95 861
46 117 361
109 54 9
23 30 904
18 183 184
136 33 301
81 154 377
33 93 129
174 16 939
169 8 110
78 134 173
47 93 339
70 107 369
155 160 495
36 28 83
39 75 333
66 16 121
183 93 568
44 22 860
77 61 750
168 153 231
98 142 491
42 37 801
72 106 9
130 38 111
44 172 191
136 109 838
24 124 76
164 97 748
79 58 925
103 166 597
95 73 110
20 181 695
73 142 660
88 89 41
81 41 380
11 88 227
31 55 723
177 60 467
130 169 158
160 121 628
184 191 979
3 51 243
147 165 60
77 144 695
90 88 303
175 108 821
0 188 927
146 10 660
140 91 841
160 158 307
17 166 103
126 150 72
80 115 914
92 38 953
35 168 616
148 150 879
68 162 573
124 7 364
26 111 553
82 109 726
93 34 592
130 133 357
46 2 706
149 106 615
135 52 985
145 37 411
23 90 311
97 150 293
164 127 18
128 11 253
158 84 479
70 168 342
40 86 176
144 120 516
10 143 971
101 139 96
86 100 262
69 168 784
44 25 476
24 16 939
98 172 473
153 141 689
15 10 165
55 126 982
107 49 63
19 178 343
71 60 177
64 186 62
156 189 785
126 119 644
157 90 738
151 157 145
38 6 682
190 173 413
157 93 622
179 89 264
36 179 539
69 22 17
69 29 703
97 79 210
84 133 461
171 3 321
18 140 335
171 185 941
118 25 714
35 146 262
112 6 165
153 54 366
140 82 200
18 75 368
5 12 271
32 63 138
117 156 788
2 31 451
99 88 205
33 174 349
47 83 639
60 5 621
17 82 599
144 46 295
47 139 607
124 122 67
125 104 108
190 139 855
39 113 461
6 155 258
8 132 311
57 95 775
92 23 190
30 169 737
118 159 791
151 94 102
170 149 296
29 160 724
56 123 314
27 71 860
94 20 980
167 189 636
32 183 358
54 111 479
183 109 34
129 147 939
169 131 269
119 179 844
65 54 686
7 145 156
104 186 795
6 3 481
87 37 125
67 27 112
27 150 959
82 14 919
59 150 724
97 11 716
85 134 435
148 21 709
155 175 45
71 139 197
75 101 1000
115 152 167
107 171 294
74 153 390
6 12 835
143 31 909
99 124 753
131 94 641
110 143 709
98 175 503
29 18 842
8 52 619
183 13 714
8 17 126
148 1 376
190 123 827
179 168 825
104 72 470
66 135 267
20 30 225
187 92 876
179 151 86
31 116 390
83 112 155
67 180 36
146 53 114
187 106 554
25 166 371
66 32 971
37 86 903
127 76 335
172 185 869
3 106 190
46 95 573
13 60 16
179 34 725
147 143 222
149 174 323
186 5 194
8 185 958
79 51 915
140 90 197
32 183 746
51 20 562
117 172 836
184 62 775
155 37 351
62 108 984
168 94 456
153 50 621
28 79 910
67 184 140
168 116 617
184 67 43
5 88 185
3 164 193
129 27 257
161 106 390
118 16 377
27 31 914
31 61 692
9 78 286
150 98 122
75 10 410
179 53 154
35 190 583
117 134 834
135 55 622
76 116 713
59 43 406
166 153 102
124 119 387
80 102 780
3 10 883
145 144 303
119 73 355
154 123 658
13 17 54
94 21 235
172 41 209
187 137 212
30 83 159
6 118 140
154 58 652
24 149 650
43 1 87
128 191 264
20 26 519
101 184 251
101 69 531
77 49 614
163 9 726
132 103 831
55 5 166
40 148 736
143 62 597
134 148 347
88 186 134
21 176 474
69 14 450
4 57 312
4 179 679
13 97 815
26 130 107
97 59 609
76 50 453
11 16 787
54 188 978
166 179 383
21 170 575
191 70 242
22 141 324
131 16 219
167 154 517
21 35 588
176 94 144
102 33 87
99 82 298
105 180 730
66 1 804
66 184 777
95 73 13
82 42 912
172 28 994
103 112 174
21 31 241
143 47 48
2 186 322
129 23 279
191 60 670
26 91 432
167 54 33
55 48 314
7 141 503
80 141 128
27 76 591
169 24 695
34 96 51
2 29 52
158 69 662
78 144 486
68 36 32
100 118 561
181 7 325
176 162 850
54 71 9
151 72 359
146 64 468
78 101 692
76 116 769
157 98 506
152 117 930
21 36 647
187 112 369
33 166 957
133 180 322
2 36 235
16 24 764
104 159 253
49 154 563
96 75 9
131 130 946
32 181 791
122 73 902
162 36 602
113 54 290
76 9 967
75 113 426
37 135 803
176 143 768
81 163 317
122 130 700
12 30 730
133 187 503
40 16 948
22 116 178
0 75 262
58 84 977
168 17 817
74 123 925
11 109 910
19 34 353
55 182 805
36 147 934
25 138 632
38 55 283
22 145 929
183 108 697
83 143 44
18 45 898
79 143 141
39 122 718
160 59 973
16 70 247
131 105 804
139 99 470
129 35 396
46 41 90
28 191 590
117 14 546
16 86 913
35 125 689
84 14 898
150 13 967
94 41 750
132 172 703
40 0 767
69 111 349
175 85 314
28 191 439
101 42 87
167 44 151
91 133 415
34 25 350
84 155 544
48 54 412
138 117 665
140 90 942
141 151 279
80 32 420
20 61 684
137 25 575
159 43 754
113 118 14
60 51 905
19 6 857
96 34 489
38 34 805
80 55 196
107 162 621
157 158 514
38 190 338
39 16 485
166 36 658
167 74 759
190 66 748
62 60 513
173 179 532
127 180 894
14 148 124
56 142 764
139 2 367
40 127 292
114 47 797
184 57 293
166 84 882
144 126 253
73 57 945
165 49 302
24 85 255
163 36 379
155 174 486
130 121 783
95 153 631
53 160 378
92 43 790
49 128 783
120 124 356
81 14 893
21 96 510
11 173 510
18 30 174
106 144 720
42 28 694
101 2 778
166 2 143
38 3 225
191 165 802
37 139 477
75 18 835
85 84 85
127 17 592
130 100 90
90 38 992
60 67 905
31 163 880
148 98 981
15 66 856
10 16 588
122 174 662
75 98 280
99 146 964
100 89 101
176 106 467
144 1 691
104 126 709
25 62 354
115 171 907
45 10 43
37 114 365
88 160 207
185 52 895
16 6 377
88 64 258
65 1 174
7 49 391
183 35 664
17 107 454
101 59 557
29 9 196
110 75 846
176 133 950
18 38 934
76 89 546
59 139 371
67 64 533
141 83 879
89 6 542
99 164 231
7 75 493
172 39 979
148 178 88
14 122 629
2 154 186
131 94 241
67 24 175
14 30 853
130 145 258
132 101 912
108 58 76
70 66 367
61 130 77
107 27 29
10 190 165
46 128 683
141 90 829
95 44 467
24 160 256
123 80 308
142 99 74
156 18 714
187 139 505
99 141 261
158 170 341
21 177 748
87 73 298
7 170 980
57 73 406
95 150 392
121 98 413
178 190 202
184 136 405
143 85 514
36 9 879
70 177 596
109 101 210
173 134 386
130 56 780
63 11 228
100 123 225
10 34 98
49 166 826
87 96 128
64 135 758
181 70 716
175 22 252
81 161 171
56 14 1000
19 76 32
44 152 660
26 74 970
117 163 357
148 9 67
51 150 861
146 43 190
82 77 307
74 48 868
125 12 12
49 158 264
56 141 174
28 73 209
26 34 874
77 141 307
156 6 267
160 86 574
68 93 504
0 101 419
95 62 728
143 140 719
74 121 757
110 35 698
9 73 662
25 49 187
158 154 16
109 64 75
106 141 196
97 159 201
132 106 286
6 68 807
21 104 641
75 92 479
32 4 456
97 109 836
66 183 549
186 93 797
98 150 604
133 67 741
72 56 493
30 158 905
152 14 981
133 2 732
124 24 90
113 39 877
89 115 729
127 107 148
178 80 268
10 166 491
146 92 981
134 112 507
150 112 192
147 108 289
119 4 104
105 1 725
110 6 644
93 14 216
15 68 419
83 128 171
119 160 939
155 33 742
100 99 1
89 133 785
97 53 441
179 26 509
142 16 847
27 23 142
113 42 693
120 73 547
164 184 458
9 48 734
123 121 646
124 184 753
6 187 888
144 116 924
65 117 292
75 45 984
145 0 606
21 118 371
179 50 764
186 65 205
41 176 261
38 46 403
76 72 759
166 99 494
36 72 944
186 4 768
14 126 983
65 117 885
161 79 942
85 122 997
98 139 168
14 73 634
108 47 679
86 129 815
151 128 199
118 1 701
148 104 590
84 98 661
62 10 993
59 73 602
84 104 186
106 143 974
103 28 587
81 187 102
34 191 834
157 77 131
2 178 121
84 86 622
32 118 652
91 137 443
93 120 614
28 34 631
36 71 433
108 189 996
190 18 608
116 44 265
110 47 497
45 5 718
37 61 53
114 97 949
46 103 109
0 74 580
41 155 933
168 82 46
56 58 237
8 18 755
116 85 581
65 140 885
141 184 64
152 107 101
36 33 342
47 90 572
79 145 458
52 58 23
72 107 488
9 97 373
72 70 350
120 172 285
125 25 494
185 158 155
32 64 953
93 128 111
171 47 447
27 7 679
33 11 616
98 119 53
104 25 222
41 131 86
49 37 902
144 97 797
176 16 360
91 16 686
84 120 229
30 142 989
134 156 160
148 185 608
35 47 71
188 86 219
179 128 432
127 185 759
85 44 913
180 13 633
161 60 710
128 183 351
176 160 76
51 78 886
91 116 712
15 39 378
85 60 137
173 171 455
44 182 462
167 66 916
173 11 759
39 183 37
26 162 491
99 170 679
60 42 131
22 184 239
70 43 384
114 37 377
72 151 700
173 53 272
106 66 549
41 61 434
46 0 758
95 130 824
90 147 39
121 122 819
59 0 519
103 97 313
14 171 22
2 23 233
113 173 428
37 165 544
39 174 140
157 5 117
64 133 147
104 30 541
66 15 712
9 63 252
13 141 402
167 164 934
87 36 889
61 27 437
131 43 877
138 134 382
93 76 426
136 19 728
78 39 420
30 104 501
146 6 482
14 102 617
48 7 531
156 114 257
31 86 432
35 101 385
117 141 906
156 170 183
160 92 395
142 146 17
137 86 731
163 42 665
10 59 7
164 107 652
177 89 658
78 118 149
45 170 499
71 141 728
158 129 335
99 110 175
97 99 551
67 187 617
37 112 784
187 169 619
6 110 459
12 71 346
19 25 802
150 42 98
173 146 794
30 144 833
165 1 607
3 52 191
91 31 140
121 50 262
29 91 650
49 0 142
51 98 819
63 133 895
121 70 270
159 87 841
59 174 957
117 67 307
6 44 388
37 67 760
64 12 904
28 85 194
25 128 460
38 39 619
28 135 572
178 112 742
37 92 228
155 55 686
158 95 673
144 34 495
112 62 668
132 138 649
145 80 440
42 49 681
167 165 411
117 19 186
28 133 839
166 43 994
154 85 227
67 118 169
81 38 150
162 1 531
10 44 175
18 191 654
11 4 350
14 20 597
166 103 301
69 54 138
55 166 929
41 90 45
157 126 152
9 151 392
60 185 340
100 163 94
21 31 925
135 102 367
126 160 41
25 124 322
2 18 197
172 102 943
132 158 841
110 190 164
154 50 315
30 50 804
129 164 334
147 39 949
44 140 684
133 45 834
57 4 510
29 46 785
152 30 180
59 27 846
130 56 890
5 93 181
98 182 912
155 154 54
114 151 894
10 95 952
40 109 758
42 51 230
32 158 227
39 162 451
187 71 113
172 18 959
11 159 960
185 31 846
17 177 41
141 28 53
160 82 375
56 125 976
96 95 880
50 104 837
159 124 604
152 91 227
143 8 496
100 142 632
165 72 135
132 117 971
14 8 880
97 99 287
141 169 898
191 166 601
77 25 270
71 143 876
56 112 750
31 148 664
18 117 815
166 61 553
116 120 679
48 178 499
43 147 426
169 185 289
2 180 455
106 168 448
75 69 844
104 159 89
184 154 944
23 22 877
58 51 140
86 184 233
141 55 843
76 125 966
44 127 375
138 167 292
124 87 213
9 135 953
59 189 143
115 9 273
136 86 433
184 101 718
184 86 12
101 35 428
102 144 184
72 159 174
100 129 998
67 125 45
64 106 340
172 177 223
133 165 225
16 20 380
158 3 52
60 153 193
91 86 823
31 52 607
104 67 673
46 54 9
122 178 788
155 108 737
79 134 447
57 147 751
186 32 811
123 35 807
147 44 927
144 138 462
81 110 159
142 145 57
37 137 945
127 12 744
10 77 236
39 144 35
117 172 327
108 133 579
151 114 637
45 152 230
79 86 403
115 36 781
9 18 14
10 145 471
38 66 298
167 65 479
39 2 290
118 75 602
187 83 321
42 32 616
165 113 528
167 17 836
31 103 654
176 90 105
179 139 47
160 164 459
93 190 897
93 100 913
126 117 393
27 140 35
124 78 897
128 47 861
124 39 404
92 16 863
168 46 715
116 55 870
40 50 292
155 14 433
121 101 108
91 32 430
22 87 588
86 110 928
84 23 288
126 3 528
168 137 29
57 184 92
54 20 170
140 143 491
166 135 254
115 78 520
87 5 147
181 82 411
51 32 841
159 124 667
51 60 1000
107 96 981
99 77 559
19 179 276
109 159 323
62 19 245
179 109 938
144 157 353
85 184 659
25 185 550
89 168 769
15 82 243
145 164 432
165 84 733
2 107 274
108 176 169
96 158 526
1 2 946
34 3 984
58 81 582
129 47 746
36 134 677
108 33 892
108 30 593
187 189 130
24 103 241
43 114 304
35 137 689
127 117 830
155 61 231
50 160 895
96 105 161
94 187 789
82 112 623
114 56 657
69 158 332
68 80 520
173 56 996
4 154 880
130 3 267
70 186 560
50 29 884
108 11 108
1 71 219
69 186 23
110 18 531
177 185 615
162 52 798
113 119 564
120 180 919
177 130 168
173 180 588
121 21 737
122 85 932
22 88 783
46 105 835
151 43 471
149 113 670
189 132 787
40 112 718
190 28 872
107 117 807
173 148 338
42 58 962
170 5 71
190 175 288
55 152 788
70 143 588
138 29 383
62 95 884
183 14 461
104 41 47
20 163 45
40 96 903
174 38 397
139 178 34
109 120 756
83 58 958
66 168 741
78 34 31
124 84 613
13 15 976
156 185 593
110 63 534
82 94 360
106 40 841
101 70 413
149 122 840
128 157 571
166 164 374
166 64 797
87 44 8
61 147 709
40 5 133
129 78 773
133 115 957
122 178 78
111 31 51
88 9 674
34 179 11
77 174 782
17 37 337
65 169 363
58 116 152
62 184 808
103 89 920
171 134 687
155 157 906
186 84 833
77 88 608
90 128 860
99 148 438
25 74 434
77 137 945
130 8 410
64 59 861
150 129 983
100 40 792
10 129 986
126 15 599
19 178 146
37 123 227
39 7 951
130 167 346
142 0 48
66 88 495
154 88 103
158 14 756
172 44 199
113 89 893
17 25 141
69 70 524
168 46 442
116 102 877
95 119 31
37 34 240
97 167 138
121 165 547
160 54 783
28 71 968
134 123 282
41 9 590
179 143 256
11 7 384
38 68 726
133 124 631
157 59 63
143 99 507
32 105 672
178 44 24
85 10 7
36 90 965
150 182 815
147 126 134
101 146 663
29 61 205
140 101 940
12 73 845
63 130 913
72 107 652
32 36 90
60 73 231
146 154 636
2 130 265
137 38 546
62 141 981
133 115 102
109 3 57
155 168 453
160 18 464
68 143 837
169 46 782
88 82 371
39 57 645
161 131 99
55 80 87
174 180 585
132 28 843
158 76 464
115 165 94
67 39 466
160 3 268
15 51 537
117 97 848
180 70 14
136 61 669
37 38 502
139 145 109
165 144 697
188 146 907
14 93 441
29 39 652
123 100 603
162 156 723
1 174 833
101 156 122
109 160 230
138 125 445
94 54 470
18 182 111
64 159 204
101 52 254
58 44 199
66 178 198
88 150 871
80 145 975
65 140 287
96 131 615
52 83 131
191 79 702
188 37 845
40 128 162
187 154 70
80 136 352
186 136 594
125 37 937
58 164 536
181 76 841
148 149 781
172 120 811
183 189 94
5 83 505
17 43 570
137 149 914
39 129 233
103 26 892
177 116 809
107 12 472
131 123 636
165 18 213
14 19 755
13 110 922
65 99 756
145 187 255
165 179 998
139 47 800
39 123 984
159 87 1000
58 54 41
126 173 769
66 13 320
7 2 179
162 191 91
189 24 544
60 12 171
28 103 66
35 100 525
58 179 973
83 77 504
119 86 622
190 123 192
61 63 802
173 40 639
65 122 188
21 72 985
8 191 984
145 184 985
41 174 628
48 136 192
79 158 814
122 115 362
170 183 824
98 166 392
154 117 333
76 47 215
0 84 886
145 64 208
66 113 947
112 59 915
48 57 364
27 28 23
141 90 506
68 159 405
57 98 470
92 117 414
175 184 53
178 121 444
34 77 686
84 100 111
166 86 103
107 123 274
41 72 992
175 180 204
185 176 439
52 141 327
142 49 743
165 15 49
86 114 780
38 67 269
66 133 577
72 135 42
77 94 400
187 132 714
55 151 867
164 138 889
181 24 853
140 0 627
141 170 89
137 109 984
98 133 65
160 148 868
95 161 141
109 155 141
9 86 551
166 4 492
48 155 699
181 34 98
57 108 556
138 28 470
125 100 182
27 163 188
127 28 443
46 45 971
104 14 914
114 157 387
29 153 390
120 104 891
6 102 383
141 29 791
174 186 960
80 161 107
14 10 229
134 139 268
34 89 452
181 106 337
103 32 41
163 92 204
154 35 644
109 81 187
21 42 491
155 87 506
104 54 855
98 64 519
8 61 322
126 79 886
174 45 187
84 185 540
9 152 718
59 101 676
88 64 506
176 115 837
9 153 857
68 190 439
63 15 4
7 156 214
144 147 906
84 16 506
164 134 314
35 180 231
7 131 134
89 77 719
78 34 978
125 11 759
171 106 381
118 50 592
9 154 372
82 32 627
23 61 198
168 55 906
69 162 880
155 94 428
116 127 551
81 91 850
143 145 457
34 124 367
7 119 172
153 19 759
119 106 826
186 121 934
32 5 763
120 23 278
71 129 923
15 57 365
163 88 864
25 81 476
35 124 57
100 7 199
124 67 579
161 107 6
74 129 824
36 47 927
108 118 139
86 188 404
112 119 933
151 191 203
179 80 717
99 23 347
191 173 100
190 100 892
33 153 903
65 56 10
113 32 595
2 36 689
5 86 419
184 84 124
20 33 818
13 132 777
121 189 841
74 132 731
34 91 272
132 128 240
80 144 325
57 149 253
130 185 11
84 41 849
37 13 1
104 55 904
167 175 147
112 167 563
10 11 776
165 9 217
12 152 747
165 84 175
145 106 800
79 134 362
82 5 805
140 121 53
130 105 217
155 150 466
127 31 242
38 176 63
35 98 799
56 187 173
92 170 835
14 30 854
37 154 409
27 94 803
50 178 975
79 84 825
121 122 253
30 189 447
105 74 297
94 75 941
118 162 770
10 124 534
134 183 749
106 128 295
173 101 608
188 142 263
7 179 263
23 58 188
83 87 758
44 70 784
165 150 80
18 30 450
147 10 617
80 134 534
46 88 199
7 180 552
182 96 933
40 75 887
5 123 960
181 1 801
183 3 315
28 155 922
0 140 19
107 137 951
48 120 383
8 149 685
37 80 699
147 104 963
163 25 939
160 155 222
9 131 914
52 149 529
110 169 332
54 167 283
78 68 878
190 187 665
22 74 264
97 47 660
63 86 10
69 123 24
182 146 906
129 62 864
18 72 651
88 138 413
76 4 450
102 89 820
65 188 109
115 44 361
41 34 997
23 146 279
142 13 890
24 84 502
59 168 118
54 117 594
91 18 415
69 96 497
1 155 615
137 149 221
42 135 483
134 124 603
19 8 703
92 186 613
190 148 13
114 90 945
147 145 456
139 114 465
22 46 929
187 84 459
188 169 197
100 121 987
11 162 807
38 167 619
77 105 414
113 13 19
78 56 656
163 85 372
26 67 56
28 155 511
7 60 557
126 158 187
183 155 941
52 72 767
21 33 6
187 35 754
10 125 668
84 101 844
167 71 780
136 160 703
181 48 862
107 122 287
60 164 115
83 140 108
37 50 686
31 182 599
132 7 352
4 23 416
66 69 810
83 185 101
27 0 875
142 136 67
59 111 412
144 134 953
38 36 274
38 57 479
117 7 695
136 16 471
85 180 18
94 57 635
23 114 591
190 103 428
189 102 538
19 133 146
126 182 137
138 7 673
151 132 606
9 171 416
0 109 298
129 134 90
97 185 748
160 131 189
167 163 456
58 161 928
24 114 127
103 83 411
117 66 259
51 42 985
23 169 254
87 71 410
150 178 807
27 24 217
152 134 416
34 147 163
175 134 896
177 178 274
14 39 879
50 46 746
9 25 345
82 33 519
100 72 214
181 51 645
161 127 257
24 154 62
156 4 896
157 94 562
23 159 940
102 109 570
143 129 374
47 104 894
58 38 259
137 53 648
69 114 861
185 72 560
53 95 1
129 165 530
121 62 482
174 15 740
32 102 210
166 179 951
51 6 547
85 167 59
173 3 521
110 43 307
10 13 67
100 113 889
52 92 69
20 27 625
189 57 418
180 65 39
102 10 944
154 94 430
118 126 735
150 127 784
19 85 165
119 80 314
163 162 107
74 36 959
33 131 156
148 149 343
121 100 747
24 149 398
146 19 708
57 78 987
79 62 522
191 40 962
184 80 917
142 98 386
27 18 601
147 186 210
64 9 816
4 108 692
148 42 387
171 50 920
32 37 989
26 143 829
44 32 930
127 29 255
39 91 312
67 27 643
49 36 759
89 110 915
168 71 127
110 34 690
8 36 850
42 25 414
74 32 324
166 100 883
77 78 687
5 83 734
118 142 723
160 155 667
82 57 937
176 52 103
160 135 733
172 30 492
171 30 223
33 168 496
35 78 228
180 75 108
124 150 715
18 154 724
151 23 200
178 43 703
32 130 318
101 27 343
3 117 586
158 44 868
139 77 889
21 96 372
176 27 661
79 138 213
181 2 582
50 39 787
123 152 482
12 85 678
178 31 534
58 96 141
67 177 460
149 86 747
136 122 785
89 51 324
61 150 925
88 149 558
179 101 445
125 81 346
75 62 765
118 4 884
183 67 184
0 84 653
132 37 432
43 148 801
152 104 682
96 20 509
118 173 242
43 84 975
108 80 868
42 81 91
1 104 367
20 114 723
69 115 101
188 132 217
149 123 827
69 147 793
64 60 281
107 9 860
17 100 169
84 25 126
181 33 591
140 115 590
64 165 482
101 121 340
66 149 183
151 180 592
56 129 475
158 63 716
190 32 357
110 47 899
25 44 51
62 168 557
64 88 158
131 100 623
104 72 128
21 35 713
18 112 509
96 127 269
143 145 910
23 172 431
190 54 473
137 134 887
187 35 635
146 141 939
123 99 54
132 102 983
24 26 586
6 58 993
59 147 286
65 161 716
179 96 978
92 145 242
157 91 35
93 29 664
52 13 890
55 180 150
178 66 482
74 148 902
127 174 52
110 139 73
182 16 391
81 156 472
112 129 188
98 104 62
74 183 552
154 158 73
95 129 895
163 178 177
71 55 863
17 59 248
144 105 283
184 108 116
37 65 660
73 2 375
165 174 809
73 86 68
92 86 534
165 45 89
183 55 571
21 3 923
60 156 103
77 94 151
22 170 561
184 132 911
58 123 508
188 78 415
117 152 655
129 44 684
45 30 470
176 169 935
105 17 199
182 118 424
94 76 644
116 68 786
152 142 370
109 11 364
133 106 128
148 47 703
183 127 305
144 41 846
25 86 94
164 45 210
52 186 74
118 102 8
135 105 445
53 74 393
188 71 597
97 154 396
11 81 300
29 147 899
29 82 646
32 35 335
100 17 886
170 168 104
148 53 84
75 138 215
41 159 921
43 54 288
41 15 606
140 161 555
161 127 212
9 33 391
18 161 659
187 156 242
139 32 517
134 35 513
109 179 48
75 149 239
97 16 948
126 135 949
31 136 272
49 101 562
77 51 183
38 81 452
35 23 985
46 118 243
37 56 112
171 83 963
23 1 275
115 109 989
131 34 924
170 114 306
108 106 824
37 60 737
9 170 541
70 64 421
48 43 774
72 15 302
184 72 976
91 125 783
130 45 310
128 24 422
180 153 140
22 116 34
153 26 247
58 2 668
160 163 927
175 119 371
185 54 747
178 119 800
24 61 983
118 128 739
124 146 204
151 22 765
152 82 618
82 44 866
129 104 756
81 188 305
112 12 139
17 156 181
60 11 848
108 54 747
104 21 298
160 114 814
33 61 47
85 8 651
191 1 399
164 174 667
182 107 931
136 38 971
131 81 627
105 108 976
125 115 822
117 26 567
25 129 408
67 165 211
15 67 465
4 0 630
10 88 533
67 156 360
5 83 926
85 166 797
146 39 77
147 61 859
3 1 71
138 101 731
103 3 222
173 128 153
2 107 652
54 31 423
43 139 848
191 109 794
69 108 138
137 18 261
178 181 185
41 63 240
179 185 495
95 15 849
39 125 230
149 108 308
71 95 161
110 18 437
85 49 309
63 136 591
171 164 264
82 53 481
10 164 159
138 15 747
43 63 217
63 5 792
159 117 874
66 9 452
13 62 401
75 125 298
155 3 612
61 144 206
69 188 187
93 152 922
125 55 188
17 54 892
78 4 345
126 9 133
161 54 26
121 139 435
93 142 223
67 143 596
131 42 935
80 3 593
55 155 214
92 108 24
167 180 318
49 60 469
107 183 173
68 124 913
161 185 785
114 101 59
34 148 618
77 42 369
57 142 600
4 67 180
26 6 295
79 69 579
111 73 611
177 150 105
121 39 384
117 185 938
164 173 961
58 160 643
134 81 96
173 163 361
162 186 473
146 142 736
59 58 717
178 132 686
123 87 109
4 184 92
62 120 337
128 94 330
148 164 286
101 75 185
55 154 287
91 99 73
141 41 706
126 143 436
67 39 919
68 18 657
1 29 354
130 75 830
14 126 202
1 37 691
112 28 832
174 12 388
71 19 783
80 109 970
133 112 165
75 13 740
118 10 886
176 7 459
122 66 615
133 57 420
112 186 27
84 175 251
160 102 897
111 21 305
50 73 755
45 186 495
67 137 533
28 65 945
84 38 867
91 170 947
51 0 516
99 165 461
156 176 854
184 98 33
102 118 606
56 177 327
59 42 997
9 64 332
1 57 380
170 69 140
28 32 146
138 146 969
125 169 234
5 120 734
32 162 5
157 169 235
175 135 994
141 188 625
175 163 569
151 146 553
40 94 499
92 103 855
113 182 527
175 43 925
68 153 960
34 149 170
98 44 768
139 153 755
7 169 13
63 114 782
139 21 953
113 32 171
42 24 876
71 28 401
148 26 639
143 147 275
124 119 469
26 110 681
127 125 819
112 179 853
44 41 675
102 95 872
184 53 999
4 157 106
43 82 235
131 17 790
16 176 398
147 36 401
119 40 535
114 111 587
145 46 795
5 14 572
92 16 699
54 14 484
62 0 866
0 90 915
173 42 744
92 103 326
97 55 121
76 85 92
146 49 361
87 31 32
1 134 270
107 84 223
138 121 893
125 72 780
20 125 493
3 157 746
43 98 450
165 123 731
114 149 632
127 79 90
123 179 239
150 141 721
35 140 147
86 71 484
62 37 493
167 3 713
133 77 499
166 42 338
96 118 121
190 7 687
15 152 71
88 190 731
59 154 426
167 100 561
66 47 686
65 110 113
139 186 351
6 151 971
165 161 992
92 177 818
6 82 284
97 11 806
177 125 209
46 19 370
145 175 51
143 108 452
84 92 817
62 149 457
21 138 40
9 27 553
26 147 224
183 118 975
56 12 910
147 8 632
46 188 31
101 28 225
48 167 854
15 101 312
134 104 769
146 20 662
121 150 94
167 190 658
101 44 936
131 189 186
47 186 110
29 46 401
2 141 229
155 139 142
127 88 950
185 117 366
79 144 566
146 111 451
128 187 820
86 45 454
92 107 491
26 29 882
39 43 514
82 100 522
162 10 315
151 110 489
31 144 69
24 139 577
37 135 961
66 173 819
190 174 921
19 148 501
57 50 228
98 118 693
156 5 864
58 162 328
46 128 771
110 128 545
135 13 634
186 34 658
78 27 151
74 4 265
89 148 719
141 63 514
75 14 730
37 126 41
179 189 32
29 58 629
191 147 805
180 25 353
138 29 812
92 96 887
84 67 551
85 175 191
39 124 511
44 30 267
138 98 513
75 54 37
180 174 277
111 55 682
31 77 942
154 0 452
122 148 84
114 94 541
17 8 423
8 97 956
111 59 145
2 166 96
8 176 972
183 60 559
180 152 290
19 158 77
87 2 511
170 31 162
37 101 753
145 2 208
106 143 226
26 147 847
81 36 224
14 147 637
66 5 328
125 185 841
17 182 384
15 80 764
163 98 392
91 151 653
61 95 60
59 71 205
152 64 438
21 57 602
129 97 604
40 139 669
149 0 755
124 58 149
22 187 44
140 17 564
2 92 917
83 106 284
149 69 395
133 29 138
32 85 17
105 18 244
46 114 440
78 158 597
12 190 115
94 27 1
62 105 655
71 162 560
105 43 456
184 86 338
134 9 874
39 108 698
36 130 51
41 157 975
128 64 99
73 106 225
87 164 315
105 95 768
149 15 191
24 138 707
151 128 261
114 129 35
49 101 989
161 52 504
146 61 854
101 168 98
63 158 972
124 154 655
88 10 760
191 92 847
57 95 427
30 179 250
3 139 653
0 143 677
95 87 154
6 79 343
185 106 633
162 67 4
17 92 310
74 13 541
86 128 969
186 18 232
63 168 587
69 176 640
112 38 66
53 16 590
68 56 507
104 88 603
187 101 356
185 19 277
91 137 395
162 148 817
148 62 668
93 92 726
177 182 101
181 156 286
98 31 416
15 150 567
34 185 425
31 164 752
30 44 989
10 67 626
8 4 180
41 20 812
59 173 589
120 190 692
181 132 555
88 93 871
42 34 364
51 100 509
137 186 298
118 174 924
189 104 57
27 84 388
38 62 358
132 140 715
51 14 761
92 94 564
73 26 586
6 71 61
92 0 502
7 1 167
59 8 405
115 144 90
91 151 54
147 149 372
173 144 264
128 176 684
17 4 360
119 79 641
169 73 997
80 92 419
161 95 353
173 43 576
109 114 84
2 108 397
23 25 492
77 109 223
154 180 784
159 115 553
106 2 536
12 72 528
19 63 159
103 49 783
168 127 371
25 104 210
41 135 823
127 107 143
185 148 764
27 84 538
58 34 741
1 99 716
5 18 325
17 115 713
161 8 223
104 43 660
56 166 975
143 184 548
16 47 298
30 92 941
108 6 296
153 97 770
66 9 790
172 173 118
109 64 358
102 161 350
85 99 693
70 104 849
160 104 679
123 166 585
124 36 356
56 62 65
134 166 977
170 125 323
90 167 65
121 65 261
37 98 723
46 154 598
114 190 123
83 185 176
14 22 871
45 61 423
67 140 567
52 88 387
2 183 614
82 183 377
185 70 775
28 144 673
118 71 75
141 82 256
134 78 686
172 141 102
190 65 932
177 86 784
23 117 431
79 68 788
14 170 410
112 47 916
84 51 256
114 177 597
121 40 303
54 109 335
143 170 192
169 98 787
170 169 929
79 15 860
109 34 922
140 7 736
45 93 720
54 163 320
159 76 692
100 161 935
47 165 640
101 148 762
148 53 140
146 125 304
138 76 663
23 114 152
125 47 637
108 149 923
21 5 43
174 164 565
171 24 869
173 9 476
82 56 787
59 181 599
74 124 517
77 63 817
184 62 9
101 128 469
2 28 604
119 102 383
102 118 362
41 129 964
49 24 793
97 9 866
107 56 923
72 2 506
79 177 802
125 155 780
188 111 282
135 167 427
103 176 582
85 135 285
123 12 244
24 159 49
181 43 603
190 185 922
168 92 433
31 112 537
106 110 133
171 182 57
47 2 746
88 37 319
65 190 101
105 156 705
21 9 787
92 95 755
4 1 337
51 127 527
137 90 218
138 125 236
39 3 198
163 104 363
139 20 835
75 113 498
135 154 183
81 51 690
132 0 886
182 169 410
7 113 776
128 12 788
170 43 815
155 30 818
145 42 212
187 79 655
22 87 25
99 69 180
109 101 831
134 2 628
172 146 871
93 23 55
136 38 233
184 119 597
174 175 415
28 71 312
75 91 944
110 11 56
166 27 708
133 9 391
157 131 320
34 125 830
182 15 136
45 2 718
128 115 234
35 181 733
134 109 404
103 87 428
12 123 974
38 27 413
17 45 973
164 157 711
19 46 879
129 23 558
84 62 916
59 163 640
89 135 290
127 179 239
28 178 320
17 159 783
118 47 98
87 82 426
115 153 667
91 132 447
19 35 444
191 148 419
111 119 327
7 166 405
6 59 178
166 145 64
96 154 884
65 143 217
147 78 485
7 119 570
28 139 864
89 42 958
73 57 724
33 136 970
113 45 178
10 145 598
125 71 84
11 124 384
174 107 661
94 61 926
109 51 707
108 184 70
85 19 621
54 82 424
124 146 589
144 112 393
41 9 720
111 12 904
78 20 314
94 167 752
153 30 930
38 146 789
8 177 706
173 9 118
79 70 38
164 30 521
47 41 695
127 107 82
160 113 445
29 78 668
162 44 253
142 167 382
88 57 110
27 146 97
61 97 304
138 94 837
168 1 458
0 186 404
149 75 723
173 19 198
183 166 649
113 35 690
18 13 392
173 105 790
139 151 461
151 71 912
53 23 113
24 66 659
26 136 786
135 38 248
47 97 922
133 61 611
58 76 144
10 29 278
162 29 81
174 146 955
41 73 358
127 74 320
128 114 611
99 84 700
1 12 324
165 32 899
133 171 588
162 10 552
68 59 630
85 98 995
55 170 68
178 98 225
149 165 246
46 40 377
145 135 152
93 4 129
74 164 185
108 119 159
72 10 873
41 35 864
53 81 970
94 170 194
162 129 908
165 110 851
27 123 792
138 36 55
35 173 50
79 85 274
16 136 260
129 139 783
50 178 854
43 141 154
42 116 198
134 23 743
98 34 201
136 184 145
152 173 118
163 75 745
150 44 273
156 105 703
154 79 342
145 78 732
134 110 271
129 13 598
148 10 973
137 90 828
103 93 879
20 174 967
68 21 640
52 27 270
112 85 122
49 26 217
154 150 218
115 92 916
0 10 799
149 105 726
110 88 731
84 34 840
163 17 576
153 100 667
21 176 381
154 100 344
188 84 128
15 74 348
22 54 746
48 25 222
133 24 393
132 52 578
1 100 225
178 185 369
185 116 948
89 32 386
102 149 600
96 8 252
27 153 498
6 83 860
42 164 796
168 84 218
89 1 550
117 160 116
62 38 660
150 136 188
17 126 549
191 142 897
113 14 660
35 96 632
60 168 509
14 95 872
46 101 838
31 4 903
112 42 786
88 116 932
72 43 603
5 186 762
135 49 800
188 84 908
57 22 288
162 188 290
102 122 402
131 83 625
178 45 940
41 176 17
161 63 689
189 24 530
20 8 790
94 189 665
131 70 199
62 191 798
68 47 141
165 66 648
177 143 922
60 38 454
165 148 39
47 170 285
182 160 222
79 140 589
103 119 772
136 100 411
34 118 635
140 156 365
69 29 355
72 55 624
148 82 942
7 144 159
148 53 826
92 122 770
160 38 499
108 184 134
191 144 972
185 105 94
18 163 383
66 162 585
23 4 51
36 91 286
25 40 699
68 28 692
15 164 534
168 89 989
7 81 716
99 30 337
14 38 877
94 144 665
61 162 991
37 12 672
101 154 847
154 46 261
172 151 713
155 159 384
104 75 397
64 147 217
191 81 781
139 171 233
96 189 40
107 39 447
157 103 694
34 132 497
38 138 198
189 81 52
18 15 36
28 130 271
148 97 443
144 79 320
86 47 275
188 172 23
158 100 962
0 168 395
109 76 711
105 58 106
69 38 187
26 71 78
182 151 875
52 59 265
51 7 87
110 170 266
136 87 928
43 93 550
170 53 752
181 64 247
63 33 227
19 166 664
7 147 991
25 3 439
85 117 343
26 128 461
128 88 292
190 167 558
68 135 455
92 108 939
101 73 820
41 177 818
135 23 602
190 105 837
68 159 997
88 34 908
186 27 350
62 45 401
75 12 616
130 35 435
71 23 467
124 121 466
137 105 409
51 109 323
114 17 619
162 0 985
140 184 442
60 31 627
40 76 663
124 32 304
11 89 564
56 123 101
141 93 878
21 184 552
12 22 259
105 75 207
17 123 988
183 83 3
31 141 276
93 137 470
101 143 238
183 11 373
107 74 73
161 50 164
169 45 713
105 92 367
190 113 513
33 16 434
100 82 643
10 188 461
86 7 742
165 91 77
90 65 136
77 15 947
4 165 100
177 65 105
66 3 648
141 64 500
52 131 779
128 13 903
31 3 388
22 52 880
80 101 181
164 44 460
110 10 577
88 160 536
139 173 195
70 18 624
5 36 443
49 67 201
130 132 249
190 132 87
69 23 819
157 53 610
69 110 42
87 184 648
46 133 876
68 102 195
188 178 421
41 31 599
25 166 71
169 107 643
108 171 294
155 12 225
10 172 88
179 123 797
33 182 769
125 117 452
43 59 880
162 128 271
47 64 313
6 158 281
29 11 241
153 144 87
153 51 839
184 93 551
49 165 233
138 3 292
28 5 494
85 0 109
61 63 478
74 102 710
76 38 306
68 19 748
18 189 56
185 21 787
36 140 544
78 135 487
17 13 805
22 47 109
163 36 784
55 54 664
101 38 510
101 172 4
26 159 71
2 73 456
148 165 688
70 17 684
140 94 377
141 130 850
55 141 6
29 11 196
53 132 636
141 30 61
16 97 82
31 33 308
179 32 567
174 27 852
67 169 690
135 76 752
10 60 480
82 32 588
164 70 455
94 41 887
73 140 932
109 67 162
119 186 762
40 87 570
19 190 705
130 108 494
127 65 848
121 100 106
65 34 648
133 94 776
54 13 5
91 40 434
172 191 621
85 159 765
99 41 469
99 189 973
79 187 872
28 118 462
145 53 446
88 78 477
81 108 470
14 90 358
164 66 666
6 20 552
169 7 368
3 114 590
14 146 153
45 103 936
162 108 637
186 190 127
103 182 675
73 121 375
70 21 659
179 93 779
162 140 916
134 102 820
96 98 584
48 113 840
100 156 25
10 111 621
162 10 182
144 38 915
119 151 655
167 142 346
110 103 156
81 89 549
100 116 803
36 43 27
120 102 265
40 27 796
167 176 260
47 180 919
145 19 820
7 156 993
4 104 782
105 83 185
135 133 791
51 109 121
63 92 185
150 1 976
112 179 521
72 167 419
177 139 950
39 1 826
14 27 738
19 48 389
62 47 154
46 47 989
85 19 576
83 36 939
107 28 107
38 126 563
81 182 904
20 25 37
20 129 832
37 72 696
171 52 168
112 3 932
3 66 254
39 135 91
82 126 537
108 62 289
36 185 261
63 170 766
63 85 26
51 168 550
144 81 990
140 25 514
54 38 171
90 169 844
4 21 960
70 122 425
172 55 970
166 18 376
65 107 230
172 36 806
123 132 794
7 98 184
157 175 886
157 88 840
45 126 368
81 56 537
60 67 89
187 46 770
130 105 662
66 97 562
6 115 393
66 111 73
129 149 450
169 140 604
79 65 583
189 151 554
157 51 236
171 14 21
12 3 381
28 45 961
14 11 912
40 91 459
54 177 253
41 135 981
118 84 797
3 10 557
6 3 340
33 102 598
180 37 809
7 139 485
20 64 783
40 50 993
16 17 778
45 112 170
149 154 560
93 155 891
12 23 594
66 93 145
183 125 613
148 20 762
12 126 536
174 86 955
35 47 325
169 53 50
169 135 454
88 44 185
87 25 704
185 53 491
32 132 244
110 75 420
38 108 746
53 137 832
154 78 767
9 171 825
22 40 780
88 37 691
96 155 750
181 25 241
157 63 624
63 85 221
37 182 138
22 41 830
64 31 559
159 64 843
183 145 128
111 2 64
144 21 984
90 0 834
12 62 958
133 142 608
10 20 687
115 105 411
46 66 695
105 70 676
19 94 248
105 29 194
10 82 291
155 30 680
150 130 110
103 81 465
98 31 143
18 154 365
66 12 101
97 103 179
149 20 758
161 52 163
172 131 376
131 176 347
16 104 178
124 112 26
5 20 512
11 69 346
93 151 650
160 71 550
64 85 282
127 9 984
140 114 520
153 117 528
12 108 587
129 69 555
9 30 743
165 167 361
178 150 75
6 40 531
132 35 6
63 140 977
19 12 620
45 35 559
127 162 13
62 127 877
71 136 469
116 38 904
64 177 994
100 87 982
93 46 415
13 66 540
156 10 880
188 19 446
51 142 988
24 35 726
164 39 508
99 109 286
123 142 823
50 48 673
118 114 652
112 66 450
146 46 92
51 9 148
171 32 766
118 163 565
69 171 37
61 37 680
32 37 721
175 68 449
41 13 126
183 142 669
171 138 459
123 6 294
93 5 933
33 3 867
37 99 39
78 171 275
168 183 818
10 113 261
22 37 9
48 94 946
178 158 919
101 21 208
74 157 105
167 36 982
105 149 908
65 58 946
118 131 698
184 43 263
58 185 72
19 77 479
116 100 363
118 109 225
181 177 351
125 11 72
70 20 133
170 10 990
31 32 780
155 13 781
190 167 406
64 10 605
71 129 717
22 116 952
166 119 659
80 174 193
150 136 459
120 162 471
130 12 247
190 134 76
154 46 367
109 154 209
168 184 259
11 164 511
105 166 765
30 138 723
119 85 29
67 117 674
36 163 637
114 49 668
168 165 254
71 178 447
99 140 80
170 99 681
137 15 12
190 60 649
184 69 511
32 114 758
145 186 718
165 77 916
19 35 495
37 111 714
149 144 606
56 146 928
142 180 168
125 23 957
32 26 193
132 95 270
138 177 125
64 82 977
169 187 979
19 131 215
191 9 53
22 93 906
38 147 687
59 66 165
25 19 16
87 79 139
70 185 634
11 41 791
70 23 157
70 65 127
67 92 711
91 67 181
85 66 183
177 143 65
158 64 599
55 114 949
65 109 759
111 68 977
44 153 735
176 97 689
84 17 468
61 155 708
86 15 932
72 30 399
46 145 271
61 40 934
39 21 66
127 76 180
45 107 811
149 93 942
69 174 768
7 126 764
48 5 194
169 49 358
138 5 904
136 39 361
188 152 114
61 164 431
52 113 843
25 118 390
8 132 205
50 101 645
0 11 90
68 71 249
157 56 64
100 93 28
93 180 232
125 124 386
157 68 315
101 141 878
4 175 28
103 178 563
108 5 342
32 27 711
45 158 874
75 23 934
181 180 701
149 115 872
37 165 154
158 97 52
140 83 394
116 81 4
131 33 1000
53 162 608
122 62 400
33 99 3
129 76 891
144 191 424
94 146 383
140 83 833
111 120 899
8 72 68
118 68 507
115 42 954
74 44 954
95 169 469
133 9 903
62 153 92
116 102 811
171 134 204
24 38 639
126 90 585
69 118 888
167 172 94
169 28 890
74 188 816
70 124 726
30 172 968
109 185 214
62 133 78
70 83 317
75 179 931
5 132 650
184 5 830
81 152 11
92 190 905
80 147 852
126 154 159
163 179 919
182 188 882
93 44 433
41 77 762
138 69 303
10 154 373
117 81 766
27 144 695
188 161 608
148 54 668
147 40 62
14 190 542
19 180 863
123 126 750
111 110 696
118 140 227
171 135 939
123 44 416
113 139 728
74 152 38
34 170 701
7 98 844
188 12 687
40 20 216
52 180 910
52 174 892
157 120 690
159 152 322
58 174 563
87 36 217
151 2 779
78 10 686
5 86 271
120 155 276
84 100 366
113 50 393
36 7 757
104 143 982
178 149 372
69 38 712
183 62 361
54 26 308
112 89 885
138 151 726
182 0 307
71 86 890
59 125 540
174 62 584
74 95 527
75 91 153
34 46 516
145 111 543
78 164 963
148 88 516
26 39 130
42 128 276
43 80 718
137 153 172
118 144 239
81 94 922
86 67 481
128 93 597
175 174 875
31 181 549
176 70 213
114 25 272
20 189 840
121 130 815
1 172 178
15 150 671
87 161 106
178 127 907
153 92 975
186 107 16
124 68 263
87 114 690
139 178 563
151 159 361
39 129 624
12 26 338
143 11 126
73 103 267
8 70 387
28 63 390
124 40 133
0 191 850
46 129 123
23 29 152
167 50 1
54 175 608
173 185 878
28 181 964
35 101 563
2 165 402
117 69 217
190 184 589
158 80 46
78 50 866
121 160 339
75 25 18
157 1 224
43 171 957
1 163 260
176 118 299
157 6 78
76 37 430
85 104 115
171 163 832
150 107 104
149 166 559
165 118 95
59 75 727
151 165 272
11 184 651
128 104 153
36 175 231
1 53 767
81 112 532
134 13 610
6 31 645
104 26 713
109 130 263
94 153 35
183 41 590
95 161 451
119 130 949
113 32 791
47 44 430
64 115 434
161 14 871
124 50 549
19 76 375
81 67 512
138 16 35
70 158 772
168 12 826
137 154 721
133 168 661
121 15 647
30 65 22
57 72 731
52 175 804
85 4 392
126 42 163
142 178 443
3 30 43
8 120 666
122 38 236
187 59 756
11 149 664
98 87 575
152 70 118
124 88 418
14 64 813
172 32 329
66 73 280
190 60 517
81 157 81
160 36 492
117 109 968
162 164 744
34 161 393
187 34 889
140 170 166
169 136 553
46 129 953
54 134 262
113 131 185
50 39 642
70 21 457
92 5 418
103 62 419
102 119 326
55 94 597
61 158 893
63 122 34
190 174 199
76 177 990
73 56 532
93 39 917
35 119 972
106 116 559
129 27 962
110 152 641
59 188 295
142 78 293
78 21 907
113 125 70
140 21 116
110 36 926
188 50 571
103 118 322
130 147 782
113 134 692
137 32 220
97 73 257
147 51 954
149 49 342
95 102 893
172 124 758
10 42 158
37 118 476
105 7 526
35 5 402
106 145 196
156 129 893
10 128 441
153 102 335
49 182 721
97 188 247
48 98 954
170 158 584
68 8 626
168 153 699
79 21 704
165 130 480
113 164 101
106 55 866
113 51 748
96 51 573
151 72 244
9 164 80
51 6 871
33 113 376
107 92 662
75 74 475
83 166 585
44 84 955
29 32 336
121 45 616
45 58 332
118 98 446
160 126 624
93 89 547
13 81 432
109 132 247
143 53 394
157 34 833
102 164 368
105 155 253
179 39 147
191 75 796
168 115 713
187 119 265
170 72 186
130 16 865
184 130 803
89 112 48
106 43 654
157 135 954
65 56 274
44 22 248
107 115 258
159 41 315
47 155 652
190 74 38
106 155 637
172 56 795
133 114 581
75 55 569
18 42 734
88 129 458
12 190 559
170 162 350
191 123 459
73 17 460
95 186 618
101 142 36
61 98 384
77 154 863
8 93 84
132 105 531
156 73 714
170 141 991
40 101 527
159 73 2
148 104 148
164 53 801
94 184 22
141 149 290
174 95 972
10 133 994
30 174 296
145 75 587
176 9 845
191 107 783
45 173 300
110 167 132
108 119 351
156 55 475
190 59 474
157 29 296
175 0 845
121 47 113
112 90 47
103 55 803
138 189 602
147 187 89
45 84 188
22 84 722
70 91 631
144 176 175
40 94 547
14 7 577
113 146 813
38 67 798
123 161 247
64 81 927
7 58 610
162 20 308
35 29 48
6 131 388
71 4 282
13 156 358
34 175 440
146 123 667
156 14 566
49 125 580
121 57 941
136 64 611
172 24 217
130 108 79
71 169 843
180 69 480
136 155 19
161 134 398
73 26 717
158 64 967
57 1 574
66 181 688
54 95 688
2 45 247
172 183 975
53 5 11
127 103 828
164 171 275
66 167 779
10 15 227
105 3 776
7 121 277
62 138 264
22 73 678
144 139 441
70 22 709
147 98 372
27 48 227
0 103 279
132 59 959
18 77 117
13 155 235
186 178 429
133 62 971
117 60 996
183 102 399
137 129 627
39 77 863
20 139 343
4 128 496
135 10 409
115 12 200
169 115 156
162 26 934
184 40 746
149 20 982
138 35 212
137 52 151
9 3 123
178 145 493
43 53 331
98 14 497
110 149 974
97 127 984
149 5 306
76 176 291
158 80 904
186 74 433
47 99 813
0 158 533
53 164 219
146 8 539
111 49 967
157 35 599
172 101 385
145 92 762
165 80 782
134 129 231
128 17 494
98 176 449
45 60 654
175 187 899
101 119 928
81 23 281
183 127 399
191 71 118
174 187 503
187 134 883
125 139 242
24 28 632
67 127 987
38 181 715
72 105 606
187 91 109
134 37 470
184 31 68
39 22 747
143 165 471
75 119 87
77 91 651
118 181 737
73 65 855
123 176 151
170 157 652
78 167 55
173 177 102
12 156 412
87 85 146
87 190 91
59 88 250
168 163 793
17 43 475
47 89 121
46 82 587
160 43 230
164 29 992
62 82 747
102 24 893
83 100 841
159 190 418
96 26 397
174 86 768
168 166 241
106 147 136
182 45 611
160 147 874
173 189 810
122 20 326
17 42 136
44 68 582
82 141 890
108 4 824
4 67 836
65 119 238
142 88 752
183 55 45
13 154 987
75 31 603
150 165 780
67 39 264
103 116 214
35 136 236
60 132 862
