58 54 247
3 7 292
8 33 335
60 49 216
54 23 463
63 46 64
35 26 546
28 20 961
33 25 747
17 2 52
37 50 206
38 3 762
57 12 667
12 61 645
31 18 95
7 48 28
23 24 634
57 25 606
36 24 67
14 22 360
51 16 495
26 3 564
63 60 699
46 41 999
63 0 993
47 56 121
15 27 406
58 34 35
31 30 241
42 63 31
57 40 158
14 22 441
8 30 170
10 8 42
39 59 963
42 34 535
36 58 611
15 36 986
16 26 939
16 14 825
49 5 948
40 26 516
44 37 156
1 46 284
15 10 942
11 38 589
41 26 273
29 9 924
47 7 300
15 0 523
56 19 392
27 6 119
33 48 464
18 35 975
4 2 333
0 39 78
51 20 800
26 52 626
58 43 551
52 12 884
7 19 727
31 47 907
59 53 617
47 3 438
32 12 359
23 11 27
21 63 132
56 6 263
35 31 451
22 58 766
3 63 409
45 3 102
45 47 475
28 49 950
27 57 987
34 25 365
17 60 864
63 45 533
19 33 73
5 42 15
2 57 671
63 0 679
7 42 265
33 9 270
4 32 283
46 35 98
39 58 928
56 32 103
30 21 546
16 53 587
48 51 199
2 20 916
59 41 705
40 18 174
25 29 854
52 21 266
35 14 710
46 50 451
7 43 816
45 38 659
62 7 849
12 48 982
18 59 161
12 37 822
46 35 648
26 29 397
24 54 412
46 51 854
27 6 694
33 46 269
35 55 126
5 62 507
1 28 426
8 35 623
8 3 487
50 16 484
59 32 643
5 25 46
28 7 20
63 0 146
28 24 832
30 39 122
45 3 180
28 38 525
6 29 162
10 18 27
29 11 252
8 30 920
36 50 175
11 43 465
13 3 834
19 12 497
42 50 653
22 37 648
44 61 816
41 37 629
2 12 80
21 55 353
40 16 105
20 59 449
34 26 788
11 35 890
20 43 928
5 24 490
19 34 259
33 39 885
13 60 79
33 13 284
41 39 630
10 50 126
1 42 248
9 19 335
0 17 200
9 53 32
32 2 633
60 61 250
20 56 93
24 49 150
31 52 756
21 32 908
6 58 766
36 52 863
40 45 717
20 17 43
51 63 154
19 42 924
61 11 69
50 56 596
34 61 151
27 39 736
49 8 203
4 19 309
49 52 167
45 48 844
61 50 641
43 27 826
3 23 494
31 11 597
11 51 957
37 24 898
14 3 888
17 31 683
1 10 453
9 48 734
47 9 304
31 59 208
13 0 277
33 52 646
13 42 987
19 30 994
27 41 941
56 44 767
48 57 28
29 18 303
23 39 506
25 45 357
51 20 145
30 45 995
38 18 766
6 44 857
52 15 147
25 49 352
37 7 988
46 58 632
16 32 460
32 6 906
22 35 771
31 7 751
8 1 457
44 56 180
63 22 587
47 4 687
28 27 591
62 19 44
61 23 766
48 12 873
29 59 171
2 13 823
43 54 373
45 14 606
40 8 394
4 27 130
63 20 283
41 63 870
6 8 191
60 16 789
51 50 822
10 31 450
50 52 732
46 12 269
4 23 81
51 9 937
32 7 704
8 49 773
43 22 135
42 11 764
54 11 159
29 25 225
58 49 969
34 63 78
27 21 304
47 12 856
42 21 40
63 0 252
51 31 408
30 23 453
49 38 230
39 1 85
34 54 580
8 2 442
25 8 318
17 41 334
32 44 108
58 14 200
34 30 267
5 29 100
37 36 668
36 48 86
61 36 614
57 0 698
48 29 926
51 19 943
31 23 181
5 12 145
13 53 105
29 8 746
56 18 857
26 53 251
7 15 491
21 47 651
21 29 500
4 21 341
23 2 857
3 28 161
7 2 883
9 13 33
6 9 604
29 6 450
55 54 669
16 26 814
48 1 658
15 40 791
47 17 93
17 46 303
11 51 774
49 37 669
39 57 476
61 13 467
42 9 96
45 27 299
61 1 861
45 22 136
14 58 919
16 20 903
46 0 265
43 37 629
26 21 665
3 6 293
3 16 617
46 27 570
26 5 802
8 52 942
57 36 546
24 7 284
28 52 170
15 13 344
17 25 947
41 9 370
6 16 801
49 32 120
43 12 26
2 24 750
58 30 37
33 23 624
51 47 302
18 21 746
37 30 260
44 42 415
26 43 38
61 58 192
60 32 740
56 17 244
8 34 39
18 52 68
46 36 991
15 26 30
2 20 220
24 49 330
11 52 940
4 39 660
56 34 222
20 58 487
52 53 913
42 61 164
4 61 139
37 35 61
13 31 356
30 15 90
52 62 243
15 43 712
32 59 336
3 55 207
61 47 619
26 39 267
2 39 23
23 15 367
45 25 472
15 51 391
7 61 997
36 56 922
22 61 694
7 59 567
30 35 33
50 46 433
0 25 664
7 1 612
28 45 806
1 41 105
44 11 310
17 22 774
3 46 32
62 8 904
6 17 813
52 60 98
60 14 814
32 6 951
33 8 8
9 50 834
32 22 809
41 37 797
61 24 132
33 32 776
59 12 693
50 23 739
9 61 377
12 42 937
46 28 877
31 16 840
46 54 835
10 25 938
22 51 980
46 59 922
2 61 216
12 36 74
13 31 398
15 56 78
41 50 180
49 25 180
43 36 709
49 15 245
39 38 624
11 10 383
0 9 648
11 4 5
2 45 241
9 6 565
45 21 326
52 48 529
10 6 420
31 12 500
48 40 233
31 54 804
39 3 807
44 15 68
63 48 799
45 19 72
56 42 922
22 47 317
21 35 394
7 27 183
41 60 740
42 41 628
27 34 119
44 46 771
44 10 458
32 23 898
27 29 228
46 15 360
49 46 585
54 30 794
42 38 404
27 1 554
55 54 548
34 26 766
19 45 445
40 24 933
28 39 369
2 23 668
62 57 953
11 60 281
0 47 165
37 30 594
3 50 241
27 59 119
0 43 88
37 13 435
26 7 230
42 30 100
34 42 411
59 37 244
50 23 634
36 42 159
63 54 797
50 63 337
51 36 708
14 27 250
21 43 125
23 10 197
25 40 817
28 6 658
8 21 874
21 0 994
50 7 982
52 60 292
30 40 245
34 29 853
62 16 555
3 28 805
9 35 223
36 58 853
24 49 354
33 60 309
13 60 375
16 29 856
4 26 926
37 20 617
8 60 995
1 0 770
34 46 447
24 16 298
50 58 448
25 22 707
1 10 298
45 6 102
33 7 788
42 38 516
14 20 85
44 8 338
52 40 984
37 31 758
35 50 929
29 62 482
34 41 450
1 10 551
5 42 609
59 37 790
38 44 664
32 22 178
5 44 279
28 17 945
2 51 97
21 6 881
54 8 518
46 32 24
21 10 821
62 9 602
39 50 163
6 59 797
18 50 172
14 23 940
18 2 254
31 20 286
10 61 324
59 43 21
7 13 332
10 32 279
42 26 20
47 19 993
61 54 983
3 30 199
42 40 533
14 26 461
11 1 934
63 26 730
40 16 551
39 41 170
11 23 583
5 33 654
13 47 308
22 9 442
24 16 50
53 25 727
39 21 59
44 56 486
1 56 836
18 2 408
8 23 812
60 48 839
12 34 760
2 39 903
30 8 909
44 60 561
44 46 90
15 23 587
19 38 111
13 55 212
19 13 514
48 11 702
0 62 37
34 2 108
22 0 376
30 39 762
55 18 581
50 21 38
7 33 656
41 1 408
59 33 878
57 20 602
59 2 339
32 41 956
50 26 605
37 54 399
62 26 939
59 34 973
46 38 61
57 49 226
55 11 953
27 43 608
4 24 210
13 3 728
28 37 484
23 25 365
49 42 321
47 7 994
16 45 752
13 29 691
58 0 590
47 51 608
46 28 353
45 17 525
21 18 683
51 5 389
24 2 819
0 35 566
63 19 449
32 42 898
27 42 167
33 10 809
36 54 893
48 26 199
4 63 20
33 61 689
32 25 954
16 12 195
1 27 15
32 47 504
63 36 325
34 37 717
10 4 720
26 10 316
44 56 978
56 5 970
16 11 764
42 8 116
6 35 210
53 30 694
17 12 881
48 39 65
33 60 663
49 8 847
31 33 505
14 63 936
30 7 597
63 10 549
0 26 326
35 7 972
19 62 293
46 17 910
28 16 198
18 6 641
16 19 632
43 46 476
57 22 620
25 1 347
26 27 957
52 19 81
4 50 555
42 29 862
23 15 136
4 40 731
1 2 255
58 35 263
43 23 992
23 42 98
47 61 242
33 57 80
58 33 197
17 53 528
53 14 856
39 4 833
18 30 796
47 7 63
61 15 504
30 15 259
36 17 335
20 33 501
38 37 687
31 49 119
29 57 172
62 51 860
62 59 642
42 40 731
56 2 330
30 51 974
52 18 64
14 48 277
3 1 347
46 59 30
31 1 10
56 48 145
56 63 361
41 32 545
62 8 593
10 11 829
2 0 264
25 11 274
41 47 859
57 31 236
3 14 133
15 20 717
32 55 801
36 56 640
8 54 578
42 10 107
63 36 543
34 10 793
15 48 590
7 33 603
37 60 513
52 47 259
9 39 260
58 19 386
50 60 671
45 15 197
25 62 607
61 42 617
58 40 701
40 42 972
35 32 616
12 51 860
46 34 58
3 51 790
7 4 461
5 7 314
43 37 986
4 3 754
51 54 206
24 5 408
59 38 170
34 10 677
14 49 318
56 53 960
47 19 72
29 49 857
22 54 100
24 21 38
3 50 365
12 60 87
60 42 573
10 56 211
50 15 904
17 2 517
56 60 943
17 40 562
61 49 688
61 13 513
63 42 203
47 60 976
13 57 846
38 23 323
45 13 863
33 18 848
29 34 500
43 61 168
35 24 87
58 63 835
50 11 958
2 21 963
46 39 878
29 45 886
63 18 716
15 47 895
34 1 557
62 48 910
41 12 642
11 12 33
4 0 856
21 62 126
16 42 948
1 11 217
13 18 433
61 59 840
56 23 385
57 23 792
21 33 931
42 34 98
59 50 178
6 51 923
43 17 956
9 2 79
47 12 847
54 53 926
33 7 358
28 55 966
3 40 543
0 4 229
29 7 563
16 23 48
45 62 130
29 26 267
15 34 324
12 47 2
8 44 301
10 62 254
13 59 286
37 17 626
18 39 441
49 39 290
53 21 929
56 60 734
12 47 329
46 1 859
2 39 989
30 24 495
19 13 398
11 16 744
57 16 602
19 25 948
22 52 441
16 27 457
5 48 915
6 32 771
63 45 548
15 53 889
61 57 128
0 57 434
55 25 621
9 30 703
41 31 144
38 51 466
42 8 929
9 16 936
38 21 33
59 53 255
50 44 660
22 11 99
46 33 50
16 13 195
37 6 210
10 50 290
4 56 441
35 44 343
43 51 665
63 0 261
55 9 835
16 4 77
22 13 681
55 51 9
41 49 886
31 50 520
61 3 686
48 22 118
21 26 392
28 55 33
50 15 617
60 21 96
29 23 184
0 43 323
15 11 963
51 18 467
51 13 619
32 22 566
58 42 817
20 52 682
9 29 448
12 6 258
42 51 970
62 12 570
44 16 414
55 62 563
32 1 125
11 14 561
6 9 869
56 55 787
54 38 358
31 26 150
47 42 345
17 8 272
31 9 8
49 3 772
1 29 786
44 9 908
46 24 925
35 1 792
29 7 641
22 2 11
47 23 520
37 3 660
49 48 413
55 59 148
40 36 909
42 24 910
44 18 98
53 8 583
49 22 631
8 6 801
28 41 362
6 59 703
57 27 295
38 42 279
13 2 910
32 11 365
13 6 725
7 11 994
42 15 409
47 40 680
12 40 745
42 22 126
12 63 13
24 1 940
41 58 28
43 55 648
39 31 821
35 12 463
24 50 888
28 10 461
55 1 384
11 26 479
18 25 39
48 27 769
61 41 639
7 54 372
37 44 9
46 11 647
55 62 618
6 38 545
38 52 256
46 37 932
39 47 819
22 8 77
49 30 554
8 29 142
26 48 34
35 39 784
43 3 153
29 55 265
45 32 366
24 1 202
18 23 96
48 46 181
16 22 29
62 61 655
61 34 716
27 40 765
32 3 82
59 9 173
56 30 123
56 18 680
25 44 240
28 60 382
44 23 268
39 34 393
8 17 476
37 23 462
14 49 798
46 61 141
16 15 494
29 20 129
24 40 245
55 14 152
11 47 480
8 27 563
41 29 149
62 58 436
40 41 728
23 10 436
10 31 931
38 18 192
24 47 640
51 45 871
9 34 41
6 27 425
9 47 622
33 30 815
9 37 94
55 12 16
42 28 358
46 40 742
35 44 840
17 51 272
53 22 291
35 25 330
56 23 737
63 54 498
60 15 685
0 43 29
47 11 54
4 32 815
53 56 733
32 24 480
39 63 310
42 35 889
49 38 157
24 52 140
14 4 95
56 55 310
57 29 579
55 28 910
6 25 900
30 26 308
0 62 28
26 10 138
57 32 437
32 11 440
52 12 227
16 54 879
33 7 384
57 54 867
4 16 82
26 58 493
37 44 315
58 21 18
38 5 514
18 39 883
13 54 447
20 57 282
0 23 886
36 14 318
49 39 532
57 46 98
33 54 850
63 60 919
15 53 690
50 15 447
52 49 901
27 36 699
35 28 247
62 60 143
59 34 258
42 24 622
16 53 455
23 29 372
18 48 361
11 33 658
63 18 700
4 40 441
17 59 589
9 60 301
63 16 258
10 31 891
0 19 545
26 57 102
33 63 983
61 49 494
33 21 892
25 30 168
0 42 869
51 18 832
8 57 846
40 58 968
25 55 828
27 52 3
17 54 847
17 52 153
57 17 663
61 63 939
21 41 331
58 56 368
20 15 426
42 3 207
62 36 331
19 2 106
58 63 71
38 23 492
61 0 915
1 35 578
27 33 403
51 36 252
63 57 371
36 29 191
54 7 121
46 36 462
29 48 685
18 62 978
22 44 465
15 24 766
6 2 579
34 30 238
26 29 909
48 59 93
0 51 314
44 5 785
25 46 794
31 20 971
8 58 486
54 41 775
44 23 902
50 46 176
41 20 619
23 15 918
