76 37 579
66 33 871
0 133 633
4 154 676
119 83 897
150 0 710
44 145 585
141 12 290
129 135 386
14 52 198
44 7 792
13 5 536
82 30 90
153 18 242
2 39 688
146 19 896
160 45 299
87 97 666
157 143 129
114 108 718
2 66 801
113 88 119
46 99 586
63 112 775
152 21 978
139 55 271
25 107 404
160 119 143
135 106 923
157 133 876
115 51 310
146 1 13
39 56 29
99 3 819
128 58 521
71 6 469
62 67 134
123 51 692
115 67 227
66 63 681
70 91 572
100 25 686
98 49 705
0 20 947
128 26 787
112 139 284
61 49 14
89 40 123
151 37 351
70 17 72
127 47 649
0 99 976
99 147 517
47 75 562
88 53 108
10 38 550
110 106 132
36 143 277
99 56 207
26 157 844
33 66 41
157 136 278
119 45 972
12 91 39
17 35 687
48 36 411
4 27 740
139 83 71
85 136 372
153 162 204
47 109 342
27 48 741
4 111 696
34 4 784
111 126 617
51 81 296
96 137 265
144 31 783
113 154 711
29 143 906
62 55 225
144 146 839
64 115 634
93 44 290
66 134 121
135 73 590
102 41 332
21 153 39
19 112 158
150 139 667
90 16 135
135 153 223
79 71 873
119 80 137
45 127 299
76 153 675
48 100 340
74 24 977
48 103 422
20 80 200
12 89 320
51 150 667
17 109 894
54 59 707
155 15 699
136 68 817
71 49 931
120 150 49
88 95 918
106 23 176
5 148 585
120 95 449
153 136 605
102 152 772
51 150 297
22 156 40
159 107 183
78 65 383
111 13 191
11 84 816
19 156 253
86 27 581
138 77 694
142 62 693
99 49 415
26 37 311
130 109 593
158 46 477
151 93 121
78 79 443
105 131 572
63 42 818
14 74 740
133 57 348
32 84 463
126 57 54
88 82 833
89 70 500
106 95 83
157 47 979
38 81 344
44 121 242
157 85 933
160 140 597
101 132 278
118 30 602
119 153 281
159 70 590
34 11 596
47 140 352
27 138 609
32 47 29
79 114 876
133 78 416
27 163 594
148 53 770
91 41 839
14 44 661
13 39 376
146 78 162
39 82 666
154 12 524
125 74 641
32 160 834
132 163 630
20 41 284
37 118 853
35 48 715
22 45 189
63 38 61
116 147 934
119 79 594
19 125 913
150 71 147
22 103 402
127 85 778
129 90 65
93 85 564
50 3 518
55 119 111
162 0 517
27 56 518
99 128 893
92 98 681
62 117 888
49 158 654
97 117 79
77 98 962
80 81 733
115 148 103
35 44 341
0 44 757
54 108 305
47 120 335
29 68 161
151 155 412
126 144 480
71 6 119
87 107 59
141 77 133
85 0 220
61 156 624
121 138 286
133 123 138
151 81 343
34 61 460
16 123 35
131 72 331
38 99 105
79 53 120
151 149 60
107 127 57
61 120 92
77 27 708
91 3 760
27 33 656
16 90 525
119 9 573
48 139 351
64 36 849
33 95 605
22 114 216
51 130 220
109 126 818
115 119 413
49 139 715
101 30 368
147 34 924
84 69 359
127 146 985
47 59 702
93 161 41
30 43 833
90 155 73
2 87 10
80 118 943
81 56 909
119 37 196
46 53 923
31 56 212
83 51 163
108 98 713
82 13 215
131 145 230
69 110 967
153 20 904
102 123 671
110 80 551
74 105 926
11 136 344
88 9 928
42 55 67
148 114 235
31 72 524
2 127 409
7 127 238
38 115 16
163 13 73
6 55 643
157 18 446
25 111 152
11 31 781
73 158 706
85 34 73
155 101 777
16 160 348
33 110 747
108 1 421
10 26 542
90 77 117
101 53 343
24 153 265
19 93 978
63 28 380
118 150 252
90 145 396
30 94 88
48 8 460
109 24 851
55 107 913
59 93 207
121 38 67
117 57 261
2 9 556
51 10 939
41 8 921
144 93 223
92 59 101
108 3 678
83 149 838
46 111 773
41 126 78
2 120 654
96 56 368
67 28 555
75 82 868
70 14 303
1 23 294
83 52 583
32 155 39
74 147 800
129 16 580
152 58 387
16 19 279
5 102 635
78 154 99
157 121 758
145 129 597
54 85 293
102 146 348
79 133 875
96 122 978
127 63 973
16 73 442
139 160 810
37 143 879
7 59 385
148 122 57
76 110 907
107 78 665
44 155 484
100 20 375
58 55 202
134 75 752
127 38 604
117 38 805
4 84 445
70 19 587
59 24 712
146 144 514
84 144 777
17 69 715
49 91 726
56 142 668
56 30 10
109 94 18
46 22 457
76 37 884
86 133 274
35 154 366
59 45 377
57 90 405
132 0 625
124 17 703
35 79 76
10 11 777
163 100 332
55 7 922
63 18 858
20 92 233
126 51 161
148 16 344
118 113 750
153 54 670
63 79 47
89 156 32
16 24 576
114 119 393
94 156 603
90 163 229
36 85 287
43 23 315
0 139 677
139 55 891
87 70 51
149 152 730
8 44 634
125 137 869
108 20 273
20 105 18
13 119 875
6 54 939
67 160 943
103 48 947
106 47 171
75 24 475
9 72 223
158 93 340
11 68 262
116 69 671
121 29 240
38 44 420
75 160 589
88 1 974
22 43 191
132 123 729
35 145 927
141 122 289
41 110 964
4 101 224
137 34 562
127 25 875
127 157 409
4 95 959
80 36 295
77 108 853
3 53 517
143 89 322
89 15 877
2 134 932
50 49 726
23 6 329
158 118 381
4 149 8
132 32 317
136 65 98
87 20 379
18 27 347
103 15 131
11 163 528
56 157 612
15 36 956
11 114 392
74 101 911
151 5 611
113 105 854
21 10 60
103 107 971
95 52 606
132 129 281
129 73 206
66 108 717
18 123 894
130 92 563
59 89 297
137 93 162
26 31 652
160 24 203
162 15 487
59 25 567
46 109 184
39 128 19
80 129 493
110 3 725
21 150 812
97 54 777
18 39 301
51 140 893
15 117 973
95 138 538
57 156 875
54 128 304
7 158 426
153 1 563
78 20 135
107 139 750
85 142 478
17 0 604
122 121 144
11 5 928
92 117 464
51 156 578
105 143 433
145 110 485
17 116 715
125 14 392
113 121 396
46 105 382
15 97 487
60 84 42
160 28 205
43 5 855
120 36 7
52 39 151
55 19 841
3 94 186
2 152 932
58 162 666
155 64 117
64 61 281
163 55 503
12 57 349
117 66 323
136 18 584
126 151 285
97 51 609
122 118 87
121 119 716
133 127 387
6 26 437
133 129 976
32 62 413
80 90 426
157 35 977
49 126 480
80 97 476
1 147 724
46 138 63
123 89 278
67 115 480
56 77 501
4 0 790
97 148 107
55 127 187
138 17 933
102 148 500
90 40 207
35 21 300
81 83 466
75 140 319
121 151 832
91 64 657
50 90 635
91 108 103
9 42 289
59 111 652
94 93 664
52 99 346
19 107 117
49 108 462
148 111 766
26 135 780
119 146 311
66 50 924
113 35 703
128 71 354
69 17 689
99 100 277
63 41 886
120 111 547
132 160 2
79 114 509
51 4 496
133 31 339
73 71 900
46 153 818
5 152 839
127 153 181
129 131 595
38 56 440
134 148 681
0 93 35
133 9 618
150 58 3
13 42 478
150 152 612
56 88 998
52 0 816
36 120 567
134 152 346
140 4 238
122 82 368
110 100 659
104 87 430
15 159 521
57 17 419
122 142 11
25 144 33
4 96 815
43 60 685
26 54 941
115 99 297
9 3 884
36 116 704
90 17 406
139 49 981
127 41 518
4 67 54
153 41 57
1 143 718
161 130 976
92 57 425
9 58 718
36 65 140
67 84 910
146 14 384
155 107 412
32 95 449
139 103 937
31 128 152
110 74 199
62 51 461
34 86 164
128 53 846
138 108 565
113 142 702
129 9 204
105 50 541
146 150 67
47 137 122
95 51 918
39 19 152
87 129 93
71 53 180
39 86 257
28 47 837
31 28 91
101 47 904
28 147 780
122 83 123
41 112 199
59 118 724
112 14 530
77 94 698
14 137 859
115 142 660
87 46 634
9 64 935
161 93 297
18 158 497
160 32 707
44 109 81
134 94 443
30 60 935
29 6 917
80 62 659
121 17 97
143 48 408
81 132 642
94 27 102
115 84 553
108 163 545
114 50 826
104 75 609
61 152 106
140 101 784
95 160 973
97 124 8
84 110 977
48 45 448
24 59 578
135 147 271
57 161 477
157 134 66
1 66 999
8 33 417
21 138 678
83 71 425
120 134 385
134 37 786
83 123 768
162 125 720
141 158 619
19 101 734
142 13 959
119 109 643
161 47 843
1 24 507
70 65 91
52 89 241
8 143 599
80 162 914
31 90 315
93 157 450
45 93 278
9 99 877
109 106 703
155 74 842
80 46 675
73 70 981
159 82 54
43 74 649
42 91 828
79 159 724
162 4 326
107 55 308
85 4 280
91 7 218
27 156 234
118 106 453
111 64 623
42 12 366
16 143 575
26 69 155
22 119 883
15 29 858
148 61 31
132 149 191
162 5 36
80 144 644
114 89 111
22 106 924
45 147 560
62 11 333
44 124 781
137 63 17
108 85 72
154 112 984
146 6 729
150 74 93
123 68 759
157 11 945
150 141 813
160 111 654
0 2 886
119 121 782
120 133 288
113 90 471
45 161 443
77 31 487
94 160 204
149 143 597
112 96 640
36 81 822
112 24 520
112 132 358
141 40 591
50 53 403
43 137 160
35 22 781
139 128 298
108 68 440
24 33 537
59 145 69
100 64 648
86 64 563
37 40 201
142 155 881
42 85 163
4 9 589
141 138 724
19 0 509
150 85 919
129 141 886
56 94 562
73 15 21
56 24 844
94 47 723
78 127 244
132 129 174
130 92 516
45 84 21
99 57 135
19 103 773
95 42 608
13 52 343
53 17 799
2 72 947
148 60 68
79 132 453
78 46 741
76 152 651
89 0 787
6 154 819
133 33 340
14 95 857
146 109 700
42 151 857
58 133 181
69 114 664
40 162 99
114 124 202
12 91 30
28 134 888
78 43 938
29 145 361
9 121 987
83 35 468
50 70 962
76 108 185
44 28 239
5 157 317
115 85 441
57 128 739
95 122 6
62 160 997
43 158 973
74 152 965
75 153 708
79 76 307
9 136 130
152 61 864
43 109 242
104 130 481
65 52 489
69 130 422
49 144 484
113 99 462
47 103 224
38 49 287
148 88 970
75 127 523
96 87 386
87 122 556
82 111 849
78 162 523
134 56 90
126 59 989
75 87 981
114 143 258
122 124 720
48 115 660
118 33 30
63 133 790
111 61 32
127 17 957
163 147 748
159 144 979
1 104 90
158 26 236
27 118 920
31 80 897
16 74 786
151 14 222
33 75 937
78 37 944
28 161 446
94 160 835
49 15 864
29 108 413
150 30 823
99 61 624
11 46 368
12 98 421
81 57 757
77 148 579
46 64 29
54 138 846
114 162 746
50 119 784
104 55 520
1 84 942
94 30 274
32 133 296
2 153 421
73 26 772
63 2 549
54 11 552
8 54 625
82 152 35
146 81 378
20 46 815
91 119 652
118 80 125
124 41 33
122 96 664
71 97 511
45 140 405
143 44 275
87 143 512
85 24 1
64 111 885
125 128 498
90 28 945
98 108 388
1 14 319
41 160 544
123 128 4
157 86 927
40 145 199
102 148 358
47 33 925
126 149 328
144 126 918
80 44 195
119 44 312
13 161 728
132 115 450
105 121 197
69 46 433
139 122 659
145 7 401
97 137 648
61 113 441
108 101 474
66 56 469
99 60 817
68 150 588
1 43 775
90 37 330
28 4 79
74 69 743
81 90 693
83 0 572
81 114 518
61 62 214
144 41 161
99 80 412
45 81 904
89 50 363
103 109 337
144 48 825
58 131 873
138 69 970
39 46 912
25 17 812
78 14 31
137 80 201
9 41 819
133 32 548
34 141 68
34 118 301
51 111 547
49 151 657
10 72 176
28 114 655
94 35 760
117 22 804
122 48 183
67 132 901
160 25 582
28 128 52
46 115 843
67 75 292
24 43 839
8 144 429
6 52 39
162 75 459
37 121 924
73 136 617
146 6 824
59 67 291
152 109 537
46 49 385
157 26 721
159 4 250
51 121 965
67 125 613
151 9 475
82 22 582
71 85 587
66 102 367
65 131 534
19 152 814
9 1 816
144 130 470
101 158 807
37 47 124
109 24 105
77 2 493
44 162 118
134 118 20
56 163 197
39 10 966
88 44 297
1 15 677
49 9 290
43 127 308
1 116 227
56 7 767
29 156 741
162 149 88
36 152 387
79 71 393
25 5 483
64 104 493
159 147 23
117 88 478
115 161 853
162 51 813
119 1 88
154 131 372
148 49 838
8 145 864
143 130 138
150 153 352
9 63 339
98 136 444
80 84 305
24 100 841
15 59 841
70 36 52
124 12 704
40 92 24
39 11 314
85 25 951
39 135 452
2 34 736
25 20 545
124 80 846
34 42 470
119 36 759
88 102 733
26 57 913
87 137 174
122 3 175
98 107 178
3 114 711
14 51 555
83 54 522
162 23 33
40 158 656
149 83 336
156 161 401
147 45 265
14 48 73
64 45 745
66 126 385
54 98 263
69 33 51
92 59 651
67 12 842
45 115 129
83 117 337
34 92 418
26 92 220
154 146 297
118 14 436
28 160 676
87 55 223
114 92 996
63 20 349
162 114 756
162 29 62
146 130 569
136 42 262
111 86 410
67 155 961
8 94 534
25 93 13
104 122 581
80 6 517
160 66 909
34 83 319
43 129 483
155 108 785
58 17 686
157 83 892
70 104 808
59 74 310
129 154 542
120 44 285
71 162 603
102 84 228
98 53 965
108 137 919
143 145 271
125 61 524
142 35 133
97 95 555
10 90 30
140 79 406
66 114 717
81 34 100
154 86 784
56 126 305
71 60 245
31 2 555
68 4 641
143 137 537
119 70 804
43 106 451
61 157 969
40 122 50
128 21 997
46 71 796
118 75 566
48 72 927
81 137 815
97 147 31
138 9 733
25 131 134
136 69 764
159 13 917
117 154 645
85 76 586
161 106 417
131 101 259
145 17 629
60 43 797
17 40 451
76 153 822
127 30 148
80 113 330
67 127 626
77 30 232
61 44 807
1 43 435
8 71 702
69 150 973
43 87 377
9 73 197
154 44 176
43 152 508
36 56 987
121 37 349
23 154 252
138 84 745
11 50 287
112 153 397
129 141 137
159 146 56
90 65 921
127 93 386
163 106 80
43 94 800
141 45 383
27 36 229
115 27 764
132 56 13
106 37 124
2 141 598
35 157 166
147 146 967
143 51 501
38 111 703
78 21 596
1 135 313
46 120 614
4 140 305
32 115 941
146 141 327
93 96 491
134 150 428
147 93 890
35 112 402
63 18 465
35 94 420
106 154 417
119 116 424
148 116 944
40 115 791
29 5 198
75 86 700
61 155 78
104 23 764
42 157 702
59 46 980
7 124 824
41 137 190
155 37 91
16 56 383
138 18 359
31 38 297
102 89 168
156 3 970
157 91 402
2 34 711
47 108 355
121 10 839
157 21 46
65 20 808
133 94 318
67 98 581
73 82 966
76 140 823
78 92 80
57 145 555
131 102 549
115 134 361
92 18 673
7 5 660
48 29 370
102 108 83
17 41 753
44 3 116
29 118 793
142 19 197
134 136 766
152 118 163
113 112 564
126 73 630
115 43 989
97 39 412
75 25 8
129 122 893
85 141 624
32 10 874
83 50 60
5 161 859
65 71 342
50 136 319
85 32 395
82 54 632
80 133 434
69 128 17
25 125 258
160 34 984
68 136 922
118 124 282
110 98 925
21 132 99
106 141 792
50 44 435
100 36 68
79 42 299
107 62 877
80 89 853
33 129 843
11 83 630
57 3 74
21 97 622
76 119 174
60 136 832
43 109 369
31 124 411
159 92 578
107 103 132
48 67 905
116 7 727
47 101 504
4 69 88
90 25 936
9 17 184
111 61 141
134 84 690
139 146 505
43 26 913
114 38 76
139 72 866
100 26 269
34 29 584
47 100 588
90 83 94
103 5 302
75 94 78
7 21 534
126 128 964
90 39 111
148 101 869
9 5 951
45 93 351
75 114 535
55 22 618
86 114 107
47 49 714
55 66 677
108 105 1
23 84 881
62 33 970
18 160 967
106 62 358
32 104 803
35 59 379
85 141 579
64 102 678
120 34 126
33 117 266
143 65 360
73 82 553
84 74 815
161 76 554
95 53 445
121 25 67
14 68 839
102 65 901
32 134 22
136 117 951
49 84 68
48 1 553
42 41 232
62 18 536
78 122 864
137 69 652
160 96 91
32 31 109
18 93 327
79 145 446
3 10 85
30 162 688
72 139 26
105 46 706
77 84 246
120 59 42
87 162 208
129 75 849
120 76 973
76 58 573
44 154 963
100 54 291
23 58 538
152 74 574
73 84 104
94 136 530
155 113 934
49 47 670
22 138 808
8 113 149
148 140 894
83 131 829
34 28 771
15 39 670
115 87 734
142 93 258
160 132 468
70 9 817
127 163 912
31 162 483
24 1 31
112 137 306
83 114 291
41 72 749
143 31 543
37 8 297
122 22 497
88 163 263
154 4 180
151 45 548
118 76 450
0 50 416
135 53 744
146 73 650
72 121 781
154 8 915
31 101 987
49 61 936
146 23 237
112 75 548
69 154 596
88 128 530
52 143 472
134 54 585
15 67 807
83 128 391
80 150 196
82 73 63
26 19 622
8 11 977
148 85 859
100 97 422
44 6 799
102 90 368
71 29 621
147 27 75
63 3 269
125 118 811
108 112 685
97 140 762
75 29 330
86 88 994
47 8 252
98 106 661
12 100 858
115 36 2
49 58 299
33 162 381
41 153 763
4 11 318
150 110 149
62 143 266
133 9 671
43 60 983
63 154 1
8 41 993
7 78 875
2 80 817
111 85 358
20 79 163
10 148 986
72 66 577
136 163 583
148 50 429
87 0 602
136 95 46
59 23 686
18 146 944
114 123 320
158 148 51
27 137 942
19 79 150
105 82 423
136 2 190
91 121 697
163 109 959
56 17 579
68 91 673
67 45 9
108 22 886
140 155 476
2 57 426
137 31 546
53 129 924
102 106 677
40 47 361
118 67 149
34 35 561
123 16 516
11 53 38
59 68 864
28 62 641
162 21 620
41 39 101
119 146 370
133 39 673
120 38 733
104 66 439
139 65 531
30 49 471
30 119 524
15 75 158
72 8 816
131 132 520
49 151 15
50 77 12
134 66 292
82 27 153
115 154 361
101 156 816
98 89 363
103 110 21
14 84 651
38 104 439
97 77 833
83 101 359
62 96 267
140 77 508
36 152 24
10 78 707
105 155 621
154 49 908
144 72 55
3 11 535
159 72 679
147 64 112
36 48 622
149 74 288
156 157 179
108 133 935
131 162 639
133 69 451
37 124 486
56 62 783
43 135 110
83 7 139
130 19 485
72 141 497
48 144 330
21 26 441
133 162 470
96 25 358
4 12 844
82 88 756
65 0 787
90 113 706
132 120 61
16 64 349
91 33 819
102 4 243
102 19 205
30 145 398
35 132 427
66 106 742
62 100 206
85 1 855
132 100 313
15 71 39
140 82 32
150 109 694
33 9 145
106 18 978
131 31 886
73 46 242
91 1 976
14 109 355
63 12 494
101 29 507
160 27 597
118 8 207
97 157 606
5 155 705
66 65 215
148 153 797
4 116 602
121 79 599
113 2 514
0 125 509
17 77 898
82 53 771
26 105 2
102 90 171
52 66 113
132 8 755
108 110 473
0 34 304
53 13 450
98 137 414
107 157 877
73 52 677
142 115 100
54 11 526
125 49 202
36 53 677
115 95 540
22 27 22
34 149 383
144 56 862
77 72 106
132 56 725
39 43 284
16 28 972
17 80 92
109 88 894
9 139 409
154 112 786
32 163 799
93 138 714
152 51 513
89 31 285
27 136 917
131 69 756
31 18 165
137 90 856
13 154 816
110 39 784
5 86 284
105 13 134
81 122 677
5 19 608
18 155 183
135 101 663
135 113 37
12 15 732
115 34 235
79 128 578
51 115 22
150 113 285
124 22 656
158 60 259
156 40 399
148 149 460
92 47 478
22 30 402
28 50 440
30 161 220
3 52 286
20 95 577
76 119 512
60 107 666
60 131 390
145 102 631
28 47 896
23 27 630
158 1 918
162 88 893
25 39 158
107 113 73
141 92 367
23 13 212
2 88 309
55 85 450
162 103 179
60 140 625
158 103 264
108 87 29
156 131 72
7 37 47
119 30 950
115 143 281
54 43 709
89 116 216
61 114 752
125 65 637
42 41 669
74 102 371
118 117 9
161 42 57
29 139 358
113 76 582
1 147 709
117 138 745
97 84 141
109 93 932
141 76 784
28 27 396
123 157 155
41 50 926
53 137 93
140 100 85
163 90 396
144 46 781
93 88 889
86 109 988
35 32 806
0 118 97
69 80 336
150 103 848
53 70 773
49 102 409
76 86 774
2 70 581
120 135 577
52 13 704
151 2 304
162 110 462
64 44 974
4 1 864
161 138 639
73 38 13
129 80 503
94 126 232
45 48 1
100 146 470
58 100 743
137 153 264
99 83 572
4 36 218
95 157 141
104 117 270
104 125 440
3 107 375
84 135 746
67 64 600
40 121 80
92 67 837
29 93 329
149 31 617
30 47 188
116 120 45
16 34 275
0 5 41
90 33 54
105 142 459
2 150 949
133 143 516
42 109 224
17 122 642
147 25 240
95 107 620
122 41 190
56 143 839
139 42 475
47 137 210
115 36 717
47 60 478
90 14 768
58 162 943
115 58 216
2 106 986
21 111 145
129 80 497
76 15 410
42 134 785
107 148 118
6 147 673
14 50 326
36 149 460
132 39 406
92 79 961
104 6 285
148 147 745
21 77 387
71 80 668
136 163 606
24 71 836
79 60 699
71 29 758
161 15 204
78 11 870
105 116 278
46 62 882
31 121 924
5 112 710
96 130 288
154 76 620
80 156 93
117 74 573
9 23 640
104 159 681
139 114 96
107 103 166
37 39 526
32 11 86
132 31 18
120 89 140
25 55 30
118 133 594
43 13 882
130 134 989
71 162 929
136 13 226
30 55 93
122 29 977
19 153 675
117 152 416
134 47 638
60 13 790
76 25 336
18 88 448
117 101 307
105 78 323
47 141 41
20 121 776
91 65 58
92 96 63
133 141 683
157 115 258
92 73 171
59 115 990
66 117 246
104 22 104
109 141 119
152 26 56
129 0 331
80 29 676
11 116 229
129 45 542
107 159 384
37 75 922
40 49 148
54 90 34
149 150 750
16 113 307
107 30 644
3 96 82
145 153 27
149 21 352
35 136 503
53 130 424
43 90 889
135 160 361
159 4 253
84 22 905
72 11 805
163 122 960
72 22 484
23 2 736
27 76 477
101 35 342
136 149 318
38 45 118
48 107 194
21 115 864
157 28 924
150 80 377
133 100 12
46 143 350
42 152 160
82 0 558
38 108 442
141 26 10
6 114 256
72 115 604
93 106 505
136 163 528
69 99 422
106 139 175
3 15 13
65 69 904
120 67 452
41 6 630
38 19 571
15 10 940
65 148 157
77 8 754
83 24 840
37 6 311
45 148 750
44 20 859
53 21 595
103 131 851
43 2 810
84 135 648
88 47 709
54 66 174
149 102 612
63 3 387
56 18 18
159 160 834
75 107 839
74 55 959
161 140 640
140 107 958
99 39 250
38 108 504
91 12 85
23 148 845
148 46 495
124 87 861
48 121 213
128 38 58
99 92 978
2 159 884
107 117 841
86 13 342
48 17 182
140 99 154
89 53 868
69 17 816
95 142 107
145 28 326
15 155 256
15 8 839
118 155 451
0 41 105
101 43 110
89 71 845
95 8 195
136 36 332
149 103 123
126 149 34
147 133 454
122 137 566
125 129 854
56 80 291
38 126 517
158 70 920
68 132 270
142 144 478
154 84 499
8 150 664
93 20 337
46 106 53
79 66 117
122 43 974
17 23 935
95 55 924
68 147 542
52 31 31
97 50 350
159 76 591
160 5 367
15 128 83
132 91 960
33 25 148
93 40 109
7 99 509
76 57 192
1 113 649
27 49 52
105 79 63
6 149 673
49 105 131
54 63 746
13 146 903
81 142 592
78 59 833
16 45 254
85 73 455
25 43 502
74 90 330
35 161 531
107 46 90
129 158 264
70 5 922
106 123 28
163 92 444
14 9 124
57 63 930
155 90 622
21 18 577
114 53 589
105 56 44
17 74 796
94 19 171
111 122 413
139 82 873
61 119 28
102 26 42
66 133 712
50 14 28
86 27 290
15 59 359
7 26 686
49 152 180
71 76 281
7 36 470
70 148 52
118 140 488
0 23 624
37 148 891
131 19 473
110 19 875
93 15 32
62 153 963
12 91 236
90 3 804
102 103 224
70 31 266
88 90 378
158 50 389
2 124 108
53 90 72
151 74 554
88 57 598
46 11 679
139 24 824
97 108 542
16 118 19
27 96 670
143 154 87
112 1 375
157 141 368
25 34 354
82 136 339
157 134 73
111 156 824
35 114 716
40 127 794
101 15 215
102 138 84
35 88 507
44 41 859
52 122 690
136 81 970
12 134 841
43 104 781
31 43 893
90 100 87
110 4 20
137 104 881
47 75 716
28 137 346
64 96 368
88 38 461
87 151 426
99 60 759
33 96 683
30 118 55
103 35 129
111 105 997
60 49 521
63 106 922
12 53 268
66 92 493
86 139 15
143 134 913
7 67 328
123 31 879
122 55 291
6 156 335
102 124 728
73 157 242
148 56 864
102 145 65
162 155 88
144 134 256
36 67 384
125 11 768
110 77 217
78 104 780
67 139 59
88 117 45
34 115 531
37 0 649
116 130 134
11 144 217
136 134 536
8 98 937
155 30 549
85 52 561
73 143 213
56 107 879
26 98 577
137 3 676
80 69 363
132 112 153
14 51 220
107 87 194
35 136 90
100 53 205
25 12 185
77 95 850
78 144 983
103 161 879
95 10 157
156 58 54
41 35 562
80 67 337
67 98 560
105 79 713
163 65 898
11 2 121
160 150 836
28 92 495
82 83 158
15 57 786
52 119 359
125 77 932
150 5 184
10 50 754
133 113 931
118 150 118
149 0 880
145 55 682
24 143 939
142 4 151
59 3 740
110 108 908
20 143 554
51 116 902
47 51 227
97 25 762
88 70 463
153 26 588
125 61 39
161 21 289
129 9 977
156 34 219
22 10 238
153 66 779
46 18 594
79 131 617
64 161 629
78 158 875
55 133 300
0 12 283
99 141 761
40 22 466
41 71 365
113 141 421
50 149 410
81 85 312
76 33 576
44 155 590
148 88 805
58 157 39
158 163 562
110 40 145
22 30 453
21 23 145
44 100 213
94 89 71
22 65 6
125 58 745
151 99 597
93 37 184
97 22 239
89 102 455
34 128 765
103 43 745
10 47 218
23 46 844
71 93 30
104 53 64
96 42 155
120 79 965
31 0 835
109 153 251
127 97 826
157 88 236
83 144 707
163 30 959
15 1 606
50 117 849
57 132 300
62 71 341
33 69 703
132 60 368
88 96 496
75 86 392
126 91 903
65 154 660
116 48 231
120 13 602
106 146 365
75 85 752
38 91 226
89 66 516
26 4 839
161 143 894
125 73 559
55 102 588
19 67 443
18 133 960
70 162 662
133 112 914
4 51 297
106 19 123
138 38 350
7 47 316
162 138 455
159 44 372
82 143 653
44 82 648
154 59 769
77 9 2
30 21 283
152 151 848
84 19 948
137 78 690
107 76 857
94 48 999
156 134 847
99 129 609
16 137 668
73 103 571
106 110 774
104 44 716
105 63 256
121 109 636
123 50 971
154 122 155
140 58 618
114 2 65
159 133 691
8 110 739
139 153 382
45 55 386
6 3 113
86 44 851
55 57 346
2 89 808
111 145 186
94 29 782
54 106 638
163 58 106
72 53 566
46 74 526
33 85 441
154 150 874
156 149 591
38 8 289
26 49 217
159 152 860
26 56 440
70 75 349
76 3 174
32 72 926
31 151 971
60 142 287
142 74 811
6 81 395
128 74 648
15 56 905
125 44 954
2 135 763
146 30 583
67 49 674
83 6 604
141 104 422
52 0 682
150 107 439
1 127 818
50 107 158
23 117 593
162 91 230
24 147 307
52 86 674
56 6 937
74 15 850
116 4 58
56 37 215
42 159 35
107 15 194
10 46 307
81 100 457
58 163 734
130 129 436
20 100 98
27 6 888
45 2 450
26 103 631
108 160 720
151 148 407
38 106 353
136 36 710
82 139 20
1 38 134
118 154 819
145 42 543
42 102 394
17 77 136
12 9 389
161 55 19
106 133 218
11 78 135
162 111 302
46 162 288
24 41 751
133 38 780
9 29 167
52 37 961
57 10 651
74 159 435
73 74 925
151 82 415
162 88 892
25 66 99
99 4 78
143 131 201
68 102 661
89 108 116
144 141 157
16 7 198
28 93 883
81 0 650
11 68 139
98 87 563
45 19 938
38 75 94
93 111 667
119 49 487
99 80 796
148 23 421
144 78 96
116 133 980
72 30 630
9 41 145
143 11 278
76 50 136
60 145 255
139 98 59
22 104 715
112 40 200
158 51 14
72 9 418
27 154 946
35 157 221
159 62 911
134 27 198
145 64 227
78 89 969
52 114 266
79 100 598
127 20 545
80 70 570
92 46 808
80 74 881
33 91 329
88 1 678
127 95 322
64 60 544
119 52 802
84 135 327
86 73 344
66 50 753
83 123 279
38 25 461
156 56 115
100 120 951
23 28 975
139 65 252
42 14 474
61 44 745
70 69 395
140 110 417
42 40 820
37 92 683
142 91 1000
8 12 76
132 120 198
11 93 321
9 37 607
102 114 269
100 148 656
102 146 911
30 33 664
69 52 984
2 65 760
70 35 695
103 66 79
137 110 421
44 158 734
3 142 179
3 157 140
22 124 900
139 83 701
2 150 730
28 163 615
66 6 790
130 136 653
160 121 539
38 85 415
81 158 753
158 108 770
27 88 12
118 127 269
16 7 137
14 145 755
118 26 892
155 7 808
124 5 871
121 21 883
29 28 553
93 23 847
90 115 937
73 14 155
57 63 69
155 32 947
12 114 114
25 91 165
53 92 892
33 88 265
68 112 503
76 56 357
15 127 829
157 75 745
10 3 845
91 14 148
123 11 814
65 83 718
84 114 23
51 145 257
70 115 471
111 72 739
91 11 236
45 39 301
127 95 799
146 154 6
145 135 614
139 67 563
136 145 469
161 103 547
154 75 389
92 95 209
94 121 583
134 161 984
138 163 18
112 68 46
2 76 830
94 61 480
139 112 33
2 83 737
95 34 362
160 143 751
68 95 910
163 44 675
152 129 329
160 145 241
10 14 57
140 131 514
59 91 714
125 75 951
91 140 84
72 19 594
125 122 233
91 64 472
119 74 545
152 80 369
74 87 306
4 139 375
2 64 882
55 17 982
41 160 439
125 50 79
92 101 552
118 87 982
8 92 942
45 97 216
107 66 830
41 89 868
137 146 59
6 96 516
135 146 263
85 75 451
89 85 405
100 118 3
25 88 554
135 43 266
27 150 644
123 57 23
70 155 822
126 120 645
106 163 143
86 150 909
79 24 625
141 127 387
108 161 684
138 142 202
145 1 243
38 59 248
95 2 208
104 99 525
90 125 592
35 40 288
157 10 630
127 74 542
56 11 275
107 20 446
23 92 156
110 138 179
67 90 503
73 133 911
31 96 999
90 78 331
3 135 616
142 33 31
23 20 77
101 41 981
161 81 774
128 46 248
31 72 556
42 67 601
142 149 70
20 115 109
158 119 870
48 20 144
98 32 831
7 35 216
46 79 140
132 52 910
43 73 789
117 82 442
111 60 652
133 123 15
32 20 998
66 101 837
41 23 195
133 61 593
162 142 484
86 163 952
141 74 124
120 130 779
137 149 52
53 4 472
7 38 925
3 52 419
71 79 253
42 68 642
130 57 993
24 27 901
149 86 352
71 8 182
156 80 887
6 45 487
132 63 209
128 8 357
32 112 30
110 123 363
100 11 349
41 151 179
73 136 739
128 19 554
58 66 671
118 5 387
80 96 638
119 22 32
88 55 565
79 78 719
15 52 296
113 42 207
102 141 771
89 39 700
128 2 65
17 116 913
109 30 348
105 29 940
2 142 448
98 50 508
159 29 485
91 82 5
107 1 997
19 158 204
76 139 301
136 47 881
130 13 656
2 158 481
83 44 428
33 144 526
14 134 963
141 52 596
52 84 431
132 143 153
21 135 283
42 136 938
79 27 526
125 135 997
3 119 212
99 73 349
7 140 492
67 100 162
119 64 867
137 53 594
62 157 868
29 124 627
35 39 502
59 7 244
131 84 381
72 18 664
161 10 934
10 74 196
78 86 100
113 127 12
86 46 373
38 145 938
63 88 832
89 31 765
147 12 619
60 146 715
22 129 27
116 10 22
71 72 43
70 142 760
92 18 467
38 79 571
34 22 451
108 46 24
139 5 79
40 74 584
65 37 433
68 108 706
29 60 734
83 113 46
115 145 769
82 88 66
34 89 300
0 106 859
41 73 860
154 106 447
36 105 125
105 108 237
11 34 979
34 46 118
156 146 844
60 72 531
142 64 154
139 38 318
118 66 93
163 76 648
94 91 320
73 93 544
139 118 509
15 42 510
76 81 546
81 136 313
32 84 387
37 151 154
157 75 288
48 110 983
79 161 383
102 83 578
102 94 192
85 30 108
141 39 441
63 114 968
112 100 960
6 153 467
138 95 532
47 65 145
93 116 735
100 159 942
118 131 49
101 130 71
9 55 187
149 125 32
133 99 935
98 25 902
63 122 822
104 121 565
90 149 768
95 67 239
152 82 490
12 90 475
18 40 55
123 38 96
121 138 773
141 11 684
91 62 524
1 120 733
5 51 486
145 157 27
109 54 154
125 15 85
74 136 709
55 52 775
64 73 295
98 57 459
98 14 241
47 107 560
139 3 954
20 52 791
90 21 300
49 70 404
137 19 211
163 157 33
23 93 178
155 41 326
90 133 268
37 89 386
121 8 295
115 44 171
132 126 925
8 111 622
68 144 319
153 67 361
147 126 628
52 116 266
30 137 551
31 94 774
162 84 643
69 109 476
90 68 440
133 39 92
82 98 417
95 14 678
1 28 851
57 79 715
79 65 337
40 127 513
153 58 977
17 12 433
119 65 189
52 162 411
51 17 84
96 14 56
58 56 765
59 3 345
109 54 717
17 110 483
86 136 431
70 128 409
51 123 149
26 79 658
155 139 840
148 88 484
139 96 326
39 148 964
85 84 603
141 122 856
121 51 172
150 120 990
78 101 10
95 153 443
36 35 659
51 82 369
133 150 343
146 14 340
37 30 518
34 119 352
115 3 63
91 90 987
98 100 161
93 102 591
81 18 532
45 19 561
38 84 108
1 9 143
71 84 692
71 70 785
32 95 822
85 78 303
140 1 794
134 132 277
110 129 937
149 59 541
66 84 16
42 6 373
85 144 255
150 26 490
105 112 422
69 50 778
56 79 713
118 89 397
28 126 379
84 47 576
97 67 712
72 95 254
33 0 790
71 17 617
95 74 370
138 109 507
95 66 800
88 51 998
41 97 907
122 96 224
41 1 50
83 37 441
11 53 301
12 135 184
138 68 470
81 111 173
133 154 157
157 133 657
120 7 331
98 40 86
14 91 236
150 26 36
106 67 161
22 20 533
116 157 351
44 23 163
34 156 6
88 81 195
86 67 900
163 16 227
63 79 476
150 140 695
5 16 865
34 41 329
124 76 80
37 149 945
119 48 643
22 36 266
138 81 345
41 53 142
58 98 328
124 11 938
49 53 666
122 89 670
142 91 521
161 9 431
151 30 749
1 140 89
115 24 744
41 129 71
129 122 462
97 24 1000
150 97 898
20 76 548
87 76 112
67 57 239
150 73 729
0 143 609
51 128 983
113 96 552
75 54 345
80 132 143
10 100 609
152 42 676
138 31 908
12 44 947
124 118 726
104 48 383
49 159 6
116 58 765
103 124 514
9 13 362
155 120 1000
162 120 208
51 121 982
161 133 671
26 64 354
16 71 587
144 67 73
161 135 15
48 125 798
123 19 465
153 38 170
140 55 368
23 129 800
96 56 802
55 7 434
158 147 505
62 124 561
8 157 429
147 127 407
41 37 437
48 162 755
79 30 277
69 58 108
110 47 594
48 123 694
125 25 718
118 88 700
40 66 348
56 77 633
76 17 218
10 147 93
138 118 122
63 26 644
77 106 84
118 48 386
71 147 28
38 112 857
26 149 353
116 23 730
83 18 54
68 98 162
69 24 758
96 148 117
40 59 964
118 48 205
140 78 985
109 97 974
151 15 868
161 98 868
148 136 728
74 22 330
2 14 274
30 14 890
60 16 40
14 9 590
71 110 355
148 96 623
163 100 972
158 162 279
107 155 568
141 28 851
42 40 659
77 82 20
125 19 61
40 4 489
157 73 204
131 141 999
62 155 758
20 99 2
92 129 376
156 70 25
70 0 15
86 6 946
110 131 172
76 129 572
85 8 798
57 93 192
78 37 346
20 76 522
3 145 710
14 142 862
3 146 771
152 17 259
158 135 921
23 135 216
30 142 260
44 55 725
83 134 610
8 50 217
38 136 433
1 108 93
64 39 886
105 107 393
4 29 986
147 41 106
62 45 885
52 153 275
125 4 938
137 37 89
97 153 386
55 86 306
10 159 574
146 140 219
118 82 284
107 161 754
135 142 336
89 159 235
145 111 631
12 5 652
52 92 448
37 88 325
52 109 420
4 37 363
8 137 11
81 157 808
85 17 976
87 14 820
83 135 451
42 163 765
134 153 820
81 94 202
43 101 987
106 114 416
59 91 42
151 87 759
104 54 149
10 102 843
40 119 816
16 151 934
66 11 170
89 109 675
63 129 804
139 120 252
132 123 430
148 0 619
2 31 58
123 151 734
159 25 502
86 92 445
110 70 14
131 20 718
136 120 286
156 150 344
91 96 186
148 69 255
99 155 747
26 43 275
151 50 843
66 23 152
77 120 754
70 30 688
139 120 638
106 146 461
58 79 60
134 80 597
125 17 145
83 12 160
68 77 375
73 51 892
56 158 560
96 138 510
63 31 929
103 31 730
53 91 38
25 163 893
114 64 564
77 70 525
163 64 173
93 129 259
135 142 585
104 102 208
91 10 300
151 98 881
51 13 954
6 121 921
159 90 691
35 128 710
145 48 496
67 21 689
128 4 733
137 70 888
89 137 510
87 22 388
94 137 546
93 112 141
109 63 568
76 134 823
76 163 494
29 25 128
101 130 108
0 8 736
10 114 978
7 60 239
36 75 587
21 120 722
84 115 271
52 160 32
95 132 972
5 7 374
88 149 746
163 90 707
25 3 262
74 150 182
0 140 231
27 106 418
145 14 519
25 158 978
98 62 53
138 109 900
81 30 918
155 32 350
69 137 594
127 2 626
63 110 818
104 87 124
37 72 637
148 15 912
122 88 413
93 103 580
98 135 878
102 51 588
43 19 840
3 96 923
49 21 131
58 134 781
70 11 692
70 60 175
73 53 752
120 114 154
117 57 986
103 158 224
27 65 219
39 54 843
40 35 56
9 40 508
157 98 842
51 141 164
130 145 634
123 96 74
152 69 411
80 100 246
96 131 856
27 24 758
28 95 735
68 76 591
88 106 738
135 155 372
130 104 123
88 99 529
125 142 885
101 137 798
26 142 628
25 42 536
62 50 112
94 111 657
106 94 365
117 17 388
41 76 887
20 83 277
122 69 903
133 39 526
95 120 75
141 147 689
9 132 460
18 133 719
142 3 429
32 20 61
122 6 746
16 18 652
54 144 597
122 23 66
15 134 112
140 69 502
97 158 459
98 149 45
91 157 599
157 155 917
114 154 474
159 161 889
21 18 151
101 156 260
125 74 92
99 126 938
115 57 332
74 61 703
18 60 814
33 17 903
157 7 325
88 152 632
63 84 889
160 109 671
13 35 440
72 20 881
92 16 490
42 3 149
17 163 563
99 119 452
131 106 151
52 150 783
24 38 42
85 130 966
113 68 94
147 52 96
141 34 145
61 97 977
56 84 835
89 158 254
61 90 479
152 108 448
41 2 198
156 134 926
32 69 303
142 122 861
138 115 535
128 104 876
28 30 123
105 125 606
110 49 736
100 116 23
121 40 870
27 115 885
62 121 13
125 21 778
1 75 29
68 144 143
57 119 570
142 109 334
145 146 5
148 115 432
139 101 637
78 63 895
144 102 623
57 76 947
5 35 364
131 62 884
96 30 437
78 10 79
151 139 2
93 106 797
61 140 192
6 163 663
161 50 17
74 145 483
9 37 607
86 113 710
49 107 662
95 126 16
63 135 398
151 48 702
152 115 578
55 51 283
49 117 931
119 10 472
52 27 126
13 147 507
128 5 617
58 127 164
68 129 231
141 22 184
59 31 958
87 11 902
82 25 541
24 136 587
47 111 43
160 147 739
133 16 119
58 16 354
79 149 847
87 62 450
124 25 214
88 98 11
123 90 793
70 7 471
10 49 172
24 160 137
14 128 503
131 13 401
160 132 271
156 70 148
115 155 776
57 155 260
136 86 799
98 131 954
131 60 26
118 30 481
46 27 33
162 53 475
128 116 929
104 140 474
14 151 814
123 51 498
76 89 926
28 6 410
49 114 364
145 142 679
0 17 359
42 90 450
69 16 304
68 93 929
12 39 321
60 101 943
41 71 342
97 130 232
117 116 7
46 65 174
3 89 998
150 42 377
47 8 685
50 123 410
138 96 180
83 149 458
25 30 830
58 162 437
51 5 971
13 72 333
42 25 478
86 90 939
90 141 14
79 96 433
22 51 525
37 45 766
145 24 972
20 161 755
58 88 373
1 113 159
156 81 722
36 150 359
83 121 291
5 4 836
146 22 284
129 2 854
124 144 172
26 12 553
160 163 287
156 153 855
109 81 440
56 100 329
162 13 165
31 61 123
8 147 708
38 147 433
155 36 621
146 107 206
94 147 564
122 100 934
68 158 124
103 112 841
47 160 940
51 156 658
128 5 15
97 68 163
80 87 886
102 82 371
124 95 172
64 103 763
153 122 70
67 4 961
83 40 295
158 76 805
157 62 592
82 36 770
53 26 48
74 2 631
14 130 802
105 137 259
108 109 826
78 23 264
149 79 61
57 3 694
68 48 495
115 20 710
114 107 159
14 2 634
40 45 312
44 88 865
53 78 36
144 83 931
19 65 657
68 92 872
157 44 387
144 127 736
133 17 754
75 55 143
15 141 500
151 46 379
131 141 449
144 59 923
124 7 470
41 15 233
54 146 699
104 7 595
112 138 982
30 20 382
39 79 985
130 57 612
134 82 340
103 92 795
104 44 824
71 145 304
44 134 471
141 46 527
135 120 570
37 77 43
160 140 400
88 139 832
32 18 184
74 83 411
26 42 628
114 157 420
142 60 578
18 160 234
98 72 618
61 130 912
139 159 102
74 79 42
122 52 588
11 135 765
25 146 404
60 147 252
37 111 979
82 80 402
61 157 379
163 58 718
27 49 538
45 78 42
51 122 996
45 103 937
119 13 132
23 1 307
132 128 85
155 3 716
155 71 865
18 113 456
147 93 793
22 23 319
7 155 611
3 89 596
46 159 915
129 106 678
74 131 503
145 149 460
101 157 930
142 110 777
51 112 287
43 97 824
43 20 622
102 53 613
7 122 539
88 74 941
86 121 585
52 74 274
133 131 999
62 29 481
65 126 762
18 63 218
130 14 496
152 20 172
16 122 444
89 123 881
7 9 791
106 9 240
127 21 644
162 92 78
1 57 200
49 15 646
120 30 888
2 106 278
155 70 740
32 64 381
51 143 347
6 40 88
76 20 538
89 8 215
129 51 837
0 123 922
84 124 668
5 140 265
8 12 392
131 78 150
110 12 181
149 90 287
114 150 109
118 145 729
19 29 352
54 98 170
74 93 798
97 53 530
1 102 499
40 51 927
144 31 989
64 109 818
132 152 402
87 3 262
81 59 922
92 42 973
158 53 368
50 57 283
126 51 467
148 119 476
64 95 375
134 40 613
55 48 197
86 73 517
116 38 624
106 34 817
152 87 199
15 26 321
153 0 709
129 111 676
69 130 485
116 61 302
0 37 654
94 33 923
38 156 88
92 153 948
87 65 86
20 11 423
124 24 533
61 81 206
111 48 988
110 34 559
67 22 579
121 151 530
126 86 212
123 79 691
122 46 929
57 35 136
43 41 388
132 145 637
78 41 19
84 17 598
155 81 747
72 68 61
115 123 845
27 90 777
105 148 428
125 63 561
56 76 729
97 121 346
85 35 200
152 48 341
60 149 582
132 126 395
27 114 186
20 111 358
107 134 974
81 29 109
108 48 565
80 89 38
159 103 873
61 153 271
13 11 40
84 138 4
139 76 439
162 148 29
99 112 251
106 33 771
146 143 935
142 79 259
3 22 449
82 125 436
118 64 167
3 119 229
90 10 558
51 21 785
89 35 964
20 59 956
51 78 195
33 111 752
37 63 89
72 89 279
85 159 197
150 2 650
76 122 996
137 0 404
48 110 484
121 128 822
117 78 435
106 132 417
45 54 591
110 3 623
86 107 382
58 117 283
77 89 646
58 135 965
80 94 629
66 163 691
118 36 751
66 158 3
73 90 57
159 122 600
128 41 243
12 70 694
106 130 880
70 122 597
48 8 226
6 132 302
16 117 650
160 81 88
132 18 385
25 150 203
73 103 457
80 13 340
31 67 93
150 13 302
80 120 301
16 119 740
140 78 240
92 21 498
142 50 28
13 30 628
73 15 912
37 18 334
48 158 567
64 133 934
66 25 784
34 155 569
66 80 210
114 127 622
25 71 863
106 3 369
158 45 195
75 25 243
110 33 340
62 153 721
107 119 435
143 14 90
63 56 308
41 49 422
97 57 227
126 31 209
113 14 858
80 161 581
141 145 501
143 97 301
78 39 30
21 110 508
25 155 699
100 72 920
50 102 153
20 144 851
94 142 476
33 47 635
146 156 661
50 49 486
135 162 994
134 86 491
137 65 467
18 53 713
42 1 209
78 85 572
135 8 844
151 35 399
147 8 321
10 134 519
20 136 321
153 64 56
128 119 292
136 110 25
88 21 262
36 121 902
12 160 195
138 58 218
77 28 322
9 49 43
12 136 970
91 105 622
85 96 755
3 1 834
39 123 908
61 122 572
31 26 357
87 66 839
163 144 152
9 10 424
127 44 417
53 157 437
161 34 386
132 67 207
77 51 146
44 69 723
3 146 150
62 89 911
135 99 555
152 55 51
62 137 480
5 39 145
18 80 750
24 84 992
21 93 294
47 16 452
95 131 326
102 144 922
112 148 350
77 144 567
48 134 701
134 116 360
54 33 947
110 156 11
150 141 528
43 21 586
42 108 938
116 41 299
67 94 942
73 156 122
159 6 476
138 72 929
140 92 664
121 89 965
99 90 355
154 21 998
103 8 523
19 31 75
37 34 815
150 135 389
67 29 257
99 150 623
103 33 258
55 4 61
14 147 214
30 18 12
99 70 822
1 138 649
153 35 232
143 1 622
119 91 672
87 20 422
75 57 174
35 96 497
123 156 541
126 111 281
12 139 353
30 74 49
114 83 91
141 17 42
137 138 417
76 88 382
161 80 355
152 9 697
88 127 551
71 2 43
109 122 465
154 146 627
15 161 536
156 99 251
61 135 629
42 94 209
142 49 234
65 57 328
24 21 76
156 31 670
97 63 31
21 0 960
52 17 111
119 12 811
128 0 358
57 133 829
131 127 285
10 18 945
150 90 306
94 159 993
24 161 884
97 138 122
150 41 955
72 13 451
138 139 738
42 99 220
121 150 969
141 31 834
78 36 417
92 37 916
69 82 40
11 135 532
70 102 752
85 72 475
60 32 534
9 53 849
54 106 999
30 32 231
119 20 784
45 68 666
63 52 538
105 154 265
85 89 323
132 67 241
70 151 358
63 84 838
113 95 438
154 79 789
9 114 665
161 143 429
72 71 861
136 155 276
32 63 619
33 89 52
26 87 969
108 130 828
108 115 834
57 54 559
4 69 196
89 14 359
104 156 987
116 71 982
78 55 185
88 33 18
27 139 933
129 86 385
10 106 681
76 125 345
156 162 559
9 79 204
56 41 985
1 94 969
149 58 8
38 48 201
22 153 287
135 136 579
25 24 286
154 132 455
121 139 764
35 19 489
88 35 160
5 137 957
150 125 283
122 22 487
111 127 591
103 147 994
147 26 472
159 132 736
118 89 113
38 90 341
25 133 508
79 151 139
1 160 741
8 125 939
75 37 862
4 11 882
45 119 122
57 65 395
26 31 244
3 135 758
39 109 369
77 156 354
108 153 872
26 47 417
78 63 307
9 62 132
11 15 830
139 129 328
11 116 556
12 14 288
22 88 930
151 71 876
126 95 630
76 95 374
115 83 511
143 130 765
30 24 963
75 46 608
45 17 890
129 132 691
32 89 2
60 160 514
90 36 190
67 28 26
96 30 514
14 129 464
148 133 201
156 86 264
149 52 244
142 156 963
48 42 237
124 79 684
12 112 442
36 38 535
159 43 281
151 0 446
78 163 349
133 82 764
45 107 694
6 28 887
134 46 988
80 72 471
78 107 270
135 44 140
133 160 936
157 2 28
20 27 646
99 98 683
27 59 411
133 124 850
92 57 901
97 76 205
89 52 700
59 54 333
120 53 650
115 118 519
127 162 234
48 79 114
77 67 504
118 19 207
109 34 452
39 128 240
65 33 475
6 23 951
46 148 925
23 137 190
151 108 407
104 163 313
30 7 371
40 60 638
128 134 352
100 61 999
136 112 295
5 131 181
10 119 394
82 102 977
39 125 149
53 17 277
152 74 790
159 112 309
88 56 950
108 23 982
88 80 961
157 132 263
129 84 772
83 121 760
107 105 63
157 58 679
26 69 670
53 38 614
46 3 863
24 114 279
134 88 543
129 151 264
111 53 719
89 69 509
30 83 6
138 134 755
80 64 534
158 13 570
93 146 60
142 73 252
110 140 476
61 38 207
39 74 499
79 129 157
102 95 630
141 89 139
11 16 277
52 81 357
148 81 652
141 63 794
98 143 19
88 53 396
110 136 373
137 157 176
106 152 401
149 162 991
136 91 755
8 41 335
113 106 296
103 28 432
4 66 221
131 28 481
126 86 738
125 107 331
18 92 576
117 110 20
78 133 394
77 31 571
116 148 314
58 39 892
22 132 365
158 123 291
58 22 3
152 144 891
108 98 233
40 152 937
89 13 417
157 85 301
96 74 945
16 104 837
74 153 928
88 43 353
158 144 482
62 2 176
134 110 788
15 77 513
62 127 205
39 89 296
100 116 443
4 61 898
39 41 602
84 50 265
136 43 179
127 9 79
96 70 269
121 43 246
99 156 60
131 108 999
157 75 407
72 134 629
20 123 826
16 19 382
59 114 316
94 122 577
18 156 163
80 57 377
17 55 621
96 161 186
100 124 984
124 91 403
143 22 265
51 67 935
42 120 603
123 64 947
143 150 325
29 35 844
25 113 965
114 26 736
123 163 445
132 88 695
87 44 498
39 94 861
5 79 918
145 56 693
153 49 602
70 35 678
67 42 130
74 37 482
26 11 502
14 117 764
64 78 727
98 92 886
105 142 379
78 107 677
75 115 188
66 80 676
58 84 87
133 12 876
48 33 945
70 19 76
126 103 183
44 71 703
68 85 946
153 144 337
10 28 194
122 56 591
103 55 464
137 141 836
115 54 861
38 124 353
89 64 708
119 47 392
120 18 643
104 87 587
56 48 131
5 39 292
143 78 179
76 146 591
22 17 726
150 126 443
159 75 480
117 47 724
76 115 640
156 92 883
128 121 619
23 154 244
84 133 584
111 69 988
69 107 630
102 163 635
56 153 426
134 154 925
104 61 871
34 161 225
158 27 400
5 95 886
8 83 416
121 101 953
127 142 407
47 24 76
161 143 463
107 95 246
119 5 795
102 19 429
117 155 426
108 137 1000
67 124 518
150 71 771
50 33 483
155 26 160
131 149 767
4 39 274
104 106 7
110 107 316
79 127 578
8 38 489
69 157 870
106 51 905
49 52 12
147 22 245
90 55 570
59 11 21
127 115 300
117 123 509
158 46 125
46 38 246
149 11 39
115 72 802
68 128 319
39 60 574
80 105 90
122 157 235
75 84 35
43 41 170
153 58 733
65 107 241
135 33 171
162 17 586
37 36 238
73 55 597
48 161 435
80 108 20
162 55 414
46 13 388
42 139 169
160 13 376
100 145 472
103 0 584
58 163 413
22 53 420
143 92 837
145 129 780
154 97 332
139 68 760
33 149 24
69 162 320
157 77 680
3 36 831
94 56 729
24 49 105
152 159 373
36 97 360
16 138 456
10 71 342
113 23 258
24 84 853
15 120 752
49 59 773
90 70 665
7 70 139
73 25 286
157 146 964
123 133 571
125 112 223
144 162 541
156 72 36
74 3 84
6 101 178
136 7 79
64 69 73
83 134 143
140 152 10
44 106 442
77 51 477
152 138 351
84 53 953
32 52 605
110 85 891
30 122 763
123 92 163
162 116 701
32 162 16
2 24 356
108 109 585
159 132 632
85 6 972
132 80 526
102 42 722
2 128 182
107 21 527
154 18 79
51 30 216
127 21 231
81 75 647
125 89 728
151 146 552
144 14 829
24 9 126
65 97 910
67 91 19
94 151 23
24 47 881
79 1 980
74 161 217
159 63 967
22 109 651
149 29 201
62 55 757
13 85 961
29 148 16
120 33 648
138 32 340
23 135 881
12 73 119
22 50 689
112 80 286
35 89 175
158 97 784
76 64 667
98 20 70
68 41 482
57 18 779
111 50 347
129 65 269
146 37 526
14 34 761
156 107 741
153 79 131
56 119 555
7 71 733
120 98 965
57 36 199
130 81 612
44 158 611
114 127 169
71 159 245
136 44 96
123 80 697
108 141 526
9 30 839
116 115 505
6 98 811
34 64 428
54 89 59
72 81 111
4 56 961
131 105 200
120 68 780
19 103 785
60 27 444
105 53 902
91 85 604
111 145 543
126 66 70
20 6 448
7 99 87
111 16 559
63 135 800
14 45 182
31 35 803
27 57 106
127 138 149
83 161 203
141 38 274
25 162 817
131 125 660
20 14 569
87 131 793
23 145 330
102 43 459
46 147 65
120 47 939
127 18 409
62 36 80
133 137 283
9 90 998
27 22 565
100 75 122
70 48 101
23 69 263
99 114 489
3 84 69
147 56 922
133 22 913
161 46 643
138 27 195
106 37 298
123 97 736
104 106 765
29 70 678
81 109 832
77 110 508
160 88 350
142 19 834
133 159 645
31 135 48
74 13 643
126 134 192
97 161 496
102 32 786
52 162 175
94 154 990
87 54 344
16 112 413
97 78 37
113 78 42
94 98 759
158 5 681
159 85 798
116 25 230
111 51 444
150 117 243
24 112 76
156 83 414
14 1 796
20 35 49
115 141 250
61 39 494
64 100 148
122 85 502
60 148 333
120 142 511
88 65 367
84 59 539
153 87 347
10 13 809
7 95 519
98 26 518
14 154 982
40 111 970
49 147 251
133 55 403
54 78 45
107 126 565
98 163 453
41 155 873
139 76 872
94 28 526
50 69 230
113 155 375
63 31 646
148 150 154
81 151 312
29 21 69
30 139 549
131 142 13
23 120 959
105 72 559
29 6 774
55 110 387
95 62 988
68 73 931
92 17 842
15 9 409
67 39 181
91 142 164
144 15 845
69 108 773
69 14 877
108 123 182
144 134 525
154 70 576
141 130 45
47 144 369
59 78 183
105 22 164
40 121 78
127 19 194
107 119 119
118 126 136
156 68 812
107 35 37
108 20 994
128 59 361
13 52 759
72 106 743
131 95 410
123 19 892
136 134 31
31 8 695
35 152 532
128 43 687
55 135 284
28 132 540
15 9 426
146 5 454
23 42 545
66 93 890
123 40 344
90 33 314
14 19 747
39 86 661
84 131 53
80 9 828
112 33 675
148 110 503
9 142 73
112 27 687
136 105 613
117 32 974
32 83 149
116 96 476
127 142 348
155 159 982
3 160 380
16 51 624
95 57 251
94 127 358
145 146 12
73 47 776
103 49 721
67 15 550
89 133 889
136 98 325
67 40 361
32 26 206
10 104 934
66 43 115
38 97 956
98 2 393
108 114 17
40 140 772
83 43 181
8 147 328
51 48 18
33 57 299
38 104 536
153 66 106
102 130 991
108 32 971
108 123 655
141 26 536
91 85 568
5 158 238
146 14 746
45 64 71
34 23 426
56 70 17
14 19 681
17 147 55
72 142 866
44 150 925
79 90 256
127 159 240
155 83 424
35 4 913
4 121 543
126 0 99
156 15 853
114 108 28
14 6 708
10 161 30
140 32 10
145 35 616
155 121 359
151 159 297
96 90 671
105 6 33
131 158 977
92 76 366
148 117 502
125 101 443
41 38 680
53 150 148
119 96 529
92 20 625
90 62 194
25 74 44
10 64 263
32 61 322
83 81 646
103 25 300
79 122 726
53 132 751
124 114 961
61 150 200
140 23 117
153 28 552
18 57 282
155 136 369
133 81 865
16 26 557
21 100 652
122 4 421
139 107 201
76 16 121
32 14 237
11 60 142
76 159 265
101 152 353
11 13 216
27 28 613
76 161 760
47 95 859
154 22 700
145 154 199
129 128 215
30 153 362
144 97 82
24 20 888
63 48 910
65 84 942
114 16 412
29 38 403
94 142 261
107 81 481
10 99 895
24 1 643
106 48 668
2 139 821
97 101 870
38 124 307
82 74 535
25 34 545
101 103 1
154 41 321
137 11 793
12 83 139
152 70 490
113 84 737
26 78 372
149 139 416
90 100 84
34 117 478
90 52 803
94 154 31
145 160 223
135 48 115
28 53 372
50 163 797
73 111 979
141 51 711
29 119 717
77 21 890
142 107 976
94 95 230
150 143 754
31 89 896
38 3 638
137 163 12
143 80 481
34 88 836
100 72 375
105 131 556
58 6 442
75 36 678
33 30 558
71 104 807
158 52 550
83 27 539
51 128 708
61 34 55
110 99 515
0 91 426
17 127 966
147 15 995
74 67 66
43 128 764
59 156 357
49 123 245
44 128 365
17 0 998
7 68 387
17 66 830
140 117 208
145 127 456
144 127 398
52 117 275
94 31 914
77 88 352
30 80 307
71 25 952
33 101 488
89 35 81
139 55 753
42 149 386
98 154 799
70 76 86
110 103 816
148 91 634
98 110 581
36 144 308
114 153 581
87 14 685
105 38 755
11 148 483
22 70 396
20 100 984
80 69 945
100 91 653
92 85 938
137 67 705
162 36 69
31 78 536
152 31 709
90 114 416
119 125 473
9 7 302
43 132 542
50 155 276
133 16 525
62 76 661
83 144 23
3 137 451
108 101 957
65 144 657
2 11 771
82 22 86
133 57 358
150 45 423
149 101 882
136 58 429
116 115 52
151 97 750
132 77 288
133 29 647
148 23 142
93 142 292
41 97 349
142 65 749
16 55 767
127 162 572
19 52 109
144 94 14
21 92 852
123 19 348
138 1 683
7 93 549
100 69 839
151 31 653
24 138 839
72 114 813
54 33 489
142 138 736
13 12 535
0 58 692
145 77 38
53 134 210
59 14 42
42 36 140
64 82 730
81 44 204
160 27 688
159 56 443
87 156 265
27 60 249
73 114 333
41 56 219
76 36 700
0 4 604
4 26 781
77 152 874
118 38 766
55 11 982
111 147 474
143 6 759
123 120 758
60 137 449
92 68 369
104 163 966
162 60 383
126 151 28
57 2 372
22 61 210
132 117 267
66 152 404
129 33 713
101 117 597
48 6 590
75 2 27
125 135 944
89 42 62
41 20 814
63 124 688
20 130 89
78 76 215
123 30 568
53 41 435
1 160 788
60 131 273
26 42 493
55 138 451
103 10 204
19 75 102
48 9 835
75 121 646
133 136 588
86 97 729
103 148 599
45 117 397
153 70 610
34 0 565
103 147 672
113 159 969
23 95 608
76 162 696
62 132 839
28 151 517
78 32 111
62 103 307
16 94 505
36 81 930
54 8 264
148 4 79
62 16 231
98 147 57
109 10 83
51 73 407
136 57 805
72 39 657
52 53 257
84 56 413
95 136 838
32 14 262
6 102 14
142 59 27
74 93 144
128 163 689
140 137 534
3 153 873
116 159 475
122 38 50
89 22 16
133 129 460
163 65 68
15 146 103
90 123 273
99 132 226
24 98 928
142 115 16
50 72 736
66 151 103
154 13 268
140 126 521
54 134 375
62 25 524
155 49 344
40 154 642
127 101 34
158 92 637
33 11 957
38 66 638
101 63 100
1 11 291
135 117 998
0 118 287
25 90 835
87 122 660
61 73 30
78 50 302
36 12 749
147 124 112
146 92 40
42 137 65
88 132 334
69 11 630
122 144 210
80 134 534
56 8 314
46 23 800
58 21 879
79 66 944
9 12 939
138 27 779
141 152 55
145 35 67
129 84 8
23 115 139
116 161 700
84 106 91
33 163 13
97 65 756
46 0 915
163 155 102
118 48 941
85 23 504
129 39 679
103 49 296
19 53 292
115 88 558
157 10 173
155 87 55
28 139 620
131 90 489
24 112 364
46 42 70
48 161 306
133 62 256
32 150 595
27 36 212
132 144 143
146 97 781
157 53 182
147 59 965
143 10 177
8 140 568
104 118 783
108 10 839
145 11 658
43 105 658
155 96 472
124 142 223
130 101 228
21 14 641
19 13 261
160 151 340
42 95 553
140 143 901
156 2 967
78 56 150
138 28 974
162 137 62
81 132 196
62 15 100
101 156 543
22 87 407
3 16 915
26 135 241
33 89 845
19 154 795
37 154 260
7 20 266
136 99 500
6 0 611
95 123 836
9 113 613
147 57 521
157 35 993
156 136 279
109 97 904
128 158 848
25 103 556
22 80 558
101 95 507
86 89 59
116 18 681
16 150 585
120 136 549
114 97 174
54 140 618
83 34 910
105 127 592
34 118 879
143 6 886
135 94 216
27 156 528
42 89 131
159 81 493
9 37 220
136 59 734
29 11 556
58 157 590
41 70 268
139 125 285
27 105 38
49 64 431
74 144 871
108 125 342
32 104 439
121 136 400
162 81 721
162 63 494
83 124 478
124 128 780
38 9 388
127 157 369
81 95 100
42 155 798
99 44 657
20 132 9
152 72 679
67 92 364
85 99 808
135 142 424
116 9 118
86 35 514
105 65 883
128 71 855
72 99 382
78 61 654
17 162 538
37 159 474
75 37 314
161 118 100
90 57 320
150 22 522
74 149 48
38 44 421
19 92 979
68 114 301
119 58 120
2 156 225
56 37 737
28 58 4
140 82 536
93 149 486
54 92 750
33 81 538
21 20 123
147 92 91
0 83 915
32 2 550
124 90 79
62 47 70
147 33 625
133 10 549
6 110 836
163 79 623
4 16 91
111 52 61
7 11 882
110 18 351
116 66 882
59 89 537
104 132 468
162 62 673
30 56 395
126 0 100
49 128 576
142 160 723
61 6 43
117 18 462
87 145 456
126 120 528
40 35 347
107 79 24
80 102 522
142 109 309
134 160 528
47 145 628
89 155 99
19 158 654
19 76 178
155 74 878
81 86 10
127 159 413
161 124 644
29 25 200
47 1 984
150 104 696
93 72 779
153 58 6
115 48 733
139 88 948
57 70 192
40 42 821
42 127 637
16 9 737
159 50 769
68 102 897
116 91 625
147 24 962
65 32 773
64 76 995
124 78 786
110 135 209
4 79 76
7 84 589
118 26 168
15 32 158
55 115 797
121 74 803
57 34 680
41 61 515
76 42 578
31 85 926
48 136 692
151 86 581
130 23 391
69 160 767
15 117 684
43 96 272
115 104 368
81 37 997
3 73 9
50 107 264
33 154 368
110 74 917
155 91 650
74 7 40
24 59 614
115 37 524
159 83 647
9 124 865
150 49 35
75 40 835
6 44 739
139 7 481
155 82 959
35 129 534
128 109 438
95 130 365
153 48 290
15 84 546
38 150 567
151 161 620
15 38 255
117 146 74
73 152 609
137 63 874
151 16 396
155 52 61
135 47 388
13 103 245
133 20 876
112 2 192
65 1 852
14 24 912
3 31 182
131 137 538
46 20 470
34 116 554
93 20 359
124 16 521
5 39 894
151 121 386
49 128 554
72 134 255
30 9 246
35 102 178
124 51 849
8 105 969
160 39 184
86 8 877
63 14 291
146 115 149
139 22 996
75 146 486
137 87 158
92 110 206
80 94 253
121 27 551
71 53 951
153 63 95
13 158 293
14 139 731
77 57 965
10 109 201
59 109 168
87 153 904
80 83 229
98 72 386
44 117 502
62 11 724
25 104 391
71 56 171
163 122 162
97 90 706
121 19 70
26 118 109
35 106 247
3 114 34
41 106 908
10 73 616
131 141 26
57 137 867
45 147 660
28 40 945
4 28 410
147 89 665
65 53 803
57 113 774
111 55 69
93 24 735
96 9 943
7 71 69
160 109 189
46 59 974
42 74 587
65 148 211
154 90 119
61 2 553
139 45 428
5 48 601
3 89 681
105 116 799
132 45 640
68 142 118
18 146 124
56 48 864
84 97 158
0 139 846
163 63 808
119 15 765
72 141 457
124 139 54
13 23 840
157 62 426
69 144 208
105 76 354
89 37 938
17 58 958
93 23 421
90 57 400
125 45 439
129 102 970
79 58 735
86 72 182
2 3 794
158 52 512
112 63 758
106 40 486
105 63 543
69 81 995
26 60 876
121 48 75
130 80 659
142 67 36
151 159 307
109 143 136
144 74 910
141 63 493
50 153 457
4 89 912
129 94 708
19 67 521
37 67 628
157 25 118
81 116 214
111 4 543
48 10 373
16 59 189
18 154 813
132 45 631
141 25 555
129 147 127
94 109 48
121 160 260
122 46 159
140 90 324
50 139 437
122 30 843
85 107 814
158 62 261
137 20 104
60 14 339
45 40 50
100 18 370
98 153 819
111 16 615
129 5 531
29 24 244
99 10 284
129 20 372
4 3 803
142 149 656
83 138 333
45 141 376
160 74 119
3 152 736
156 89 837
70 44 737
0 33 40
69 121 896
41 66 980
119 26 726
101 134 993
73 1 386
38 115 988
117 138 781
21 100 698
7 150 166
73 95 708
136 146 497
39 115 683
151 83 554
118 51 375
114 157 199
83 0 772
145 25 330
12 9 58
69 67 447
71 128 288
142 63 612
86 133 181
102 57 900
49 134 299
60 94 432
162 3 726
50 48 354
146 8 823
107 109 179
158 58 92
153 72 373
52 135 188
75 87 946
157 84 448
77 9 447
87 104 381
1 30 318
144 26 30
92 58 684
138 153 415
129 21 766
49 118 531
82 107 399
162 28 20
9 127 178
12 162 973
38 1 33
22 49 10
74 45 559
18 134 155
114 73 368
78 22 556
127 52 493
158 28 626
22 114 388
153 76 844
7 5 294
89 76 481
157 104 285
135 133 771
79 26 905
113 115 754
2 154 825
11 85 557
54 107 876
67 49 846
95 54 714
7 92 789
98 137 480
59 107 539
33 93 140
158 8 577
75 6 774
37 128 525
52 50 541
160 120 35
128 142 278
62 44 870
115 61 191
153 57 581
121 47 560
92 106 772
91 5 223
94 101 990
44 77 643
51 159 534
20 142 568
150 148 526
64 76 51
5 3 930
36 1 954
137 46 443
123 151 399
5 160 134
0 102 724
123 79 639
137 9 520
40 147 736
122 145 2
3 121 744
117 7 645
144 39 845
110 133 368
142 56 755
161 158 402
111 46 379
143 122 540
64 93 460
163 67 505
93 15 252
33 112 394
12 57 325
91 149 41
162 149 607
151 49 370
141 49 962
112 162 915
140 62 476
27 117 861
84 14 814
106 42 962
84 35 236
158 74 390
39 2 397
106 6 866
11 124 331
7 80 851
123 163 758
96 142 441
27 74 836
92 141 907
31 2 379
86 82 601
20 64 999
107 109 34
54 4 64
142 134 432
147 84 753
67 82 231
27 84 597
72 104 910
94 15 872
146 7 704
12 75 273
154 63 973
118 123 562
33 93 788
81 13 612
57 75 711
137 37 737
15 50 247
139 114 423
113 25 200
87 57 629
103 24 539
94 71 324
131 12 268
65 91 615
141 63 66
27 3 101
147 49 667
18 69 637
143 87 337
54 12 683
97 124 729
138 116 758
74 119 887
112 55 316
91 61 89
21 157 100
80 46 931
97 36 841
113 7 73
0 12 849
18 111 451
74 37 642
160 82 33
11 163 968
46 152 146
34 105 695
69 124 172
111 57 729
141 123 562
143 41 150
29 130 593
126 89 601
103 46 72
133 54 323
71 6 834
154 110 163
137 97 949
119 13 392
151 27 459
60 33 919
133 102 656
141 106 146
114 36 751
115 163 422
110 13 42
93 7 476
102 93 372
40 35 431
42 19 555
69 66 747
119 14 254
32 155 569
108 46 705
147 141 934
37 34 488
36 158 765
3 38 263
138 55 297
141 46 214
33 16 264
21 26 441
93 73 494
87 0 760
33 159 882
106 145 310
153 93 696
130 27 393
115 60 694
121 68 992
43 92 292
115 104 93
88 7 118
120 115 261
104 70 197
100 82 560
142 55 26
57 105 9
62 83 979
113 159 138
142 40 822
85 76 907
132 117 688
77 163 745
101 151 573
141 57 428
86 157 129
95 107 415
142 132 901
100 56 463
75 0 452
137 135 746
28 49 41
18 152 442
144 127 51
62 105 777
144 107 741
36 127 707
90 128 909
27 119 107
123 49 786
101 30 798
107 163 180
59 71 468
119 44 671
42 129 412
142 132 984
40 38 584
131 14 911
47 153 566
58 143 518
79 118 586
41 61 325
69 30 647
106 82 253
73 81 190
123 108 873
152 124 272
126 60 190
8 140 65
38 121 573
45 85 86
153 34 174
28 33 258
23 117 361
109 134 455
163 75 514
26 114 417
27 64 55
109 47 26
71 130 255
40 18 694
79 93 556
162 121 836
27 140 205
48 81 252
81 75 916
46 12 919
60 161 814
122 76 228
51 115 585
149 34 734
44 91 800
121 87 917
58 150 872
70 124 764
118 13 420
81 113 401
59 23 168
94 110 67
58 18 201
64 130 211
82 116 575
150 149 1000
122 157 849
44 159 595
127 26 867
89 114 893
152 98 567
40 98 492
42 135 459
125 110 711
121 16 682
79 73 444
110 93 975
80 55 438
48 106 714
141 126 850
95 103 331
7 149 964
46 116 133
42 113 318
45 7 187
143 156 596
150 14 941
130 58 970
110 46 571
64 82 93
53 157 410
82 129 678
104 162 519
158 41 47
123 154 455
41 156 288
107 11 73
23 81 810
28 120 338
11 93 282
55 87 276
87 101 871
118 14 204
127 18 957
1 112 109
80 55 743
152 69 498
133 154 787
152 88 833
66 6 760
13 109 63
30 105 90
63 15 23
27 135 654
31 14 96
143 155 220
110 88 970
12 139 566
4 74 90
122 66 627
91 18 939
79 9 454
18 106 787
132 23 33
142 15 81
85 40 265
62 58 243
17 72 517
109 12 550
112 97 119
31 84 333
149 75 953
35 152 616
106 107 275
98 52 191
159 10 417
15 87 41
122 99 548
83 78 419
73 59 781
118 130 747
36 159 397
62 0 993
147 3 847
26 56 740
41 138 65
36 139 906
23 84 952
129 132 842
8 75 150
4 126 75
17 156 20
18 50 114
103 104 187
83 141 883
82 69 734
66 10 59
62 54 965
136 141 641
111 11 230
96 160 938
30 71 436
128 124 342
100 26 14
120 50 155
31 68 299
130 113 700
21 5 443
90 47 379
39 81 757
163 122 25
153 98 320
155 128 828
80 26 738
95 25 787
81 152 390
11 162 310
157 55 82
84 38 585
112 107 920
22 110 38
113 88 809
139 50 762
76 84 98
131 34 14
64 152 489
113 118 646
2 121 881
20 86 89
130 141 615
99 107 126
39 144 469
156 142 337
151 37 540
155 117 657
43 48 379
37 20 360
6 80 228
116 43 30
107 0 648
156 125 439
0 153 427
88 70 672
131 81 855
8 33 326
27 19 547
124 7 58
27 147 954
148 124 833
102 114 955
121 75 439
14 0 54
30 163 339
48 154 723
74 162 741
70 117 217
122 26 874
42 68 131
143 76 695
2 66 598
39 138 822
48 139 314
9 0 773
58 125 393
44 108 448
64 143 83
16 126 58
121 19 278
106 102 27
6 146 265
118 140 457
124 63 275
114 65 442
47 160 812
74 77 52
92 47 885
24 5 230
151 105 468
74 156 350
129 51 137
91 132 519
81 30 694
15 149 128
88 99 109
98 71 60
116 19 929
38 123 576
96 123 971
105 149 455
84 113 836
31 15 904
4 16 596
9 27 178
133 74 646
103 90 380
163 19 31
48 0 851
88 152 607
96 84 732
154 24 121
156 81 464
92 79 135
34 105 910
81 112 834
3 30 94
149 162 197
120 51 33
9 75 696
92 110 537
46 40 480
154 23 405
138 10 299
104 22 557
162 110 213
110 23 791
85 15 574
71 122 675
44 82 198
34 57 800
89 78 534
144 137 903
109 35 699
152 123 918
68 114 650
52 115 742
155 9 664
38 98 755
129 54 878
23 13 28
156 105 811
51 117 562
13 109 484
11 106 747
60 110 560
103 139 376
11 60 480
147 24 695
5 159 43
122 133 144
97 82 847
147 77 654
77 140 66
47 71 807
133 123 509
120 105 85
101 56 404
31 109 519
129 131 969
118 121 269
124 136 498
158 118 320
59 10 455
159 86 164
11 86 673
71 77 520
24 81 481
1 80 304
109 154 881
84 129 28
136 76 745
93 133 14
24 142 788
90 95 719
120 123 870
78 22 776
92 122 431
38 66 312
157 43 826
40 17 988
35 90 751
96 27 513
109 89 829
153 58 424
77 120 976
41 87 803
47 13 817
74 153 931
57 127 799
43 67 933
42 150 347
4 76 319
90 49 697
78 87 163
107 19 17
74 162 475
88 93 113
31 34 979
98 130 597
51 120 124
127 41 427
149 126 636
140 109 157
114 64 571
127 6 224
153 152 345
139 5 341
93 100 2
138 27 590
82 71 761
6 20 332
83 33 831
3 76 979
62 126 425
99 115 215
38 37 274
56 140 374
144 68 642
159 33 797
153 150 547
82 43 442
121 101 100
158 147 38
24 64 748
124 85 288
91 99 61
9 68 921
1 19 486
158 41 767
117 51 724
77 2 507
106 8 463
49 21 996
121 65 606
105 38 38
145 154 112
146 30 9
161 46 794
151 29 181
5 149 389
51 41 314
29 117 304
143 68 330
20 138 197
134 64 683
135 99 468
69 126 656
86 125 657
136 48 464
44 1 314
131 47 963
68 36 249
65 148 184
162 131 746
36 100 225
94 61 641
99 128 41
27 126 331
128 106 876
159 136 402
149 96 361
0 134 4
69 139 102
139 31 293
39 87 886
12 67 886
94 115 977
131 99 626
72 148 331
154 118 895
126 34 577
40 141 878
99 107 88
58 9 16
144 143 487
91 17 747
63 31 28
104 129 747
49 47 555
90 112 415
156 145 198
134 116 522
150 83 281
52 136 746
99 61 890
48 116 849
4 144 655
35 85 20
77 9 816
57 143 226
44 11 810
105 91 305
12 136 906
152 5 763
18 110 2
146 4 134
7 58 647
31 108 800
103 19 833
52 11 618
30 22 840
40 30 499
147 88 218
95 124 899
55 82 689
46 108 45
55 20 324
139 134 564
43 149 944
30 105 144
88 35 454
98 35 535
143 144 28
140 93 530
162 63 638
72 94 812
139 86 436
62 57 376
158 143 210
113 53 925
125 69 576
4 67 837
107 161 824
38 9 172
145 3 52
125 107 485
72 36 633
85 163 331
149 81 457
157 113 51
3 111 121
108 148 367
124 132 837
152 11 251
10 85 714
92 72 609
19 162 410
77 26 893
59 110 823
35 30 754
58 32 396
25 97 207
59 95 397
163 56 769
10 114 739
62 17 845
36 94 955
50 86 419
65 15 280
79 140 864
92 17 483
92 4 711
60 44 380
61 70 513
126 157 210
72 21 508
45 140 876
61 139 825
87 147 898
123 48 265
116 139 169
82 92 30
138 131 879
78 146 839
140 127 803
114 67 291
122 146 695
108 38 654
143 79 637
45 106 796
113 155 579
157 72 722
124 63 387
104 79 637
78 149 42
13 5 729
41 97 111
97 54 719
76 60 94
13 12 11
39 36 723
145 81 711
93 37 534
7 71 646
14 66 385
150 9 275
26 155 19
121 29 396
146 20 686
83 95 281
9 144 487
97 8 930
5 6 732
38 97 605
97 161 992
8 111 783
92 141 62
66 35 431
79 8 76
146 53 966
25 129 670
78 139 459
140 152 366
66 0 408
39 13 566
100 158 154
115 110 395
146 58 184
108 71 173
163 23 638
112 108 154
44 0 940
53 144 631
143 59 190
147 67 548
113 133 471
68 0 744
143 125 675
87 15 240
119 87 100
31 12 10
35 38 669
82 1 620
70 135 429
100 105 21
25 49 737
140 27 94
13 41 480
79 88 449
35 143 606
146 28 44
82 72 276
153 147 258
41 30 878
34 95 732
126 157 802
16 63 352
19 103 345
1 146 209
8 78 799
19 58 273
72 94 708
140 152 371
95 103 102
21 88 684
147 118 841
96 35 945
20 149 290
152 28 68
108 155 672
97 44 758
113 44 794
97 156 143
125 81 747
22 50 85
59 120 294
83 154 273
127 22 470
120 18 995
139 151 534
152 76 513
154 51 485
12 13 487
60 13 107
134 120 614
24 128 295
43 37 121
98 101 894
113 137 262
126 55 536
14 158 492
83 56 645
91 41 812
126 72 316
58 16 17
123 152 212
48 38 22
97 91 463
51 65 995
21 59 312
16 129 871
9 125 825
116 17 88
29 70 432
125 18 14
135 77 926
67 163 162
14 125 789
101 91 587
35 107 180
64 136 146
144 101 720
86 0 34
102 92 109
15 151 86
80 106 307
39 143 344
49 42 124
4 160 831
64 27 992
127 18 766
31 2 643
26 112 586
154 39 631
86 141 461
128 64 378
96 154 809
29 158 284
60 19 815
45 62 460
157 160 991
21 68 552
105 21 542
94 150 219
126 73 714
144 5 956
62 76 127
34 87 539
66 154 157
94 12 418
142 155 971
150 40 602
52 100 847
114 48 627
73 81 70
97 133 351
125 54 390
25 107 23
20 101 356
48 45 114
125 39 219
79 116 918
67 113 640
28 133 147
54 124 695
45 92 243
26 56 47
99 144 681
20 148 858
161 32 896
143 79 764
88 39 121
32 2 932
69 32 554
118 143 869
116 125 786
54 151 636
46 59 610
23 141 27
32 2 139
78 34 861
87 54 396
148 107 735
77 120 769
59 65 97
103 56 264
54 34 449
14 67 431
92 61 357
43 56 955
99 98 787
102 10 611
143 110 692
86 127 218
107 142 187
162 96 42
44 60 439
112 157 386
13 102 133
5 77 224
143 6 329
26 126 231
85 67 743
155 98 432
13 86 432
61 158 567
150 157 991
36 76 339
150 122 871
108 105 186
133 5 896
108 28 216
76 114 312
132 14 425
2 93 691
84 16 904
65 98 255
55 0 783
88 162 256
39 10 35
54 132 442
77 43 641
100 56 907
83 142 108
128 111 475
119 140 893
143 29 812
114 163 12
160 107 727
33 11 114
56 79 688
22 127 295
75 97 673
1 158 461
9 0 116
97 136 233
20 150 344
110 95 539
35 50 793
106 155 459
134 84 679
7 72 880
53 12 961
73 44 191
79 54 290
156 84 355
162 121 520
121 76 980
62 98 549
158 3 268
126 155 582
112 66 568
1 68 600
101 122 651
95 87 873
24 112 888
150 34 982
39 119 390
2 68 200
82 63 558
40 27 165
125 48 286
9 13 379
65 87 992
76 1 559
80 159 207
60 49 447
41 29 376
110 147 263
0 59 739
27 2 158
145 143 804
18 163 431
63 131 362
95 142 163
66 1 899
63 61 54
113 83 688
145 143 252
142 63 857
10 37 967
145 9 2
1 146 544
138 75 936
112 48 171
32 42 438
0 111 688
88 77 413
34 15 576
61 161 511
21 144 220
45 78 164
3 76 114
38 85 763
82 19 642
51 112 616
73 58 584
113 65 361
154 61 948
43 105 345
86 84 866
79 122 633
140 46 890
78 16 595
65 106 117
130 79 170
146 95 18
145 73 392
160 76 816
90 109 27
144 68 929
3 97 379
128 76 152
156 114 814
45 83 339
28 93 778
80 78 280
138 10 535
147 9 53
20 101 757
112 35 253
126 133 573
68 141 865
127 77 808
94 59 245
5 73 867
105 22 242
99 111 867
127 9 422
52 17 798
146 46 150
151 36 113
84 2 276
59 35 955
28 133 450
28 61 428
137 49 396
35 98 980
67 103 10
10 87 635
102 62 205
138 120 263
29 60 358
126 28 518
93 89 718
13 151 404
157 154 8
153 4 431
72 163 483
106 115 81
48 161 762
16 107 758
40 101 640
49 104 379
93 62 118
24 112 280
132 48 984
130 138 891
36 69 974
74 24 476
78 61 247
108 21 291
133 102 378
66 38 820
8 145 826
28 152 644
9 140 736
52 99 235
64 28 896
143 66 966
93 42 631
3 159 456
106 73 305
78 61 779
86 142 556
80 65 222
45 62 428
114 86 439
157 147 582
159 136 757
140 135 711
38 42 264
36 90 77
72 127 458
153 132 55
30 48 399
95 17 478
145 76 592
57 19 807
52 150 240
57 89 242
80 126 929
106 117 229
73 119 444
134 111 213
58 35 340
151 32 143
121 151 272
94 30 171
162 77 60
146 152 61
100 163 962
73 160 132
25 145 209
103 39 687
87 131 184
141 154 289
140 114 662
112 2 262
51 98 468
58 18 583
46 137 632
48 13 280
77 65 736
33 124 50
87 110 446
101 106 581
58 71 578
136 41 60
32 95 211
53 11 847
25 98 445
142 69 259
36 57 669
159 119 422
20 163 716
10 99 176
157 152 607
32 104 448
108 109 348
150 115 116
9 8 794
53 111 759
102 23 84
30 20 390
129 36 108
158 124 76
35 64 915
152 85 8
32 123 356
61 141 960
7 56 303
148 138 673
128 68 651
9 126 139
26 64 238
56 95 411
13 99 495
142 119 390
88 0 899
93 125 485
127 78 677
140 45 403
160 66 750
145 13 451
127 114 971
124 86 724
12 91 232
56 115 290
42 59 353
135 53 768
159 105 802
127 0 233
146 27 83
131 67 809
151 100 858
141 144 777
22 58 981
142 85 483
99 86 777
90 114 981
9 95 458
133 71 783
134 2 683
78 121 70
138 151 626
26 37 772
47 37 604
137 156 886
100 59 847
156 65 494
92 0 212
41 91 621
145 150 923
51 37 1000
80 33 47
100 158 216
13 109 968
86 66 765
113 69 916
37 131 493
133 77 549
57 54 716
80 121 656
104 16 133
5 155 313
146 147 257
134 9 621
57 138 737
156 18 327
27 102 88
119 154 277
78 25 557
155 159 990
12 144 101
73 27 5
76 37 346
61 139 402
55 87 806
106 114 224
84 27 246
38 158 995
89 161 737
151 125 338
44 145 247
2 81 976
33 150 698
43 21 324
121 135 341
133 157 913
129 24 35
156 64 171
125 95 526
50 51 735
57 4 832
29 131 568
69 84 540
6 7 650
28 23 578
96 54 676
23 91 889
7 148 694
157 31 705
79 140 378
50 67 539
61 114 698
122 9 871
151 87 217
24 48 467
144 29 54
36 124 870
28 120 525
82 15 903
156 103 623
131 140 331
0 1 520
71 152 561
122 21 481
151 85 372
87 132 282
31 132 423
60 122 888
109 122 476
132 85 186
111 35 977
49 59 580
155 87 79
127 128 808
93 19 50
44 160 152
153 103 912
23 0 241
127 95 615
83 124 535
12 47 407
139 87 639
73 107 291
36 33 739
18 132 865
96 119 298
127 116 27
70 155 946
58 100 855
9 103 727
117 88 542
145 111 926
75 53 1000
20 76 307
82 144 781
29 128 321
87 85 826
145 43 756
65 82 249
2 141 538
133 122 75
98 43 373
119 127 954
87 154 791
15 14 725
86 43 219
86 129 228
131 117 416
139 36 768
71 126 857
80 90 925
40 162 957
161 119 977
150 40 885
38 162 898
19 96 645
70 139 895
77 94 389
143 42 799
106 86 635
144 150 22
18 67 218
10 123 878
150 89 46
29 160 652
122 124 143
60 53 488
104 48 396
83 95 169
162 33 957
13 129 583
91 62 987
38 11 212
49 106 655
74 78 221
54 25 853
62 78 727
150 162 309
163 59 933
149 147 471
16 136 692
131 160 600
38 132 927
43 42 549
63 142 393
46 163 729
87 43 402
143 158 164
152 145 461
14 116 430
124 142 587
21 91 685
106 158 918
64 35 378
98 11 627
119 41 42
45 109 603
71 131 975
42 95 933
53 151 575
71 123 909
104 64 467
46 4 453
50 56 31
36 145 610
34 14 261
104 54 381
104 62 57
95 147 569
131 111 115
44 57 761
4 37 839
17 125 529
19 103 977
46 149 763
51 52 930
143 129 435
34 44 584
7 114 105
140 27 740
5 130 616
49 61 816
81 108 627
128 108 218
5 126 140
18 144 659
91 56 82
139 101 461
62 88 345
2 0 520
119 58 970
70 139 965
105 73 73
148 154 801
96 23 656
159 128 450
147 160 907
92 123 178
108 157 455
16 3 472
146 144 182
57 163 351
133 149 365
49 12 157
22 54 291
136 153 513
108 137 131
95 97 248
111 68 804
109 91 916
94 112 403
54 56 457
112 78 546
48 162 680
67 92 538
44 131 88
8 24 852
39 58 538
31 139 709
91 30 268
2 121 315
87 88 6
88 58 657
90 11 363
71 136 289
97 32 380
107 14 707
139 65 184
43 28 546
91 94 524
10 65 503
30 90 204
115 98 619
72 46 751
134 129 700
131 32 548
163 87 910
125 76 843
127 80 404
6 147 108
161 11 583
108 47 179
72 149 162
72 145 678
163 150 728
75 58 705
66 34 990
115 62 427
119 113 553
159 157 722
128 91 602
43 107 956
139 9 683
55 129 924
57 115 135
85 38 796
16 52 707
129 6 14
123 82 954
66 20 220
131 38 867
136 130 461
87 96 176
2 69 140
31 56 99
72 56 222
15 45 506
11 108 370
123 28 846
150 116 853
51 150 218
21 23 161
73 77 169
144 102 696
69 95 292
75 41 97
152 132 39
141 105 585
108 150 913
7 85 243
24 26 98
68 10 649
61 32 771
61 150 58
55 45 846
1 142 121
60 139 500
122 59 337
103 59 76
124 132 712
159 125 209
116 103 697
60 149 771
28 84 536
131 159 942
142 128 754
132 70 225
92 51 785
36 55 378
76 13 756
81 119 921
43 19 738
142 24 690
9 43 74
26 45 328
34 114 310
88 123 3
100 52 945
62 44 147
16 21 861
7 126 564
21 48 687
10 62 32
113 88 858
40 23 910
47 129 959
50 3 135
87 54 101
131 123 186
62 151 873
63 142 524
53 22 118
144 153 973
122 73 879
116 149 42
39 120 826
46 108 146
59 56 523
159 157 223
95 48 914
102 83 989
130 18 324
18 45 39
7 66 886
82 96 784
149 127 320
60 20 791
19 72 440
144 82 795
143 12 356
143 98 624
158 151 181
135 9 532
151 52 399
147 20 604
126 143 894
45 4 977
111 60 861
28 53 530
120 10 412
98 1 766
121 154 728
45 40 649
142 101 545
61 93 16
129 31 890
49 100 579
107 112 91
133 47 861
19 39 541
76 116 481
133 4 851
28 143 22
79 122 924
108 124 790
159 15 387
76 92 474
128 68 451
117 125 2
75 131 126
10 155 360
98 105 785
27 113 644
91 139 905
20 91 625
7 136 295
78 159 932
4 103 856
99 110 839
93 127 97
93 89 59
99 75 106
78 74 966
101 145 338
132 136 392
143 4 885
151 17 342
54 59 429
103 81 954
116 20 102
80 76 578
121 144 334
153 66 916
162 80 144
77 31 928
17 43 799
22 9 865
128 103 806
21 109 782
128 107 535
94 29 61
84 97 795
6 126 829
32 140 758
86 119 12
111 69 22
116 61 5
88 73 516
48 63 178
22 93 643
58 14 805
102 126 631
63 104 735
4 133 308
116 82 109
121 147 76
81 131 182
28 103 30
77 138 522
141 42 45
38 16 50
138 19 704
159 26 541
143 19 641
55 156 988
6 102 166
25 57 241
132 111 443
76 130 725
45 113 106
33 95 551
70 63 457
90 4 203
95 160 196
117 91 87
18 83 445
4 2 155
31 53 24
49 31 878
41 26 9
29 17 531
22 151 997
147 47 199
113 9 931
143 35 249
103 77 843
49 158 378
80 79 909
160 68 289
79 39 752
151 80 338
60 141 376
149 38 579
138 39 927
66 97 257
57 134 795
105 12 949
28 14 926
67 14 204
108 85 87
64 75 823
26 3 205
33 68 576
9 115 135
61 133 621
130 18 375
85 115 728
134 102 445
128 42 299
161 136 366
30 124 128
129 68 270
142 150 928
40 93 714
139 119 564
48 22 441
77 65 291
38 57 279
67 1 386
16 76 722
113 117 683
75 82 445
18 122 222
139 84 289
4 75 761
70 12 966
53 96 746
62 25 599
142 121 326
123 73 809
69 15 112
32 128 485
152 155 15
94 46 18
63 133 149
115 6 406
20 131 127
92 42 545
97 108 117
147 58 492
66 152 634
71 141 271
126 32 222
66 14 383
85 151 473
1 132 881
44 156 83
155 159 962
24 61 271
54 37 828
64 1 671
147 70 575
112 101 15
131 121 222
86 1 10
142 43 251
104 86 591
139 79 653
22 158 852
28 121 596
25 73 150
68 135 194
107 123 637
150 42 285
156 44 510
79 31 774
64 113 894
92 45 708
158 131 206
161 48 261
45 20 391
82 46 683
163 54 414
71 120 993
60 101 484
32 67 650
135 41 591
25 117 437
129 63 781
76 150 941
145 163 903
31 137 531
59 109 666
77 62 385
105 129 239
84 89 104
81 2 297
37 35 434
122 17 97
163 53 555
94 136 197
0 45 1000
153 12 361
102 53 885
93 68 340
129 101 695
42 58 31
142 111 619
93 120 756
19 76 421
153 158 638
65 140 376
49 52 681
84 145 469
88 22 772
2 61 214
121 111 79
106 62 514
152 83 391
163 159 411
61 20 792
127 63 920
69 40 384
126 131 161
26 61 353
163 51 236
128 116 439
130 149 446
122 84 479
97 52 859
125 114 403
69 75 570
44 101 928
107 154 959
150 9 100
119 91 752
62 149 153
87 124 45
151 84 886
138 30 413
120 28 251
67 27 900
