30 19 808
2 5 772
13 29 682
32 16 459
5 22 240
20 15 898
24 19 350
30 19 192
12 9 206
15 1 621
11 24 542
12 18 707
34 19 965
7 26 591
5 18 641
13 34 197
0 33 948
27 12 792
9 10 249
24 9 912
15 16 904
7 17 428
19 1 639
1 17 933
29 2 343
20 14 286
2 16 522
16 26 624
21 27 236
30 10 389
23 33 830
16 26 889
33 24 918
18 12 305
6 26 801
11 29 561
31 29 100
16 33 178
13 25 426
27 32 64
4 13 692
11 16 358
19 14 73
3 31 491
21 34 1000
1 7 876
13 6 555
13 23 58
18 32 358
23 22 341
10 16 41
15 25 855
8 15 894
22 19 237
17 2 202
10 8 188
10 16 684
7 13 898
23 1 203
11 2 175
17 28 718
33 3 912
4 12 993
8 25 481
32 33 574
28 22 744
20 4 401
32 16 609
0 17 528
3 11 447
34 28 254
25 22 886
0 15 128
19 23 682
31 22 86
14 18 114
6 3 946
13 17 110
23 18 26
13 31 603
25 6 15
27 17 342
30 2 368
9 8 227
11 24 47
23 11 565
10 8 575
14 30 55
4 17 176
26 5 843
22 30 886
19 5 69
12 13 307
23 34 780
20 7 586
7 8 663
13 17 966
5 7 107
9 10 210
0 24 93
18 19 499
15 21 389
10 25 296
4 32 216
29 14 284
13 31 2
9 26 423
4 5 553
27 13 96
20 13 246
7 30 812
27 10 817
14 23 789
23 34 974
9 13 455
15 28 489
7 10 469
27 17 261
15 8 121
21 7 710
29 6 846
34 32 249
20 25 538
10 11 167
15 17 631
33 16 546
18 20 261
3 0 499
12 21 759
14 15 93
3 29 672
13 9 735
34 11 434
28 30 238
22 5 419
4 30 549
20 22 995
21 19 282
10 5 41
1 2 550
9 18 334
30 1 136
2 28 545
5 8 396
14 18 663
12 15 20
30 22 46
9 31 70
30 32 160
0 14 800
25 27 273
14 34 160
34 4 694
31 33 257
25 27 600
19 10 62
5 0 115
23 22 226
2 5 512
15 29 790
27 14 262
10 14 256
10 28 493
11 23 624
29 10 743
23 5 650
32 31 370
17 15 162
25 14 592
26 7 804
28 29 187
3 2 764
3 1 46
7 18 560
7 17 816
27 8 397
11 5 798
2 7 264
8 23 788
3 15 192
2 0 490
20 23 596
22 28 59
28 15 455
19 18 931
23 24 220
12 6 153
29 32 11
11 19 977
11 1 777
11 27 526
19 23 693
19 23 254
7 21 597
26 32 368
2 18 899
6 22 538
21 11 645
21 6 1
32 7 723
22 15 216
7 12 495
33 23 911
19 8 485
30 5 846
5 12 77
14 1 289
14 30 121
21 8 338
4 0 118
14 22 238
17 11 964
31 1 161
21 6 460
23 25 730
6 8 264
23 24 265
1 25 790
6 21 922
10 0 488
26 0 302
28 15 180
24 34 526
28 2 708
5 18 83
34 21 881
9 30 205
10 20 471
4 21 279
13 24 842
15 27 379
6 13 242
22 4 319
22 20 137
31 28 535
34 29 5
25 4 11
6 16 324
20 5 241
15 7 18
15 6 881
21 10 856
34 33 985
2 27 390
28 13 487
13 12 397
16 27 914
27 6 61
32 29 133
3 17 749
23 34 525
25 15 585
4 25 310
21 10 182
14 31 82
11 14 207
24 11 631
0 23 321
32 25 680
23 19 6
12 34 121
25 29 469
24 2 357
2 23 413
15 23 882
21 28 324
31 29 184
11 20 879
10 25 1
20 26 208
0 25 748
15 8 766
29 24 567
18 31 235
7 30 319
27 2 338
1 17 401
20 29 682
6 15 712
33 3 364
7 23 993
9 5 868
7 17 519
30 22 123
16 25 421
11 9 339
24 20 926
7 10 434
2 17 544
6 3 311
29 32 613
22 5 829
31 5 206
14 17 210
15 12 474
23 33 671
15 24 607
28 27 466
34 12 239
23 9 674
20 30 117
30 28 290
14 34 720
16 28 762
31 9 573
0 7 894
5 20 287
20 8 955
32 29 791
22 10 538
26 9 680
5 30 790
14 28 139
23 16 604
16 12 893
13 22 653
31 16 678
25 3 789
26 33 810
28 8 458
19 30 33
17 34 781
