6 17 127
19 18 725
14 2 587
19 13 780
3 9 812
16 13 42
0 15 892
12 18 60
11 19 433
17 5 64
16 14 872
18 3 326
12 15 852
9 1 831
0 2 170
9 0 26
17 15 733
5 12 497
7 4 706
18 1 584
19 11 471
7 3 736
19 1 597
13 14 518
16 5 586
16 11 211
12 3 994
11 0 145
10 4 30
16 9 492
12 6 312
4 2 157
9 15 505
12 16 626
15 14 819
18 9 890
17 1 352
7 18 822
11 12 902
10 6 912
4 15 943
0 11 447
0 13 329
7 16 12
11 15 136
4 0 617
9 8 109
10 9 188
1 19 591
12 2 101
19 18 877
15 19 989
19 16 237
4 8 377
7 1 921
8 1 538
10 6 961
6 15 845
0 17 140
10 13 954
15 7 620
14 2 864
14 18 670
19 16 94
12 18 520
5 11 609
4 2 906
15 18 649
17 9 70
7 3 158
4 3 718
18 6 737
11 5 874
5 8 736
19 5 421
14 9 409
7 15 311
14 0 195
6 16 579
16 19 373
2 11 770
15 4 460
3 14 664
13 17 515
16 5 510
11 12 249
19 15 511
7 0 642
9 11 391
0 13 17
6 3 567
2 8 624
9 11 651
11 12 337
1 13 117
7 2 492
14 8 818
1 17 997
7 5 411
13 9 949
