3 19 126
19 5 924
13 18 839
9 10 933
19 5 897
6 16 832
12 15 574
12 1 989
13 14 56
9 17 671
7 1 690
7 6 528
10 11 67
1 15 343
12 15 573
5 7 312
11 19 616
2 0 241
10 12 778
9 19 827
14 0 516
16 19 783
17 9 953
0 7 846
0 14 593
8 7 614
18 0 698
18 4 878
13 15 559
0 2 154
4 9 571
15 12 186
12 8 269
4 6 435
6 0 106
15 11 681
2 13 345
12 9 26
10 14 414
0 12 22
18 6 675
10 11 697
5 1 409
17 13 259
17 14 209
1 18 17
13 15 356
11 1 192
19 1 820
13 8 344
15 6 602
0 4 894
4 16 276
7 17 222
15 6 822
14 4 461
17 1 995
9 19 894
8 7 326
11 17 478
18 5 536
12 8 316
2 13 342
6 8 243
0 3 407
14 16 279
15 8 334
16 18 982
5 1 304
10 15 348
1 6 577
16 19 931
6 19 938
6 2 339
18 8 462
16 12 544
11 2 409
18 5 630
17 16 227
15 16 732
8 7 679
17 11 831
7 1 248
9 19 308
19 16 679
4 15 975
13 0 382
15 8 713
9 16 496
4 0 113
19 15 379
5 15 190
13 1 705
14 19 485
11 8 830
3 4 328
12 6 549
1 13 404
16 19 216
15 13 194
0 11 234
14 17 445
16 5 209
19 12 425
13 12 420
18 13 663
14 0 959
13 7 612
