78 97 501
58 105 788
103 40 699
99 23 501
5 87 141
54 34 703
80 51 224
20 49 252
39 24 76
96 95 387
76 44 143
14 30 983
15 13 771
63 90 763
104 78 839
1 5 270
56 96 926
17 61 500
21 89 217
99 6 111
31 82 505
57 20 398
33 105 845
93 45 250
46 62 652
48 98 849
27 77 72
19 76 988
18 7 167
37 46 360
33 104 801
38 81 418
61 19 151
81 41 972
33 106 802
58 99 692
2 55 174
86 45 374
35 9 403
108 39 756
79 27 925
20 31 631
66 72 106
93 76 305
43 46 321
25 76 816
58 1 107
63 46 185
46 58 76
13 47 45
101 32 610
80 49 530
37 99 297
89 7 18
56 39 918
88 52 965
31 44 597
17 35 933
90 74 496
30 32 783
76 32 905
55 67 339
49 32 282
34 75 299
42 105 330
21 25 476
48 94 323
107 4 424
36 57 38
99 86 226
2 46 167
86 19 158
68 75 535
42 70 309
59 110 422
47 87 809
92 0 393
81 47 946
9 48 188
85 78 32
7 42 322
15 24 919
1 109 419
86 15 476
68 1 658
95 79 362
104 103 889
27 59 634
108 25 198
53 18 774
75 90 157
10 12 389
107 89 573
70 87 8
63 24 594
23 45 922
16 105 578
24 101 249
67 98 301
92 86 776
4 90 879
6 36 400
22 72 585
105 4 371
3 104 155
92 21 467
39 35 779
86 62 789
1 51 458
7 71 875
27 85 552
70 93 568
26 13 290
69 12 433
65 71 67
106 69 148
51 104 249
51 33 574
2 68 145
31 21 83
63 95 942
108 86 37
103 31 45
27 78 474
17 67 501
75 29 903
53 26 335
61 105 962
2 34 430
15 55 360
86 64 540
31 97 582
53 23 146
15 2 663
97 7 706
94 83 431
38 104 844
82 51 433
44 110 966
82 50 973
31 96 222
1 33 234
38 44 329
46 51 461
43 81 221
22 93 735
31 48 807
39 76 381
20 55 81
88 65 439
68 11 111
36 109 755
109 90 694
67 24 468
55 81 518
22 25 590
25 13 893
5 70 306
48 53 307
84 21 189
59 61 383
109 34 640
61 68 10
56 77 708
93 22 117
24 64 954
66 9 695
76 52 4
108 65 1
16 87 448
6 14 764
108 75 944
94 56 677
4 86 356
71 64 40
18 9 613
89 66 872
49 110 382
41 38 124
59 67 53
65 94 271
18 30 717
108 101 16
70 11 602
77 80 930
94 1 809
11 18 517
79 5 845
109 50 327
66 31 207
88 78 528
61 14 50
21 93 453
63 90 824
39 63 343
23 100 724
2 15 512
8 28 438
107 5 420
72 81 7
5 98 579
89 9 868
1 51 628
26 71 998
5 28 178
11 61 653
64 26 658
57 44 258
83 6 302
68 10 792
13 64 671
55 92 527
107 54 45
41 12 700
61 97 108
65 93 991
0 79 591
65 35 149
55 78 911
29 109 451
19 96 608
69 108 227
110 15 122
66 57 594
8 3 263
94 81 969
18 13 242
37 3 218
71 85 980
48 67 893
48 21 704
60 25 722
19 15 205
60 44 145
44 5 135
89 64 856
45 39 679
53 34 464
53 22 123
28 51 382
95 65 237
109 34 244
2 8 450
20 19 56
81 8 551
6 7 740
109 46 954
80 9 458
39 83 929
23 88 538
19 95 943
43 87 45
18 0 118
53 11 730
94 57 263
13 31 897
17 100 257
93 107 183
37 67 708
11 52 604
22 79 743
23 78 222
72 42 606
48 108 945
75 73 459
40 4 197
61 46 498
29 91 132
97 40 70
14 102 174
100 10 243
109 48 266
78 54 930
40 86 814
47 45 396
61 69 255
55 110 650
7 45 778
90 105 542
30 15 399
101 81 297
25 21 928
55 62 773
48 103 815
67 102 981
11 82 898
25 109 641
12 80 412
24 63 79
40 34 599
8 77 804
32 65 298
7 27 697
108 82 548
43 64 127
87 78 488
76 48 91
110 73 47
57 98 881
93 87 606
1 99 67
86 3 660
72 8 334
19 4 849
69 91 984
103 105 520
10 96 296
17 44 710
75 67 362
2 97 58
40 6 853
36 103 299
10 26 1
103 68 561
22 42 436
46 83 772
60 70 528
22 58 232
1 38 997
35 49 882
53 35 581
50 2 206
98 32 100
12 69 694
63 57 822
9 12 426
67 76 137
93 11 867
57 56 170
55 48 987
96 85 384
5 38 978
15 66 571
42 39 533
84 14 513
35 83 503
17 58 140
5 96 703
42 34 979
43 39 450
46 31 188
6 93 569
31 109 713
72 101 713
20 51 286
21 31 803
80 36 569
6 34 121
23 26 131
67 45 128
36 21 773
22 62 572
45 33 655
31 50 385
83 73 432
51 88 573
81 94 923
87 83 685
30 51 392
2 97 23
35 40 453
86 61 149
80 68 810
105 81 955
104 8 1
57 68 918
3 46 950
35 16 737
64 44 875
43 10 96
57 33 720
3 44 727
102 84 964
81 25 411
78 75 488
25 24 533
37 95 349
99 12 480
17 94 447
55 50 562
107 108 355
57 51 333
52 53 127
74 78 712
33 84 984
107 87 898
63 92 86
3 76 634
67 32 388
58 62 536
56 7 550
93 42 663
80 77 710
75 90 369
17 16 636
35 29 271
87 100 754
46 41 603
98 107 67
33 100 946
82 88 31
79 106 989
101 29 748
108 22 449
40 56 956
92 90 315
23 11 389
67 37 796
65 81 592
44 108 46
47 98 75
36 62 35
4 6 372
21 24 940
71 14 30
107 41 169
44 88 398
85 33 790
80 5 344
33 20 899
35 65 404
99 79 240
59 27 424
36 4 663
47 49 794
51 3 715
32 33 889
89 39 448
14 76 529
21 33 590
9 3 851
89 56 574
92 110 493
79 2 803
27 94 795
13 72 267
74 65 986
89 69 878
94 25 964
18 20 673
39 83 860
34 95 319
21 48 865
92 43 231
12 22 577
61 88 440
86 23 110
72 90 811
38 96 700
40 36 162
110 56 698
79 9 18
81 40 287
106 28 553
3 17 211
84 64 371
58 94 541
19 60 759
38 103 878
27 64 203
61 51 314
89 5 30
20 105 410
100 81 857
43 75 833
107 41 103
3 65 449
71 96 242
38 45 786
42 85 831
86 74 321
30 91 528
88 104 148
86 97 881
85 10 901
62 85 548
99 60 598
102 12 726
9 64 939
82 41 763
19 40 381
38 23 736
100 29 241
59 3 28
27 49 250
42 77 782
99 70 418
44 28 376
71 62 226
74 20 754
37 41 351
50 66 539
95 14 130
75 47 301
53 38 652
92 106 440
66 71 407
65 14 715
85 1 481
90 3 994
73 4 383
6 58 11
57 26 953
75 95 693
94 33 646
50 104 695
100 85 130
68 28 748
99 67 559
2 50 449
0 74 169
22 97 339
93 92 998
7 68 494
94 24 657
1 106 901
18 93 872
38 71 923
64 11 369
61 32 65
75 11 695
110 46 126
14 86 744
10 38 830
48 102 597
98 24 367
6 86 493
17 12 870
110 13 723
22 89 541
52 39 935
43 0 135
92 7 429
33 86 29
17 5 110
15 98 309
60 20 957
14 45 84
13 101 917
54 83 179
110 44 553
13 93 918
9 65 25
5 73 697
34 37 478
63 69 631
48 23 853
81 79 609
26 1 517
109 65 870
36 13 952
74 105 874
55 14 63
43 56 44
57 31 350
91 96 205
35 29 697
52 80 10
26 12 911
1 90 256
92 59 224
99 26 65
58 52 892
106 93 201
9 109 218
6 94 782
104 75 51
96 38 244
12 51 646
93 12 465
25 16 591
57 62 256
6 20 520
31 65 113
73 85 41
95 34 745
12 83 566
29 62 859
79 50 59
23 67 646
94 54 952
84 31 231
76 20 416
6 4 733
65 97 308
78 16 560
91 63 280
46 14 360
75 92 335
53 14 6
15 78 792
89 61 188
21 89 47
88 10 433
67 40 607
36 30 726
40 85 813
12 65 516
55 64 643
85 48 969
2 43 808
99 98 475
21 12 554
5 58 287
101 68 164
89 22 451
104 103 638
35 49 330
100 26 97
71 107 485
35 65 208
82 13 14
81 85 695
23 3 303
102 71 62
108 85 311
32 19 662
8 25 711
25 88 384
63 39 530
108 73 4
87 70 413
71 53 212
98 33 346
106 61 216
54 101 700
27 7 882
72 23 920
85 68 763
19 36 492
95 99 74
73 36 430
12 6 326
91 18 559
90 11 434
110 81 234
82 61 709
91 16 302
109 16 596
24 108 971
108 54 298
79 7 904
6 40 380
80 92 714
75 80 823
29 108 662
98 11 936
58 13 263
34 12 139
18 79 614
25 19 633
62 15 814
103 70 365
62 44 35
71 78 399
19 47 309
7 89 597
21 92 277
90 32 90
78 53 812
61 45 479
107 9 442
40 5 59
12 17 369
38 41 835
106 35 832
97 96 347
4 99 646
29 95 698
15 54 344
0 54 161
108 75 566
85 90 748
84 101 945
49 99 811
97 57 519
32 43 128
88 74 771
70 89 458
47 110 959
5 53 117
53 2 784
60 91 230
70 30 621
94 27 150
83 108 821
110 105 405
21 37 871
44 26 548
109 58 745
8 97 148
104 96 101
62 70 906
78 5 666
70 98 627
17 94 35
43 3 67
36 82 705
52 110 496
98 36 676
46 6 868
43 60 309
27 32 258
13 110 851
17 100 697
17 65 757
73 102 688
19 65 891
80 1 197
44 4 911
62 18 926
79 60 759
54 95 107
110 32 892
28 105 204
8 103 213
27 19 763
83 72 958
5 1 499
102 105 787
73 58 259
72 76 441
15 4 484
73 23 812
104 27 530
87 91 230
32 51 911
11 48 948
83 20 227
63 14 415
69 92 277
90 34 55
58 37 260
89 62 756
8 51 491
26 12 929
0 1 41
52 57 748
78 55 92
83 102 207
80 90 424
16 24 439
47 39 337
79 109 475
109 14 763
105 88 127
4 96 792
81 43 190
81 64 301
2 33 102
76 14 46
62 7 54
13 46 554
90 28 947
33 7 498
105 6 424
38 98 463
90 49 30
105 21 184
13 86 223
23 90 392
84 107 38
96 101 561
70 76 524
39 22 9
10 58 294
7 69 700
64 33 42
56 34 881
104 31 309
5 29 421
32 62 729
34 8 597
16 75 787
8 49 104
88 61 342
43 7 870
9 2 83
0 95 389
14 25 138
106 47 48
21 44 682
12 75 133
69 5 883
4 58 141
11 75 738
105 65 502
10 85 15
110 54 263
23 79 922
31 90 839
67 53 438
55 30 573
45 101 611
52 41 503
45 100 202
43 41 846
27 44 904
87 70 504
60 66 910
78 91 505
39 77 866
52 68 608
67 48 273
52 59 574
82 40 166
33 94 103
92 17 461
29 36 894
90 82 468
10 63 956
46 94 944
60 73 365
17 16 182
22 57 314
93 0 558
18 100 424
57 49 26
28 40 808
14 77 946
110 3 618
56 13 21
29 92 589
1 103 151
88 101 482
70 12 574
107 89 634
75 33 519
33 21 591
13 42 827
21 40 345
22 15 543
72 17 92
3 32 827
110 33 956
35 14 718
75 71 270
78 88 145
49 27 592
20 110 976
3 16 874
30 63 832
46 14 151
104 25 547
50 35 589
109 8 72
9 88 12
48 53 277
92 24 700
60 47 37
48 97 160
18 61 824
17 52 787
64 80 127
33 67 755
70 17 276
50 99 226
86 40 939
100 79 143
54 86 639
20 87 385
20 110 684
60 54 654
75 79 371
85 33 60
29 37 118
17 53 51
36 64 284
109 55 339
50 44 48
60 32 893
88 25 797
46 87 144
55 72 301
32 56 80
9 78 926
16 48 660
6 66 526
47 58 550
37 51 525
101 71 917
24 104 726
80 71 602
99 97 862
85 39 134
103 56 603
72 42 44
14 96 440
65 7 505
66 0 294
108 82 992
98 93 413
58 33 968
72 19 302
49 16 433
19 94 613
22 12 655
65 74 238
23 75 602
109 108 224
96 105 311
16 110 72
82 33 421
14 3 639
48 39 76
23 39 94
63 22 260
2 76 545
80 36 20
35 43 478
1 48 813
108 104 448
40 28 831
68 24 989
9 47 790
99 43 421
12 67 849
50 99 211
103 93 116
10 49 995
38 27 247
12 87 200
37 74 345
84 80 430
53 109 232
65 18 535
97 67 372
84 100 289
101 99 48
64 51 69
16 68 209
57 78 943
17 71 750
22 104 96
110 51 141
31 81 545
87 80 658
54 53 819
10 8 970
41 34 741
71 31 55
83 12 463
80 41 386
33 95 791
95 70 317
56 95 441
8 103 31
8 3 917
13 97 602
110 28 607
39 98 863
92 78 558
60 3 475
83 12 199
26 41 260
101 90 790
28 110 775
91 44 791
31 21 335
93 108 770
97 22 715
60 32 902
76 54 974
79 57 804
64 21 831
7 11 953
7 33 890
101 30 240
101 53 332
101 6 223
76 103 929
88 15 405
18 85 811
34 67 82
18 26 346
65 86 289
54 45 505
8 85 483
81 26 160
43 29 533
87 69 311
17 82 937
3 88 214
87 107 737
10 0 189
34 97 286
94 0 161
47 81 373
76 25 990
66 87 149
35 75 659
42 98 501
86 79 142
32 57 883
9 77 420
50 34 887
82 30 295
85 21 394
32 36 692
101 82 427
39 90 228
22 62 789
90 41 589
99 41 838
83 105 916
76 57 227
6 94 4
37 104 644
105 27 359
37 74 426
63 37 822
79 63 249
85 59 62
87 7 575
43 21 111
19 88 395
72 82 956
81 40 816
110 25 374
91 80 543
92 56 755
104 100 471
50 55 62
13 39 446
62 64 25
59 56 492
6 2 678
83 64 907
79 26 825
100 31 333
79 95 544
72 76 379
103 69 573
98 96 556
5 89 839
52 20 672
37 107 73
28 86 549
1 93 906
85 68 875
14 25 634
80 42 435
107 93 669
42 96 269
30 19 77
47 97 822
1 46 96
38 46 145
25 98 84
99 18 979
107 44 848
15 36 648
41 89 394
51 27 240
4 76 202
12 26 898
81 67 80
11 97 163
33 65 558
45 107 117
31 10 552
43 96 902
60 90 105
30 27 525
103 30 502
102 78 465
8 74 331
78 4 935
90 44 462
79 46 221
92 88 159
3 96 914
58 91 431
0 34 480
105 3 362
88 30 780
57 39 679
50 108 473
5 79 171
53 98 102
18 4 144
84 42 858
61 55 50
60 92 580
38 37 816
62 103 13
91 37 900
92 55 316
13 50 638
39 42 101
58 5 658
36 9 497
68 45 584
76 16 635
79 68 162
12 97 932
103 12 929
20 77 705
22 35 950
3 52 663
50 95 383
90 36 814
24 10 833
74 42 422
30 73 82
39 9 759
34 74 696
16 26 868
82 26 576
29 97 622
109 53 93
79 72 662
93 39 157
63 27 385
46 48 496
86 56 383
94 31 895
79 38 290
53 63 823
45 23 440
109 32 936
80 92 655
35 19 470
79 21 844
57 44 348
100 13 638
22 52 208
104 0 124
71 5 626
82 44 719
48 20 267
10 62 604
92 30 159
68 97 941
94 81 74
32 59 858
32 56 742
75 106 554
25 42 884
66 6 784
55 96 731
106 72 582
98 36 914
92 55 606
16 58 566
9 28 229
57 10 855
37 2 821
53 92 525
110 106 298
91 31 705
43 25 867
92 100 913
90 101 972
21 108 716
50 20 824
8 101 490
53 25 875
19 40 615
16 84 498
36 29 582
67 37 519
73 24 886
41 19 786
5 96 996
4 61 726
47 24 775
39 2 403
29 4 583
92 50 303
49 35 904
0 78 459
63 79 966
100 42 184
87 29 30
23 11 961
106 35 704
4 17 960
37 85 490
66 18 562
108 102 924
18 95 866
32 35 652
12 35 745
52 76 926
64 6 440
50 110 922
66 5 377
68 102 117
97 82 192
81 66 570
98 17 641
63 80 177
29 67 957
56 29 92
109 58 29
21 53 1
110 54 380
43 61 731
51 76 620
12 69 227
65 1 233
6 67 10
73 50 618
29 84 148
58 27 182
70 28 316
13 12 731
93 31 454
100 104 216
67 77 989
47 62 842
35 60 42
75 65 486
19 88 101
87 49 468
48 24 970
87 40 295
61 25 91
10 59 493
15 68 489
84 69 311
89 101 726
15 107 774
86 11 574
46 16 429
51 81 919
35 98 320
66 37 90
57 29 484
29 69 516
61 103 674
61 86 403
24 46 260
90 60 654
77 83 186
24 101 873
84 12 109
22 67 714
37 87 129
29 72 165
23 60 248
79 110 148
39 76 520
33 108 569
32 82 649
38 7 864
24 30 907
2 77 282
77 93 589
42 11 731
71 5 31
49 97 114
83 23 708
75 90 904
33 15 276
34 85 2
9 42 892
75 101 645
8 6 489
65 32 483
65 12 738
60 21 308
28 95 567
6 10 581
28 87 981
69 78 270
84 101 237
15 37 921
46 36 528
81 27 658
52 64 871
103 101 409
73 34 4
34 6 628
36 26 82
29 103 807
103 17 24
38 43 113
9 103 327
80 45 690
74 31 47
0 39 583
33 98 571
73 86 580
28 47 109
12 69 210
12 72 96
16 99 360
73 107 716
44 35 146
69 59 533
102 67 262
69 83 438
41 83 639
107 92 761
0 22 189
96 93 663
24 28 887
15 19 446
14 83 857
68 72 361
75 42 264
86 53 713
104 76 295
70 100 78
4 91 703
32 23 281
20 26 813
16 99 470
106 39 681
17 51 393
50 62 947
92 104 943
87 47 485
13 11 254
49 15 79
18 14 550
26 75 278
45 105 615
9 108 33
76 50 264
82 5 94
11 63 826
38 28 78
36 90 86
28 20 427
48 0 567
87 3 413
69 14 223
25 83 135
20 42 786
58 43 981
81 63 2
26 98 32
52 56 901
86 0 856
52 79 772
9 55 614
50 10 732
104 49 329
69 58 763
95 38 476
106 27 255
72 71 899
22 60 232
26 69 919
56 43 579
21 56 301
17 25 160
21 24 599
8 29 228
54 80 36
38 46 277
48 22 232
18 98 183
27 91 237
21 103 819
67 76 475
84 83 965
2 101 165
80 106 287
85 37 310
6 21 531
15 103 535
11 85 570
83 27 11
14 73 118
68 82 897
91 7 773
78 48 256
41 60 460
30 76 91
59 1 69
15 39 220
109 110 224
13 106 307
2 89 568
26 61 240
33 0 648
4 75 377
105 38 414
94 49 346
2 24 545
65 99 344
82 98 114
69 80 932
12 99 680
56 60 555
86 13 492
22 36 938
104 43 950
10 34 514
0 99 511
96 30 659
75 50 347
38 79 224
16 62 817
52 86 730
108 18 564
59 104 313
93 86 217
109 26 855
93 31 228
61 24 583
45 109 31
14 45 2
47 54 174
21 12 881
14 66 725
90 84 651
19 29 217
72 12 63
60 53 627
11 33 401
31 77 813
78 25 934
66 69 103
6 5 182
81 24 706
81 96 620
8 21 587
47 36 691
30 103 273
94 69 304
85 106 504
29 25 869
24 104 162
17 93 584
23 5 520
64 49 659
110 29 206
37 15 991
77 5 41
87 13 555
33 93 190
87 76 401
100 88 573
108 7 424
5 68 824
105 31 550
86 43 742
24 83 643
89 24 306
52 9 784
61 56 270
11 14 323
66 12 351
62 96 402
77 44 908
17 9 635
80 108 247
18 35 935
95 5 530
90 52 390
52 48 276
84 25 379
109 65 796
4 29 209
68 84 544
109 50 129
77 68 610
82 98 372
56 43 867
39 105 576
63 87 824
55 39 607
11 39 647
0 66 613
29 110 433
46 14 636
59 4 313
29 70 434
24 31 768
30 52 309
87 15 390
8 70 421
80 86 263
104 2 90
27 13 213
102 43 376
65 68 614
25 85 804
100 13 208
58 0 583
94 90 516
67 105 983
13 107 47
56 63 838
5 87 792
25 59 973
100 76 83
13 54 808
21 60 708
100 92 623
37 27 100
43 65 930
31 85 214
10 84 279
66 34 984
22 13 623
1 79 219
21 95 808
104 47 625
45 44 733
70 14 49
19 49 598
35 6 529
105 67 101
19 92 152
72 18 346
36 29 205
69 2 552
95 106 950
40 63 245
83 9 555
30 85 717
86 98 205
32 36 238
30 29 833
18 62 664
30 38 563
100 74 645
33 27 364
107 105 174
93 7 620
41 3 543
13 98 842
88 90 388
50 95 431
94 23 52
91 8 252
65 35 877
5 49 139
70 2 884
7 40 836
64 51 522
97 86 604
7 61 784
89 84 22
75 79 189
108 6 127
105 53 892
68 2 926
60 29 687
12 79 551
9 102 810
5 44 407
82 65 664
7 8 819
101 82 145
95 76 836
97 30 652
12 23 813
0 47 973
74 25 789
72 97 667
43 80 960
69 37 919
84 10 255
43 17 434
13 22 174
72 107 692
5 27 648
17 0 846
15 93 293
91 66 475
96 17 125
86 95 368
44 69 381
9 56 520
108 22 859
74 4 386
105 4 207
9 15 533
85 62 454
25 1 839
31 25 76
6 1 416
25 2 185
63 95 474
4 26 409
44 104 983
107 6 780
101 78 502
49 52 915
70 38 719
32 6 347
76 91 542
10 14 89
50 97 145
34 35 20
1 71 473
0 73 322
22 16 747
76 16 526
64 82 14
73 40 856
105 73 574
24 103 820
108 30 332
98 8 775
87 28 326
79 34 540
62 22 329
100 79 757
98 108 462
44 51 760
41 68 433
99 110 478
10 65 669
22 30 490
33 104 850
1 8 680
66 65 975
104 49 85
58 102 510
93 83 326
78 75 917
74 68 814
97 15 535
32 85 616
35 81 867
92 54 57
76 10 248
93 39 543
4 31 669
98 33 551
18 10 278
8 18 271
63 107 71
92 26 68
108 105 963
30 75 694
93 14 151
7 57 919
106 53 666
95 50 970
16 2 504
83 46 746
106 99 532
110 88 144
71 38 788
16 64 233
41 104 133
74 109 143
107 43 630
34 25 263
106 98 476
16 14 603
60 95 995
38 70 244
96 99 374
8 71 166
109 94 732
3 25 963
59 88 822
94 17 193
79 58 985
96 13 775
12 104 468
15 83 265
33 48 252
9 65 156
79 81 143
57 41 949
89 20 497
98 75 539
24 96 623
46 103 884
37 29 222
25 108 39
95 63 555
5 98 484
14 59 68
75 44 61
91 15 941
37 8 62
79 34 600
30 18 280
2 55 333
109 87 302
28 11 239
68 14 794
1 98 89
100 104 735
56 59 846
52 45 486
55 24 975
78 34 35
84 93 243
14 62 113
56 19 460
61 70 96
39 36 146
54 61 856
0 32 780
83 34 152
96 37 991
25 69 181
27 93 862
44 107 327
53 32 772
64 93 3
62 36 364
26 82 600
82 39 198
52 13 577
16 108 844
82 5 417
86 6 610
4 57 995
73 65 878
57 8 619
105 100 278
62 74 787
17 84 363
65 86 879
49 67 878
62 27 670
68 17 110
47 100 515
11 4 598
8 39 810
74 30 554
60 69 323
61 47 135
23 26 323
107 104 646
42 34 774
40 15 925
101 63 760
105 47 869
62 73 442
89 53 330
4 83 83
59 93 503
84 77 329
45 37 269
77 25 845
55 68 200
37 14 324
99 9 26
42 68 909
22 108 802
57 6 611
99 86 180
79 84 190
70 20 315
38 16 158
80 88 130
42 35 595
107 41 185
57 23 821
44 70 220
5 93 411
37 93 450
73 45 734
10 84 704
28 71 710
35 18 24
105 37 475
79 98 661
58 44 650
56 45 560
63 37 781
78 82 858
2 110 907
47 74 91
109 3 817
37 40 767
24 81 527
62 76 85
86 42 894
11 85 553
43 13 451
59 45 819
47 89 512
26 101 980
5 50 732
79 57 570
63 29 93
1 12 186
38 103 893
13 19 970
25 110 17
34 35 520
49 46 368
73 4 904
16 56 296
69 5 24
54 79 620
94 36 819
54 21 992
109 45 98
54 26 147
27 63 893
65 74 848
26 22 972
58 87 934
75 34 907
79 59 729
101 61 625
104 34 791
64 105 472
41 29 743
82 78 621
40 91 841
41 34 139
86 3 996
36 81 703
66 64 687
0 32 769
94 68 690
21 71 209
47 82 663
109 47 308
57 54 435
66 92 386
43 104 842
21 62 554
20 50 319
59 57 819
68 49 570
18 40 50
74 55 209
62 9 190
77 55 431
32 44 481
78 14 855
27 81 363
92 101 959
69 25 986
34 100 644
18 4 269
4 5 505
54 89 604
52 109 259
45 23 322
46 30 653
15 55 765
13 2 154
45 87 864
44 96 843
106 76 780
106 37 873
48 11 164
65 61 37
61 50 235
43 71 326
32 47 772
64 43 739
18 42 27
40 100 919
55 100 845
16 20 179
103 72 218
23 65 331
93 13 727
70 39 250
76 1 454
58 74 285
40 43 972
7 51 162
91 34 29
99 108 598
41 27 657
61 78 281
26 43 613
94 31 829
36 59 972
45 95 458
40 63 53
33 32 526
11 84 868
34 46 228
53 13 991
71 37 869
50 9 622
28 20 205
40 71 261
17 13 142
59 64 356
109 107 777
87 50 704
44 74 341
20 18 681
99 81 188
100 68 945
57 72 813
53 17 267
16 73 514
41 22 351
82 105 918
5 93 457
90 95 286
27 68 290
13 3 239
89 11 687
108 12 474
21 31 634
70 45 466
74 58 182
79 62 925
38 104 832
75 40 676
8 30 599
95 41 506
57 70 5
89 106 420
72 34 861
94 8 185
71 48 882
59 55 8
79 97 452
55 10 10
62 0 860
12 28 355
49 87 130
72 66 953
6 72 19
101 74 147
84 10 788
95 101 390
98 15 355
0 29 426
0 45 948
33 69 41
76 48 77
2 27 600
51 53 452
104 61 581
25 0 738
38 95 68
60 93 494
17 31 803
26 80 951
82 1 65
100 110 940
80 55 32
68 81 111
52 2 390
84 95 323
19 3 899
35 62 435
80 24 776
47 107 598
46 28 248
53 35 385
68 93 434
23 13 171
47 16 604
51 81 880
98 47 955
62 110 780
66 19 899
36 70 853
12 39 43
83 27 43
81 89 771
35 87 14
86 39 192
105 92 852
89 62 429
59 34 44
102 83 173
95 96 35
47 77 998
97 0 424
78 4 412
54 15 35
55 94 392
82 104 828
47 14 989
10 24 996
24 23 625
82 37 149
31 107 612
56 53 288
81 22 189
55 91 467
38 87 31
108 88 865
73 48 78
75 78 202
65 23 717
15 86 626
50 80 761
13 53 505
65 86 35
0 44 520
15 1 128
48 8 220
94 57 565
7 5 588
28 81 167
52 109 997
50 95 812
106 24 156
18 42 51
108 71 268
110 32 549
83 42 346
64 54 30
86 23 850
42 86 963
19 73 379
100 79 255
65 106 263
31 34 946
47 56 482
106 58 689
55 44 787
50 100 518
26 65 917
63 26 628
39 55 965
89 22 712
53 7 237
10 51 750
106 68 272
86 3 781
75 41 355
91 83 774
28 103 790
26 78 82
20 27 727
76 57 374
77 101 732
97 104 72
29 13 179
10 28 884
65 40 428
83 94 128
23 98 516
87 80 949
45 19 490
80 53 171
52 45 985
5 85 774
13 52 534
29 96 449
104 101 245
25 107 423
6 107 935
64 72 979
6 61 359
67 39 181
42 39 165
80 0 821
32 16 349
0 54 617
103 94 94
52 32 471
59 98 436
95 54 948
15 45 403
28 37 80
72 81 240
16 77 459
93 36 119
68 85 414
45 103 914
52 3 575
49 24 808
26 100 431
39 110 496
66 27 925
95 93 256
17 5 378
74 106 349
6 23 718
35 10 865
3 95 785
77 52 298
73 11 385
87 80 852
70 90 860
71 60 369
87 61 189
39 54 40
22 104 441
99 60 234
25 11 547
69 56 715
63 96 296
25 2 956
43 5 57
34 107 255
32 70 42
89 28 794
26 38 818
78 30 539
47 89 121
38 57 607
6 61 689
99 7 387
33 110 554
78 61 935
42 79 429
16 50 527
7 89 430
40 80 684
43 65 295
24 104 685
43 58 424
63 90 658
96 81 295
9 35 530
44 29 201
85 32 384
20 2 805
67 93 91
107 0 351
51 19 300
65 2 20
92 9 267
20 54 987
49 102 241
68 88 913
53 42 938
94 61 97
32 36 519
20 108 57
22 57 274
15 14 682
76 21 8
30 26 497
15 12 606
96 86 477
88 92 210
32 104 536
77 49 776
20 43 380
23 8 334
43 40 600
21 59 318
11 50 234
69 54 972
61 1 451
43 80 993
22 43 186
102 77 529
65 78 976
37 33 435
53 49 818
79 55 335
56 54 429
61 20 76
47 2 174
92 48 871
43 39 343
0 21 40
28 62 145
97 50 125
57 96 837
101 58 112
60 90 845
90 67 440
34 100 643
90 55 346
32 62 531
30 10 468
34 85 211
68 55 303
105 45 214
105 76 758
38 94 878
103 96 168
86 8 402
5 30 61
63 69 681
77 19 293
56 35 170
78 27 511
61 85 659
12 13 803
102 104 551
16 65 183
45 94 907
101 83 664
109 16 835
24 83 305
106 73 592
22 29 174
88 60 77
8 81 215
89 84 960
104 100 529
28 102 990
89 92 891
78 103 931
44 65 269
74 8 65
20 17 10
89 82 280
67 58 472
85 3 306
84 108 66
49 109 997
13 92 776
50 109 997
109 24 783
9 87 365
82 14 578
97 98 647
3 0 904
56 101 26
33 2 416
16 56 545
49 77 248
56 79 619
15 102 373
17 95 592
13 67 4
42 96 528
46 71 575
20 37 401
81 32 105
0 69 73
78 46 648
34 36 873
0 89 39
105 94 356
70 92 930
66 30 691
95 0 806
19 57 181
52 84 95
14 35 226
44 7 635
102 98 17
59 95 865
92 103 646
80 92 248
52 78 652
86 19 796
25 92 411
20 53 341
40 42 817
26 89 229
51 84 581
45 21 983
6 92 968
41 30 109
11 76 839
32 63 507
7 67 178
94 14 103
33 19 290
27 100 95
24 93 393
33 13 939
77 1 347
103 78 126
65 86 371
105 52 886
33 8 340
5 4 670
107 84 870
8 23 79
72 95 148
50 96 312
103 89 414
86 37 360
39 6 858
57 58 42
3 45 25
64 86 502
36 86 20
38 109 445
61 58 108
91 89 158
56 39 782
47 43 222
21 90 63
73 22 453
51 81 302
64 9 820
44 43 420
77 19 395
74 9 244
8 76 21
47 42 133
91 95 509
4 97 158
55 6 861
5 98 948
21 37 396
93 15 344
82 36 188
45 100 797
23 108 774
75 9 451
91 18 931
97 49 63
90 106 640
28 29 972
38 76 539
56 73 232
91 9 318
9 106 597
45 96 306
103 73 926
43 62 624
35 41 65
91 88 675
87 78 258
93 75 417
57 25 656
3 69 385
89 75 976
76 69 6
97 34 882
59 91 40
106 104 786
13 60 785
62 54 135
20 68 463
4 76 227
81 25 945
50 8 621
110 30 310
36 31 632
91 78 631
54 108 730
65 103 768
17 91 641
70 80 582
103 14 233
56 12 574
49 94 878
12 69 190
44 74 749
91 100 382
21 43 540
91 13 470
25 1 400
16 88 188
39 32 518
99 29 413
44 48 501
58 98 279
51 37 366
11 92 188
30 105 524
59 63 205
67 68 815
20 106 793
91 30 595
90 52 566
23 93 543
66 89 714
18 87 499
74 27 183
104 90 485
9 50 908
79 34 431
101 9 340
12 68 265
97 40 37
53 9 245
15 24 85
105 74 47
16 40 442
83 1 772
2 55 863
73 96 328
86 75 923
4 104 634
28 49 586
32 79 878
38 21 290
34 28 71
11 92 258
103 70 962
66 53 260
109 35 730
9 18 831
13 97 235
12 107 95
26 6 687
29 70 424
1 51 388
62 78 670
83 91 370
4 53 732
21 57 622
86 72 842
85 87 731
6 31 757
88 105 73
40 63 612
102 76 95
3 107 276
61 32 766
57 103 29
91 22 282
77 12 746
47 106 641
20 15 368
55 50 48
60 2 749
43 85 613
48 96 823
63 44 523
30 35 325
109 100 437
86 95 407
2 66 720
86 23 955
24 65 904
43 70 687
52 82 732
89 46 922
12 58 101
59 25 310
10 46 799
47 29 396
26 18 260
96 16 319
31 35 162
52 2 308
23 66 390
31 44 527
8 90 572
22 46 12
41 50 541
70 36 80
78 88 383
79 83 270
108 82 579
11 35 411
18 13 98
2 104 430
76 37 577
27 49 140
107 64 147
54 10 773
73 62 638
95 31 375
51 57 931
22 85 921
108 41 592
78 44 776
78 56 822
67 55 360
56 30 683
100 51 280
63 10 237
105 64 604
26 2 276
70 69 627
6 15 234
108 6 241
110 100 826
63 88 838
59 12 248
60 40 131
39 93 81
40 71 349
81 46 844
56 67 515
79 51 315
91 40 162
72 10 764
0 61 776
75 61 612
2 89 937
109 9 427
25 8 747
64 0 938
28 105 64
6 13 254
13 21 811
59 96 95
95 47 156
10 37 966
70 77 208
106 66 163
68 20 662
108 51 435
92 24 595
110 95 626
43 54 140
104 85 273
37 19 971
9 21 750
68 64 676
105 20 656
93 95 398
25 45 942
71 106 197
63 62 928
94 14 106
81 61 311
74 25 445
36 77 805
24 98 134
76 2 240
76 90 493
21 51 705
46 88 469
23 29 858
46 104 390
21 42 478
87 62 905
41 107 117
19 8 499
9 32 189
18 103 378
10 110 659
50 99 300
106 73 926
43 84 162
74 97 182
102 22 875
47 66 734
55 88 864
87 97 803
18 73 85
104 2 235
14 59 620
21 68 195
14 33 652
38 20 105
89 22 416
89 40 799
106 51 469
23 0 944
108 8 75
7 17 784
88 60 125
26 89 403
78 28 445
8 46 291
37 79 717
62 105 909
50 88 986
38 49 537
16 92 863
9 76 444
0 6 28
62 53 980
49 67 763
88 19 352
15 9 472
37 69 868
53 93 571
88 62 341
31 86 859
44 99 546
76 11 272
81 63 668
18 52 490
37 110 116
78 68 350
84 66 625
66 12 413
3 25 663
39 78 987
14 30 426
10 13 170
88 39 237
33 79 352
62 61 563
19 25 695
73 10 644
43 59 632
80 38 652
48 110 56
28 67 140
29 45 390
63 70 366
65 89 978
45 77 637
47 53 632
64 8 324
20 110 425
58 94 7
46 58 168
46 68 463
42 39 683
21 55 370
84 87 787
104 97 816
53 64 755
66 25 137
12 69 888
14 0 929
33 99 361
23 54 900
30 45 381
96 86 200
69 64 308
69 68 584
48 103 420
50 80 298
46 43 994
15 36 884
17 74 21
34 31 935
99 33 439
108 81 281
73 29 341
7 66 472
46 1 498
58 100 863
72 9 892
35 109 914
44 89 326
96 19 751
75 74 676
47 80 958
97 105 725
4 45 289
100 7 676
88 34 607
109 85 887
9 78 852
38 21 804
32 104 318
67 30 232
85 10 596
85 6 659
9 86 742
97 62 456
60 88 309
51 84 572
4 35 39
73 89 741
51 104 266
27 94 486
96 97 258
1 68 820
3 76 497
18 38 331
31 108 472
73 9 60
36 56 997
29 87 880
26 28 238
79 9 780
32 39 784
79 61 666
96 8 857
26 43 979
41 59 701
95 98 921
70 20 387
47 69 958
63 19 286
98 17 193
53 6 583
14 76 257
93 49 246
80 78 443
86 42 188
105 48 669
84 99 667
7 41 162
5 50 560
102 32 434
26 22 956
39 97 484
94 36 431
18 107 764
69 83 993
58 91 395
52 19 159
63 48 738
1 5 564
106 62 383
46 34 12
34 2 479
102 84 189
91 60 609
21 62 350
93 96 864
103 6 790
101 2 215
0 1 760
107 91 913
62 77 992
102 68 264
0 89 158
7 62 622
38 20 387
85 37 941
56 36 841
106 26 164
86 58 259
15 91 484
63 14 311
11 96 803
50 19 966
1 98 393
29 77 339
35 103 17
13 36 723
107 68 881
92 11 555
15 73 899
90 50 325
92 81 493
90 46 224
74 4 954
103 4 102
19 103 577
50 27 943
92 74 159
96 70 222
89 97 928
5 13 358
48 56 685
33 77 492
86 79 334
105 62 602
51 92 410
7 1 548
48 21 32
93 79 829
27 31 802
56 92 302
56 47 282
1 54 469
59 72 345
6 104 488
75 100 85
43 108 511
31 58 602
2 22 995
61 8 276
88 42 698
108 60 288
57 2 961
84 9 595
98 72 863
77 4 689
8 82 206
72 39 525
48 91 510
75 80 658
102 16 77
107 82 159
87 50 996
12 74 268
27 55 314
98 40 885
91 73 48
55 46 761
85 14 462
3 1 832
93 83 844
64 75 418
93 91 840
73 102 745
99 97 320
47 8 40
19 78 390
88 29 590
24 89 257
0 49 501
68 4 227
9 100 471
7 36 185
78 105 247
14 67 532
44 28 509
17 9 648
95 104 696
61 22 83
69 10 95
14 5 151
93 80 901
104 24 877
95 29 689
101 50 101
66 67 985
20 105 952
13 36 946
49 97 458
44 52 14
25 26 68
101 88 202
23 64 321
62 102 552
106 61 931
76 72 157
48 102 90
103 14 237
97 82 116
13 50 631
38 85 29
75 48 61
3 86 905
102 88 878
15 54 146
79 14 554
98 62 17
17 100 366
85 16 493
39 42 316
53 33 513
95 87 100
98 103 926
5 3 164
0 20 803
33 47 833
104 43 526
94 64 770
27 66 953
22 45 569
81 14 702
71 4 294
54 29 108
65 104 913
93 88 289
24 16 112
58 43 389
55 90 770
99 92 921
54 7 660
100 49 365
1 82 589
61 46 942
84 87 998
10 34 569
106 24 476
39 40 139
80 89 797
102 65 613
97 74 802
5 86 538
8 107 383
59 39 482
41 23 64
3 65 815
1 28 938
91 61 131
74 64 996
67 21 458
107 50 2
18 99 706
16 104 582
22 98 734
81 88 556
34 103 784
59 95 873
40 108 751
4 94 926
48 40 297
98 74 84
67 7 295
36 0 368
23 19 791
89 61 835
57 73 817
88 79 492
42 83 941
76 21 223
60 100 566
44 8 221
0 39 61
5 9 14
53 31 132
14 38 839
69 106 756
40 70 302
59 4 823
45 98 252
22 101 257
16 9 460
105 60 30
3 106 109
32 81 981
31 105 493
84 101 1000
3 105 613
108 55 477
29 102 319
77 7 287
26 76 206
57 58 884
75 26 935
65 25 186
1 101 351
77 110 884
10 24 934
33 51 817
93 12 667
25 43 259
108 73 289
55 5 129
63 46 62
81 77 882
60 91 853
49 13 711
86 101 815
45 72 954
50 21 396
25 47 808
71 100 613
71 1 464
80 60 120
105 22 358
31 17 880
69 109 304
78 101 962
1 75 630
105 5 549
12 33 287
2 75 782
90 23 471
69 81 197
23 14 936
90 0 230
110 52 773
85 13 994
106 87 824
61 25 33
87 45 331
26 12 632
98 8 918
27 47 959
24 73 918
30 32 532
80 23 715
55 83 915
94 96 710
45 51 459
8 69 784
44 73 845
86 109 943
36 31 442
41 67 278
48 85 849
68 50 389
3 0 365
14 5 711
65 4 184
68 90 513
98 26 995
35 104 365
50 3 513
32 59 999
55 1 316
49 94 948
58 68 404
99 35 844
94 34 411
12 75 145
77 39 975
22 107 620
8 69 699
72 18 328
5 76 25
70 23 212
16 102 988
73 103 130
51 6 754
88 30 970
56 90 411
43 38 809
53 26 63
93 101 979
22 29 110
28 103 615
63 0 35
0 40 596
81 69 568
34 45 35
46 53 658
4 24 600
20 28 170
71 60 930
17 69 464
0 12 730
34 88 658
110 78 151
79 76 95
83 96 670
2 10 196
73 38 527
42 98 886
85 33 570
49 71 638
110 109 475
102 81 269
81 25 299
40 61 298
31 70 874
68 8 382
38 102 670
34 98 909
89 25 434
11 89 269
50 15 6
58 31 284
94 22 764
109 6 17
28 16 732
9 44 549
23 40 345
63 42 443
97 35 927
102 61 946
45 65 469
13 36 84
18 16 688
23 16 298
102 10 350
31 40 340
88 16 569
67 58 458
67 91 793
55 98 765
3 46 282
87 69 408
9 2 66
80 53 231
34 42 225
8 103 192
96 79 29
1 17 317
37 82 269
16 90 135
11 50 558
104 53 597
93 1 190
47 67 164
107 22 306
31 34 709
24 73 628
110 97 414
40 92 240
64 24 137
24 66 234
69 73 57
91 32 936
11 48 145
8 85 822
15 33 529
13 50 294
104 34 880
80 44 838
66 5 976
56 108 587
51 47 953
33 81 57
110 77 892
29 93 72
8 44 307
51 8 41
4 56 617
25 50 144
90 23 731
92 2 849
71 87 726
6 76 673
34 3 9
105 66 640
107 24 251
59 48 15
42 110 35
33 26 609
23 57 184
41 34 909
38 17 598
53 72 285
46 29 888
53 74 216
59 41 220
38 49 703
48 104 460
0 38 411
70 25 703
34 40 675
21 12 115
40 24 49
1 60 628
17 84 555
70 25 326
67 89 26
61 35 444
73 57 479
104 109 82
94 65 165
4 40 789
29 16 584
89 72 15
65 101 310
61 101 918
75 105 751
28 87 829
37 60 757
50 85 439
99 52 279
84 90 733
85 49 860
10 88 735
