23 10 593
22 0 734
12 13 704
14 17 80
10 23 235
7 16 974
3 0 778
6 8 55
1 5 984
20 21 515
0 8 535
9 21 677
20 3 984
10 19 75
6 23 798
19 10 456
20 8 141
1 23 924
15 1 361
1 19 147
22 17 651
19 13 562
9 10 264
10 6 688
1 3 581
7 12 476
1 15 985
8 4 279
20 15 216
9 23 504
3 8 724
19 4 230
16 4 487
19 16 840
17 23 163
19 11 347
9 23 496
11 7 942
1 6 216
18 4 419
12 10 521
1 9 946
11 8 862
20 11 495
2 6 230
18 19 64
13 16 479
2 22 584
6 13 245
1 23 543
6 22 501
3 22 758
18 14 870
12 16 955
8 1 874
18 15 532
6 14 681
9 11 710
11 5 926
10 1 946
3 6 42
11 16 358
14 9 274
7 10 219
0 20 865
4 20 559
6 3 404
13 5 6
12 15 150
22 21 733
5 15 145
17 5 890
1 6 924
16 11 2
0 22 541
2 23 508
16 18 280
0 5 903
14 22 504
1 3 536
6 22 775
6 2 725
5 15 146
11 15 102
23 21 232
2 1 528
7 1 175
22 7 667
23 0 385
8 7 169
14 11 842
4 17 215
5 9 190
6 10 362
7 4 233
13 2 841
0 17 179
23 13 127
8 5 73
14 20 683
2 21 303
9 5 889
1 5 568
5 20 584
21 2 326
3 8 90
20 1 175
17 10 64
15 16 14
3 2 477
1 5 173
1 12 140
5 20 102
23 15 544
2 3 4
5 14 54
10 13 828
13 12 924
17 3 722
1 3 654
2 6 739
22 11 486
16 11 184
22 3 200
16 1 502
22 18 799
20 14 291
10 1 25
4 3 896
6 22 111
1 12 872
11 8 987
13 0 397
9 0 824
0 22 930
7 11 997
17 13 355
13 22 39
0 4 881
4 15 459
2 4 57
12 4 209
23 5 854
5 2 118
14 3 817
6 18 165
6 22 978
19 4 575
