131 25 682
59 106 904
9 62 29
32 53 960
103 6 835
40 74 33
0 60 816
71 117 546
52 98 312
49 111 688
86 48 101
145 48 172
18 50 395
136 133 609
44 72 709
109 111 223
86 80 745
115 117 185
70 141 186
8 112 476
26 18 999
95 133 91
131 52 369
39 109 94
54 6 183
145 133 857
74 16 383
78 128 384
110 38 948
38 41 628
141 80 124
118 86 661
11 114 266
80 37 900
105 95 94
96 79 526
22 68 211
76 13 905
129 16 290
128 93 141
73 111 696
19 25 786
141 19 421
115 104 416
122 127 109
144 110 660
104 27 331
7 64 905
14 42 55
117 1 747
142 138 993
97 27 66
131 58 877
87 124 164
51 52 380
129 131 5
141 33 864
11 60 252
112 127 662
120 84 17
86 128 632
45 93 538
13 19 353
101 117 65
72 66 636
39 104 392
39 4 859
84 90 766
31 9 910
122 125 215
53 87 566
55 14 596
24 8 201
57 18 976
103 145 761
49 111 962
78 108 297
30 44 96
139 126 512
46 131 530
99 76 581
136 91 475
21 108 172
132 125 664
79 51 243
23 78 442
126 61 791
114 66 63
73 140 920
87 49 528
4 116 895
0 42 230
131 46 922
109 0 383
81 39 645
124 10 362
61 14 389
9 45 368
124 43 114
70 138 605
40 44 431
40 74 24
2 46 126
89 118 179
103 130 744
50 60 342
98 42 526
59 100 509
92 104 1
120 5 113
128 63 625
44 120 366
13 51 296
16 3 423
107 5 78
94 98 850
38 93 317
1 108 248
39 132 596
60 94 142
1 104 404
117 100 339
126 112 118
3 87 795
46 6 48
103 43 599
108 57 418
31 83 300
125 120 457
52 137 378
96 60 742
78 61 982
63 55 322
39 19 822
131 144 648
40 74 670
78 133 985
36 135 200
88 83 487
99 24 854
140 76 187
63 14 451
25 69 426
117 40 641
117 142 547
32 11 761
94 139 315
68 53 421
52 103 552
88 77 179
105 133 192
13 10 992
56 18 160
70 99 214
52 130 920
92 3 851
143 88 837
29 75 999
82 60 766
10 16 491
21 111 219
140 7 624
91 59 860
78 50 758
18 77 3
120 144 744
5 128 422
41 132 937
119 60 383
39 116 961
80 130 825
18 134 496
140 141 418
85 136 355
75 98 654
96 74 607
128 103 275
122 96 367
128 34 752
42 103 197
125 113 518
18 138 126
124 65 679
82 12 936
109 50 304
49 116 992
101 64 96
12 57 890
105 132 725
35 74 505
140 91 835
94 21 571
65 106 368
76 39 295
68 50 143
98 15 736
74 103 782
141 42 527
131 102 901
102 66 24
139 82 183
104 130 78
136 69 367
17 109 312
99 70 218
57 140 916
105 106 806
106 115 842
105 97 220
86 121 345
24 2 616
142 64 899
121 140 51
111 52 224
34 126 584
44 94 894
98 110 696
114 13 239
31 52 354
44 70 169
48 11 928
105 18 706
112 49 218
133 73 405
9 118 403
10 100 878
25 37 236
80 122 590
4 82 510
68 78 631
113 4 290
131 53 281
75 118 911
139 46 59
72 136 179
3 14 282
25 136 483
85 53 466
111 83 271
104 11 680
11 110 907
49 4 635
51 100 472
17 80 430
41 69 989
95 25 876
110 1 435
59 126 584
134 77 519
7 126 109
6 129 660
112 125 311
30 66 181
103 70 26
73 12 176
40 139 474
77 133 772
24 140 707
0 67 148
56 47 675
95 2 455
138 50 33
13 67 436
11 40 674
72 145 965
114 127 312
38 123 407
9 139 169
8 59 501
83 140 780
135 25 917
52 26 660
75 92 393
117 6 625
1 43 859
119 100 491
36 70 144
3 93 219
140 9 174
53 92 343
0 90 472
143 71 94
79 4 444
140 31 502
5 91 719
49 78 123
101 105 18
110 106 188
28 115 242
96 28 609
85 0 446
107 45 183
97 63 214
121 82 36
39 106 908
78 49 198
5 86 844
11 131 380
112 118 423
37 131 54
33 112 338
19 77 285
82 123 502
26 76 122
65 139 891
24 94 798
32 41 710
75 1 510
111 143 952
34 47 264
49 50 719
107 28 999
76 106 351
4 10 373
68 20 879
127 103 434
53 138 737
42 30 107
112 78 475
124 52 838
68 113 962
50 122 548
37 89 365
5 79 15
25 93 305
86 25 451
40 115 424
99 83 10
110 16 359
29 13 197
95 25 191
58 17 551
58 73 980
62 93 265
95 126 212
113 55 7
62 76 509
21 23 838
9 7 700
87 107 851
18 27 785
49 7 984
82 40 312
21 92 765
15 30 729
18 106 975
15 92 32
64 2 894
20 58 343
100 67 956
107 25 217
66 53 988
77 93 328
21 135 80
86 47 69
72 16 184
58 19 99
46 52 907
113 119 90
110 108 953
124 144 827
4 45 110
10 109 603
33 13 959
37 81 313
135 80 230
69 100 588
32 144 478
107 6 777
32 95 701
41 103 794
41 20 445
140 46 382
12 18 343
14 90 46
73 65 92
110 99 330
114 101 950
78 125 635
29 27 600
111 141 93
138 120 194
54 51 366
139 108 227
75 22 759
136 65 449
101 23 307
75 20 332
15 37 504
2 25 207
60 19 711
91 119 183
120 80 812
139 39 531
11 22 544
14 96 553
50 56 203
141 137 374
35 78 489
29 109 364
84 93 46
97 95 336
110 122 10
22 45 42
133 26 909
134 123 304
116 76 725
114 111 369
115 109 213
94 51 280
6 18 276
115 123 18
59 23 703
36 122 915
28 26 343
31 83 671
116 69 780
81 27 716
56 110 194
129 58 144
113 66 708
103 32 420
120 67 707
31 19 833
43 0 893
49 105 752
74 34 337
25 24 603
118 74 968
39 87 413
62 104 400
64 119 308
24 96 966
90 65 761
71 38 426
41 5 317
27 32 993
46 124 416
21 68 209
93 141 983
80 30 311
80 25 255
34 126 64
73 7 530
82 74 634
136 89 441
17 50 888
84 39 362
145 138 802
132 88 148
145 143 614
115 38 352
78 138 291
86 16 966
96 25 65
126 72 722
33 109 858
12 94 921
3 6 530
80 102 695
45 74 514
12 44 624
105 74 430
73 61 330
21 94 829
51 37 798
96 84 989
123 53 729
51 24 222
53 109 426
91 79 637
133 115 986
115 68 475
0 133 481
76 123 602
59 14 2
106 52 680
132 87 344
52 41 924
128 89 890
83 20 454
56 80 828
33 40 355
139 29 448
114 41 825
61 42 192
69 70 207
76 114 462
136 40 216
110 113 427
53 143 896
103 108 570
135 66 623
30 47 379
101 76 997
48 43 211
93 79 480
21 104 618
116 111 920
85 14 763
126 122 736
0 127 772
94 103 951
101 41 719
132 144 582
50 28 353
45 142 30
108 41 647
85 92 30
46 93 102
90 111 216
43 45 379
75 138 315
128 49 234
116 50 846
132 3 883
103 14 10
31 64 432
48 58 471
15 137 906
69 66 723
32 108 552
113 103 582
135 37 544
143 18 906
28 6 58
60 4 809
76 60 466
56 2 99
50 22 8
41 39 872
140 83 69
40 61 868
15 55 760
35 58 465
27 46 742
84 132 725
0 51 341
82 95 737
7 96 157
77 37 92
19 39 309
145 58 495
88 111 242
92 111 961
7 98 994
104 75 240
71 40 305
96 21 702
119 14 439
71 13 863
25 9 950
13 87 618
31 11 366
113 65 954
15 18 307
109 55 218
125 99 333
125 115 478
27 31 141
92 84 315
56 82 385
103 132 585
81 35 758
13 97 600
127 123 627
13 105 144
51 17 700
16 124 684
87 27 46
66 96 29
81 83 695
99 127 924
126 48 930
77 13 15
117 38 608
5 141 420
37 55 194
138 2 389
116 12 837
56 142 531
30 105 313
111 55 928
46 66 489
14 18 724
39 19 27
140 111 885
100 84 513
91 0 626
4 77 519
129 91 796
70 9 402
85 117 648
69 52 698
14 6 280
128 131 703
140 136 228
9 108 879
96 2 259
9 46 599
35 24 616
88 53 802
145 123 878
77 43 140
130 12 836
27 2 267
87 17 146
142 126 78
4 81 361
34 102 599
136 96 542
89 129 759
27 16 221
145 48 586
68 105 797
58 22 624
44 90 216
123 107 905
7 32 971
99 109 584
32 21 464
143 99 531
48 15 636
35 45 30
80 61 54
92 10 24
120 102 106
113 75 927
126 92 795
18 99 996
61 101 180
143 79 507
119 94 511
10 86 68
40 78 322
134 59 209
100 98 345
4 128 380
71 39 992
134 20 235
130 81 867
123 120 836
14 61 18
109 25 829
6 40 187
107 126 7
28 12 253
133 71 68
17 93 218
73 15 656
83 44 466
5 39 565
126 85 71
140 129 739
121 81 181
130 126 235
27 34 49
98 59 780
79 112 613
98 46 340
21 17 194
115 40 7
142 127 351
31 35 921
49 25 664
19 136 324
134 24 99
68 101 56
102 59 509
134 10 6
6 114 7
21 27 120
39 97 582
128 89 16
125 128 690
140 40 169
74 68 665
16 2 860
118 133 208
24 50 509
134 42 672
86 120 376
28 17 388
19 51 175
31 50 150
122 63 292
37 41 186
4 41 620
48 42 336
130 10 824
60 108 661
14 53 542
145 100 335
9 34 395
39 144 457
132 120 904
115 55 579
111 92 31
71 90 61
106 94 92
88 63 364
13 105 342
122 23 142
17 4 83
120 143 314
107 13 284
110 80 596
115 107 656
92 118 764
102 6 314
127 111 62
132 136 713
16 43 705
11 89 142
70 144 570
52 86 737
46 124 167
91 136 503
138 42 140
80 134 80
124 40 918
129 91 677
92 115 769
34 72 20
123 80 63
87 18 781
133 142 512
43 56 696
78 41 182
32 111 363
94 136 205
86 136 786
12 120 961
128 132 297
110 49 650
53 109 731
139 53 364
122 20 60
59 103 203
145 9 598
62 74 107
3 139 102
123 129 726
128 142 995
18 52 492
97 18 382
129 7 636
2 54 301
67 134 999
26 121 28
130 43 800
4 70 95
50 106 643
28 110 162
83 124 514
8 15 190
145 142 605
35 128 341
86 106 1000
111 25 735
125 9 71
103 49 874
21 61 777
17 31 480
71 85 187
132 114 531
96 37 990
141 9 612
107 44 492
106 78 601
31 29 430
132 47 360
61 1 456
18 84 676
3 126 901
121 116 370
87 109 451
76 139 470
30 141 74
55 131 640
142 128 443
0 64 183
67 15 114
115 126 38
58 78 291
7 13 754
56 142 350
134 29 841
26 56 526
124 0 917
51 27 189
30 94 377
60 122 275
49 62 422
25 15 630
143 29 763
145 8 736
61 143 401
145 139 38
121 87 179
81 12 644
94 124 895
34 11 137
24 89 272
51 22 925
109 48 505
3 114 71
5 46 681
27 30 74
66 99 347
5 106 742
42 91 661
66 96 422
71 21 716
134 133 311
8 116 672
1 126 898
102 48 97
47 52 295
92 43 154
143 87 758
125 121 786
11 31 572
74 9 57
137 25 788
34 39 221
109 53 865
133 112 157
44 143 785
142 57 520
43 142 566
121 49 980
119 29 34
9 75 930
115 52 824
118 76 323
47 17 806
117 94 689
74 12 218
110 39 53
68 19 389
139 5 967
137 52 725
67 72 360
132 12 909
57 48 350
95 137 514
119 61 906
91 136 869
110 117 756
1 84 171
103 112 691
140 83 233
135 3 192
2 129 224
20 125 763
12 99 376
4 18 611
129 125 476
110 12 924
75 85 437
141 8 810
22 53 83
90 85 810
34 14 720
81 120 103
35 54 663
143 134 846
139 8 329
80 108 896
78 22 207
19 71 809
105 4 17
115 122 992
128 86 531
66 143 197
95 88 948
13 139 611
98 5 714
78 113 637
94 2 416
135 131 450
4 141 19
131 20 473
68 83 276
106 42 489
50 63 8
10 101 851
77 9 201
11 97 347
90 17 817
23 123 979
10 125 310
43 84 383
34 64 874
117 18 325
22 41 340
38 18 201
142 78 268
29 112 348
44 109 860
57 5 442
50 119 506
84 21 365
124 89 392
14 100 281
44 133 516
86 145 749
31 126 301
21 134 361
88 19 721
37 120 111
3 21 5
118 24 462
135 22 158
95 130 173
120 133 131
62 27 340
20 130 588
121 31 90
72 41 919
0 43 38
121 110 470
36 54 617
80 64 633
132 48 24
12 93 880
27 114 140
75 40 553
34 94 994
68 105 283
72 19 699
72 24 573
123 49 274
50 47 286
102 23 296
14 65 836
114 130 749
39 117 159
51 44 101
29 32 359
6 10 26
12 58 615
107 98 610
99 19 390
69 30 507
108 125 981
23 4 694
143 127 640
73 89 513
0 76 393
115 91 648
97 15 420
60 143 930
133 104 273
94 99 794
3 42 316
13 141 809
113 86 793
15 104 794
141 54 33
31 18 315
135 85 244
37 72 85
24 10 889
116 92 530
18 141 784
23 49 161
98 121 685
83 42 440
69 90 590
9 58 486
97 100 143
50 11 386
8 85 632
107 128 578
8 76 440
27 126 990
65 78 187
40 42 343
33 64 598
91 54 122
121 102 716
108 6 99
71 76 996
73 99 555
47 110 568
133 3 194
8 73 988
124 102 103
122 86 187
125 87 771
130 36 519
121 142 119
141 14 571
26 95 205
4 33 13
119 102 93
100 44 110
1 101 292
105 125 911
29 58 614
139 44 823
94 121 805
20 79 625
9 13 12
113 36 902
61 111 707
125 124 445
119 21 978
78 33 717
70 0 925
89 120 850
76 52 45
57 47 176
44 31 157
69 6 3
103 136 28
17 90 13
9 130 606
24 10 412
93 1 572
137 59 98
59 14 994
49 82 759
97 117 531
59 42 620
49 72 583
105 83 428
136 66 614
54 50 955
112 44 746
67 103 755
30 53 880
99 136 659
0 28 717
108 19 164
90 93 164
26 4 237
109 5 613
108 47 790
97 138 153
133 92 492
78 50 941
12 55 874
60 68 799
74 142 316
137 100 760
99 40 860
75 81 420
119 51 47
41 143 997
72 20 977
63 113 658
127 111 680
96 90 380
34 8 97
28 14 587
78 127 635
35 15 23
145 106 147
32 2 615
120 83 247
64 63 797
103 141 216
19 102 93
32 34 954
55 126 41
133 84 222
121 75 719
50 97 360
53 24 384
53 77 171
11 115 847
14 86 63
100 102 175
49 18 299
22 125 495
44 143 994
1 82 523
130 32 759
106 12 823
88 24 528
49 2 675
63 89 403
6 78 863
124 42 831
78 111 513
46 78 484
71 129 4
28 83 227
134 128 439
102 72 275
44 139 167
78 130 998
58 39 204
65 7 305
28 137 848
6 113 59
0 143 902
63 4 808
122 55 425
24 71 187
91 85 737
134 132 299
62 113 318
93 64 130
76 79 670
75 64 722
134 123 546
14 73 503
8 14 409
49 122 717
16 131 741
77 19 927
22 98 329
138 91 220
70 124 321
89 69 317
145 36 803
88 139 400
86 60 243
142 135 113
137 111 8
8 0 840
97 78 55
86 64 114
88 144 731
132 59 875
61 117 964
144 0 304
120 109 576
45 7 782
126 145 238
117 128 123
9 4 486
73 97 506
130 94 458
89 27 610
139 42 790
65 2 509
123 18 251
73 116 65
138 50 796
110 3 657
92 9 194
52 130 738
27 51 650
124 31 782
62 58 460
89 20 198
111 37 229
39 81 409
62 122 558
56 127 89
55 5 744
32 41 447
67 128 379
130 86 839
120 0 949
39 16 785
116 110 126
144 126 687
73 137 131
41 50 164
57 58 986
3 36 307
28 107 737
36 81 892
17 23 885
131 28 897
24 116 785
134 82 662
20 13 261
131 74 250
38 108 721
135 120 216
50 28 827
20 5 380
14 53 155
56 136 766
126 36 396
86 70 925
120 79 748
64 95 996
108 140 62
46 28 823
75 127 930
3 88 18
25 140 775
118 27 715
105 120 96
52 141 519
110 131 113
43 23 771
10 57 844
59 66 886
143 129 481
94 19 704
91 61 768
97 124 622
50 54 622
96 93 909
79 114 93
30 49 874
103 107 574
139 42 870
136 82 995
101 89 806
76 65 348
75 136 489
97 125 783
18 145 241
51 41 13
60 76 487
19 6 132
23 75 116
87 120 922
56 64 95
93 78 491
124 134 974
117 137 255
7 64 432
141 142 878
123 82 114
96 142 522
119 102 680
10 103 405
130 12 319
131 42 991
0 71 550
123 30 676
31 124 92
18 100 431
104 26 529
111 28 381
2 9 429
46 93 249
122 23 882
41 143 960
51 36 781
19 57 528
129 63 805
77 49 138
123 81 361
28 71 195
62 10 704
78 114 881
92 114 693
41 26 924
91 117 517
94 57 549
10 108 447
53 109 120
119 50 402
88 31 244
126 123 718
74 64 540
8 119 243
19 91 213
44 116 573
96 115 376
109 20 632
37 90 204
111 32 425
47 122 13
114 140 624
18 83 397
29 64 699
32 51 273
4 89 202
139 47 986
100 1 219
14 39 955
32 50 820
8 66 192
36 133 51
131 88 995
72 125 923
66 37 535
37 26 436
74 105 232
125 124 870
60 74 287
81 58 505
4 18 28
33 86 366
67 73 581
29 62 869
127 48 324
100 38 462
71 141 149
35 20 322
48 106 936
20 27 763
12 61 979
106 41 377
102 3 259
40 71 713
110 22 738
39 61 624
83 125 932
6 97 258
73 17 614
46 77 908
121 25 571
4 114 971
29 7 926
101 122 475
110 83 7
137 63 573
51 127 409
108 104 485
129 106 771
52 98 564
15 62 634
89 100 824
35 32 312
62 5 8
29 78 159
75 67 821
64 16 429
1 58 959
24 132 451
95 71 948
13 111 923
77 119 139
81 31 980
56 49 808
136 130 77
64 35 949
58 11 711
79 107 840
80 103 781
20 26 85
99 0 384
34 129 818
115 23 897
127 9 53
42 59 23
83 88 141
71 112 204
96 48 465
8 60 916
22 72 11
97 30 952
20 11 485
92 135 619
87 143 479
134 133 760
83 101 915
68 119 518
98 51 928
31 117 924
115 5 757
66 71 329
2 20 249
55 127 358
14 124 184
29 131 364
70 26 564
3 64 467
46 48 461
43 119 513
33 63 456
12 139 299
54 11 637
137 111 274
22 109 469
25 26 737
9 122 712
22 122 902
2 25 90
119 47 922
122 43 724
115 75 744
46 37 385
138 25 718
11 83 480
141 124 687
43 11 654
80 130 813
116 106 831
78 26 363
107 140 821
74 60 728
114 80 882
96 49 331
72 69 810
85 100 394
108 49 494
5 20 520
98 3 178
111 143 122
136 75 172
142 35 541
132 91 463
67 30 927
121 54 383
112 68 782
109 8 369
58 72 64
11 108 95
125 25 954
90 83 641
90 60 782
13 63 108
40 26 863
118 129 816
6 36 815
3 130 654
84 122 456
111 136 636
107 82 841
120 113 297
112 13 213
70 113 219
90 52 232
7 132 70
97 61 664
104 50 224
65 92 741
71 33 323
104 137 744
116 29 220
27 102 668
143 66 124
111 35 755
83 105 983
103 85 129
6 8 795
43 113 325
38 132 908
62 115 887
36 111 394
51 94 511
116 111 339
82 73 806
117 46 50
61 63 574
51 88 55
93 123 200
117 106 67
90 31 618
58 1 201
22 57 544
70 84 779
117 67 296
83 37 933
111 91 166
34 39 715
93 110 596
72 141 97
53 7 746
141 93 460
33 62 886
124 6 397
69 8 51
129 90 657
84 123 664
41 111 43
48 10 204
42 100 318
46 120 393
123 21 16
53 102 36
52 36 261
143 98 522
109 34 260
141 122 71
93 21 361
140 56 755
7 81 141
98 68 149
108 21 555
72 96 873
38 0 48
84 135 950
121 116 713
45 4 718
127 61 623
26 0 191
74 34 775
17 18 69
92 62 567
137 120 197
96 60 133
143 89 56
45 60 689
59 50 429
63 51 255
0 71 584
124 11 817
132 29 116
13 95 803
71 105 808
126 28 595
112 78 361
141 99 973
54 99 639
51 132 130
5 68 836
20 51 6
53 119 193
49 60 667
93 126 178
78 111 450
22 39 152
86 16 79
108 90 399
84 92 528
58 54 188
89 74 550
70 89 824
2 111 740
40 69 621
77 25 455
37 89 451
77 60 377
80 33 689
1 42 444
12 127 628
110 41 426
120 84 222
34 100 651
137 10 806
20 138 775
82 85 533
110 79 64
106 42 763
41 16 700
1 140 561
44 81 543
67 72 410
31 131 180
7 125 332
23 20 871
70 41 635
21 101 228
141 8 308
8 23 688
122 90 272
45 11 516
83 4 951
129 91 477
141 37 915
44 118 408
99 68 232
138 34 100
144 2 687
34 72 252
99 96 565
75 52 811
112 20 413
97 92 318
86 13 311
90 114 406
77 103 101
88 45 797
139 72 757
141 55 748
76 100 134
49 132 551
45 56 973
143 116 496
63 74 563
136 88 160
102 105 808
140 42 963
128 12 123
16 88 589
114 109 105
105 62 88
127 143 221
32 144 712
94 123 426
4 28 552
128 72 677
110 84 670
5 82 659
0 57 132
116 19 806
124 19 99
60 97 56
121 101 937
137 123 668
115 63 799
43 70 854
72 107 662
29 26 238
31 98 954
9 126 450
14 67 394
118 61 486
72 124 314
94 3 823
85 35 465
67 30 454
3 34 149
144 133 489
76 59 678
141 118 48
118 27 73
50 33 339
96 4 546
64 39 280
11 83 48
139 71 9
46 94 115
80 142 386
37 95 282
15 5 202
133 39 689
117 57 27
92 67 122
117 143 150
71 69 746
11 44 85
43 47 513
68 89 961
7 67 175
142 23 684
5 8 377
46 14 249
123 39 806
81 69 591
0 49 489
95 87 954
33 88 790
45 60 573
59 25 672
81 27 843
27 33 177
101 64 228
85 51 813
108 115 909
36 74 948
108 68 192
108 44 330
132 142 800
60 10 891
65 124 94
29 89 767
24 126 745
124 30 280
142 39 794
2 91 180
62 141 708
121 145 891
94 84 364
123 115 921
82 139 642
67 140 796
48 50 627
113 140 407
20 129 463
65 30 316
114 103 141
29 46 673
77 105 83
86 27 258
98 12 724
50 64 668
21 128 515
29 89 994
46 1 637
113 95 875
132 80 315
56 61 680
95 24 414
27 16 127
19 59 971
102 139 515
96 21 668
17 18 3
10 140 99
23 48 573
7 57 312
1 24 502
140 112 252
5 114 335
100 29 973
23 73 737
108 107 365
101 80 810
53 99 416
114 75 871
99 33 511
46 115 977
17 42 732
72 66 60
134 60 717
89 84 106
121 108 439
145 41 950
49 78 580
54 92 644
90 140 373
17 110 984
87 57 867
132 37 435
81 11 368
5 75 37
96 134 414
111 106 631
16 5 704
113 8 219
141 58 918
144 105 973
31 83 437
128 130 56
65 141 822
40 145 42
6 129 923
77 99 89
35 18 80
134 102 182
142 47 301
24 55 416
108 112 141
87 116 816
96 128 215
104 22 628
108 101 134
13 81 355
46 6 870
18 5 502
130 41 589
133 140 794
112 100 724
16 11 393
60 10 471
83 28 121
102 139 911
37 53 388
53 117 998
11 139 450
64 0 922
82 104 830
27 26 411
90 79 433
48 56 444
4 129 285
102 40 616
124 76 124
49 134 300
73 141 36
92 79 891
22 100 811
111 119 607
45 49 64
23 120 622
63 2 112
42 83 616
84 62 143
96 131 211
11 85 988
12 126 111
115 72 397
61 60 220
47 129 702
42 67 485
59 132 131
7 96 136
87 47 63
91 108 228
24 112 940
133 43 825
77 45 311
120 135 349
109 40 318
23 109 570
107 45 310
99 7 537
81 55 684
87 80 894
33 17 937
117 98 753
98 63 468
45 129 852
72 32 154
69 52 841
51 73 824
52 132 94
34 23 289
70 110 944
92 137 357
83 122 848
16 35 613
100 51 996
91 112 514
10 122 556
83 101 41
133 47 857
144 87 335
30 144 492
69 68 901
39 98 688
41 88 291
7 55 505
11 20 875
67 129 956
31 46 368
6 60 272
81 45 674
122 67 953
84 145 223
6 20 460
58 52 731
38 49 438
84 27 643
108 65 446
120 54 205
52 70 449
63 81 580
42 61 721
109 69 687
86 56 907
35 131 954
133 87 705
80 104 50
117 110 721
31 12 594
34 37 363
138 122 521
38 44 210
127 42 377
0 56 599
53 134 582
30 39 799
137 104 531
119 115 674
86 12 762
5 25 229
22 58 360
128 92 240
36 53 704
21 86 126
96 32 435
31 34 734
116 11 670
85 93 294
11 94 183
72 66 542
72 110 66
113 136 443
11 43 128
109 90 375
49 41 916
26 143 380
24 7 459
12 32 806
135 134 11
114 20 795
46 13 201
98 43 295
136 77 983
50 20 592
36 71 19
66 129 574
59 45 58
118 59 574
65 119 306
89 77 634
129 80 803
77 51 529
20 142 769
126 60 845
117 49 581
67 20 306
81 139 959
108 109 147
52 85 828
85 94 165
89 143 666
49 68 284
52 59 618
18 136 176
32 131 872
140 141 111
9 10 551
12 29 336
44 79 112
75 47 628
110 62 278
0 61 889
23 83 301
125 3 429
70 89 892
36 25 1
130 54 348
22 2 793
125 64 27
69 47 410
113 5 771
95 0 773
63 42 500
30 113 859
88 126 122
38 81 929
78 3 27
17 44 522
41 128 110
144 24 348
5 50 220
48 128 16
60 16 456
23 85 940
132 102 899
104 130 625
88 114 326
47 131 805
90 65 321
113 62 718
137 25 920
1 88 316
113 52 722
122 73 329
19 24 323
12 90 376
27 61 611
142 37 501
126 82 162
97 144 501
123 86 80
81 72 151
13 63 473
60 30 533
60 94 291
122 90 581
134 129 60
80 59 205
109 24 648
70 61 458
93 95 508
110 34 536
23 6 653
102 58 939
0 79 699
4 17 171
23 44 350
56 82 465
125 76 853
130 94 845
61 60 623
5 26 708
141 15 783
11 99 570
51 104 210
101 50 856
8 22 741
30 129 980
135 77 984
87 21 935
86 2 963
94 55 430
79 18 787
108 21 266
99 17 535
33 70 219
7 72 832
23 124 49
22 32 456
119 59 993
96 56 777
108 10 340
4 68 676
46 19 282
102 107 607
99 4 389
57 96 328
107 122 273
76 89 819
116 45 329
68 120 490
40 141 513
67 7 949
130 112 235
48 105 555
115 47 571
100 99 57
129 131 60
16 58 938
140 129 612
63 47 232
121 64 7
68 55 294
29 35 684
128 17 568
96 12 273
13 19 680
15 127 602
41 143 192
22 79 573
71 39 659
70 25 315
117 25 219
61 85 317
67 140 881
10 130 554
8 59 263
141 35 339
123 81 442
132 73 131
82 0 834
106 135 975
5 37 764
19 141 608
47 36 808
10 130 779
91 88 618
112 119 373
0 68 157
41 139 930
70 38 803
66 35 159
44 68 675
117 92 879
69 55 872
125 133 271
47 28 832
12 118 976
131 126 809
51 92 149
18 114 398
85 119 259
61 53 429
56 96 968
60 95 23
29 93 577
143 36 428
105 24 186
26 15 892
54 115 327
95 74 259
53 20 625
12 82 2
63 134 483
130 102 315
51 27 666
127 48 697
50 45 611
64 56 991
107 23 455
15 138 857
51 84 792
89 84 576
31 143 879
47 71 58
29 62 705
44 117 455
143 123 12
46 77 135
79 106 868
141 103 6
57 102 32
49 41 904
3 102 703
138 66 355
62 43 890
135 68 426
69 6 701
22 130 939
41 48 486
135 130 892
145 117 251
70 110 111
0 45 417
31 139 56
61 20 554
139 145 733
141 123 2
102 52 883
136 31 726
145 18 21
51 94 84
31 1 137
56 92 989
40 26 847
46 15 848
54 74 362
128 142 651
138 33 614
121 4 25
84 26 586
76 38 841
96 17 139
24 17 248
51 7 97
92 71 942
100 135 657
82 94 422
50 118 39
119 118 133
131 134 568
81 60 968
32 25 466
50 121 741
58 57 473
134 62 741
11 85 879
65 81 687
51 59 85
45 75 452
130 143 969
82 72 482
13 34 554
113 128 657
72 99 18
44 108 178
95 39 227
3 5 527
8 5 933
39 143 248
94 27 202
30 5 984
69 97 292
115 19 586
94 83 357
26 52 792
19 33 524
51 40 242
116 136 186
79 141 488
111 9 562
45 76 548
51 0 377
42 137 742
105 85 313
90 41 824
131 21 901
15 141 938
42 28 907
112 91 143
128 74 959
118 12 612
48 26 297
36 15 354
68 18 439
12 142 523
137 120 551
84 73 574
110 52 8
16 46 815
72 21 216
116 22 43
92 50 766
75 115 718
52 84 738
125 6 76
83 64 454
72 140 236
5 56 366
59 53 440
86 15 332
83 130 299
96 53 672
114 82 318
73 52 577
4 31 603
43 140 167
53 17 343
132 78 417
66 50 516
15 24 673
112 142 13
45 4 999
45 10 47
85 31 565
14 55 698
104 87 211
21 13 988
38 104 37
62 68 355
125 10 378
19 0 596
135 46 655
61 79 210
95 125 280
29 37 463
83 45 207
0 137 410
121 74 124
72 100 568
96 15 644
100 10 196
43 46 72
117 145 813
50 100 149
7 4 896
87 114 204
57 38 876
123 85 494
19 86 184
94 6 639
105 78 335
46 62 116
97 26 750
27 64 985
102 77 608
7 5 282
20 16 38
40 128 696
33 76 648
111 83 423
1 25 557
18 40 21
106 8 611
32 24 77
112 102 48
58 138 746
123 115 566
28 54 304
59 33 689
44 35 58
109 89 545
111 3 672
118 17 683
91 55 405
23 52 112
18 28 939
30 78 574
46 97 783
85 13 611
124 16 459
67 126 886
101 113 779
137 9 254
79 53 97
88 49 214
36 140 170
10 108 596
3 108 604
56 54 113
34 111 866
19 38 197
22 143 225
82 84 145
114 27 869
11 127 167
129 15 440
20 129 672
52 45 360
141 18 169
93 23 224
141 73 492
89 138 580
92 139 490
2 55 847
91 2 63
115 0 973
20 5 953
112 33 929
72 85 587
142 111 116
54 74 70
47 80 347
140 13 661
49 36 387
72 132 679
143 131 267
68 53 600
127 19 565
102 50 157
90 145 943
32 55 809
11 141 207
58 81 13
26 40 520
71 97 795
27 129 479
78 140 108
38 65 459
34 50 304
62 7 383
98 76 554
112 59 251
64 13 791
138 7 798
123 113 199
70 36 845
70 135 182
128 115 196
54 9 123
54 79 64
20 132 356
19 46 145
14 101 785
2 111 888
104 58 616
82 52 537
138 32 28
128 95 847
15 79 760
121 82 21
118 113 881
65 118 503
80 69 673
23 10 201
10 54 125
5 34 32
7 11 678
41 125 78
139 108 286
122 77 193
10 48 459
7 99 195
58 111 182
44 94 878
110 94 288
19 10 733
74 114 405
14 57 38
63 95 98
6 44 832
112 106 780
86 78 414
74 96 68
127 6 265
1 9 678
131 22 167
77 101 509
143 73 537
50 26 345
126 129 464
60 90 755
36 91 208
12 59 444
142 0 456
9 7 837
133 111 397
18 31 65
45 11 363
27 82 198
48 35 125
42 103 754
138 143 336
122 85 613
84 113 544
116 83 928
142 73 740
0 89 249
92 48 35
71 107 159
87 17 861
35 53 944
104 37 859
63 30 374
108 7 62
50 95 640
30 76 544
126 47 587
139 118 852
144 76 167
45 113 321
29 59 188
71 18 250
12 36 277
108 14 953
56 79 688
37 36 934
35 27 233
6 5 534
48 25 277
17 36 439
97 94 320
63 125 546
3 90 275
113 139 338
91 9 234
101 54 273
102 59 62
12 76 769
53 50 238
67 55 334
0 55 793
69 79 384
107 108 869
133 127 265
48 78 78
57 116 341
89 22 892
87 83 994
74 133 75
13 0 634
23 70 498
98 105 755
74 13 519
64 44 778
137 20 825
138 85 669
92 117 651
54 125 420
140 113 281
140 12 897
25 12 828
79 31 144
97 2 368
74 22 233
92 34 277
52 32 780
64 13 541
47 25 762
119 139 482
104 134 274
91 66 756
36 91 689
115 45 671
99 143 898
2 121 947
110 21 557
39 15 307
112 41 875
96 117 123
69 78 222
25 53 627
21 78 103
35 125 307
58 50 723
51 2 310
82 62 470
38 111 614
57 43 537
43 135 265
110 49 844
92 34 315
19 83 946
101 48 469
67 82 18
31 92 984
3 83 795
20 35 210
65 63 370
43 11 720
18 26 328
17 136 675
97 54 112
92 49 901
142 29 369
119 33 79
38 11 554
47 107 407
45 133 789
41 69 906
65 61 160
1 12 233
73 8 533
138 134 158
100 67 463
105 126 346
21 92 995
13 109 473
70 144 960
31 96 520
113 51 913
9 52 236
24 119 654
74 96 524
118 125 614
63 93 149
116 77 893
54 57 907
10 119 282
57 6 202
45 93 815
86 89 98
99 67 146
35 90 163
125 74 497
57 56 868
54 134 839
0 58 811
16 99 18
13 130 499
51 130 624
121 104 155
76 55 140
144 82 111
99 60 320
132 52 483
66 59 411
105 52 735
72 132 490
11 67 37
130 90 427
60 55 50
137 14 536
60 142 208
8 59 127
142 30 792
103 47 677
0 1 942
37 66 549
141 75 870
69 2 172
6 140 585
109 136 975
104 124 700
57 137 456
84 63 625
119 42 755
140 125 774
43 98 452
91 121 169
137 24 97
106 139 101
132 129 86
19 63 136
51 107 869
27 97 106
45 21 508
91 34 597
80 2 584
29 110 824
26 79 437
111 43 695
100 66 323
40 11 664
96 10 235
18 137 930
133 22 593
91 26 559
60 5 953
125 7 981
141 79 520
13 89 210
60 136 198
138 115 944
97 73 868
136 23 786
77 114 453
56 25 674
63 127 352
28 114 507
85 120 815
55 60 145
38 20 746
27 141 399
89 5 440
66 64 442
92 65 362
38 33 265
12 60 897
14 16 168
18 68 958
75 43 180
121 60 56
79 23 121
125 60 685
40 16 194
132 121 761
144 72 251
16 85 839
27 102 528
126 0 136
99 28 989
9 99 814
48 29 607
74 131 261
108 129 682
85 3 794
131 81 878
22 63 4
86 107 88
55 98 927
24 144 284
98 73 711
83 69 998
26 0 251
58 59 259
73 107 945
99 42 412
49 19 895
5 119 87
144 73 58
129 80 11
20 71 436
70 11 796
103 41 825
121 79 5
77 111 255
58 94 221
105 133 170
103 113 671
128 38 699
67 49 193
77 126 188
119 105 627
110 21 570
69 65 489
21 2 662
90 74 242
81 127 567
99 61 973
14 25 991
119 137 638
51 138 99
103 108 437
70 42 640
143 12 228
53 67 802
96 26 44
30 80 151
133 103 24
41 62 593
23 69 471
110 30 682
144 89 99
52 7 887
126 33 476
22 110 661
45 55 999
100 79 829
76 66 774
143 123 185
47 24 3
117 78 875
21 67 565
135 97 634
119 99 617
129 125 793
99 64 715
125 72 812
15 90 732
22 52 158
125 80 938
34 137 115
18 65 15
75 91 409
23 84 538
40 1 333
21 11 153
53 43 442
89 132 174
115 86 684
135 93 316
145 51 508
96 128 406
11 1 973
113 104 411
104 58 618
79 25 954
40 7 638
127 94 658
18 23 709
33 100 980
119 59 571
40 122 426
53 101 730
89 22 589
96 109 456
110 134 250
118 77 188
32 145 484
103 35 245
121 63 891
94 9 490
133 98 168
108 130 808
47 16 325
44 45 838
42 15 293
135 111 69
98 111 647
94 24 753
66 45 198
8 117 7
53 35 94
80 34 833
1 79 55
98 1 403
91 19 777
77 97 558
21 8 832
47 18 740
52 22 351
73 124 684
133 29 383
118 83 203
142 39 405
29 68 787
14 72 586
108 105 421
103 28 574
113 145 425
14 139 112
79 80 343
129 74 984
117 120 313
110 139 596
95 100 717
19 133 264
93 106 268
116 31 709
46 96 294
53 131 531
12 63 374
39 108 61
66 92 996
39 83 993
1 20 235
92 20 172
127 25 512
83 137 535
139 142 487
101 25 56
66 77 564
34 58 641
97 120 965
42 35 36
66 30 144
84 65 353
93 43 991
24 4 514
57 91 622
31 90 71
126 86 804
86 118 54
42 116 266
70 83 349
128 98 199
48 85 872
69 123 41
1 15 791
34 37 716
90 67 502
0 34 451
70 113 750
32 72 772
98 10 396
19 96 500
33 59 271
65 142 737
14 132 177
6 0 900
119 145 203
70 139 582
18 7 672
127 99 976
25 61 204
120 86 661
1 53 743
93 26 808
137 11 553
86 109 947
24 98 743
52 32 783
79 138 776
51 75 977
51 0 233
14 51 538
8 87 207
65 107 896
106 141 9
127 138 200
25 73 742
61 5 983
86 8 194
7 63 361
101 62 371
3 52 617
45 78 192
71 118 177
75 53 298
28 78 941
98 66 98
127 29 948
61 54 959
105 32 207
106 42 368
77 101 328
139 5 819
128 79 923
131 69 296
107 126 540
18 94 734
53 64 471
51 131 937
3 137 117
88 141 846
26 140 839
84 57 968
71 37 128
0 85 537
35 45 235
88 33 78
18 106 327
136 70 108
73 102 303
105 138 938
61 89 160
107 144 952
12 106 673
47 142 977
118 67 848
60 8 704
142 72 680
2 65 211
26 103 388
90 126 841
28 144 866
133 39 222
25 31 342
28 60 505
98 133 55
116 13 727
118 64 145
25 66 804
86 58 35
27 54 41
7 46 507
87 8 342
65 85 766
143 33 883
75 109 141
16 111 908
120 94 393
3 80 734
89 32 313
143 33 604
97 123 344
18 57 101
92 17 511
76 47 325
41 0 527
124 7 813
109 121 653
48 134 625
50 68 226
37 65 69
43 44 690
10 34 350
89 34 213
66 59 368
143 137 598
51 37 36
2 135 533
36 115 885
25 76 633
95 76 737
95 81 241
67 133 121
67 74 69
19 107 247
48 57 721
18 59 323
78 53 722
42 89 86
93 115 776
112 21 773
36 108 525
120 109 854
134 132 9
16 126 347
92 142 45
27 119 156
17 75 460
41 78 372
16 56 484
59 83 261
49 10 164
10 16 878
72 78 941
7 110 697
144 35 863
57 118 791
61 114 999
6 111 590
105 82 648
19 7 406
104 120 717
87 75 261
88 112 509
56 16 201
110 3 920
40 11 298
2 98 184
56 36 600
114 58 851
74 122 900
57 62 548
6 24 703
89 94 473
77 10 500
105 142 686
31 98 34
66 50 174
119 89 841
25 16 174
83 115 865
65 135 553
118 47 1
6 94 480
13 27 179
24 53 570
36 71 572
113 87 131
3 18 959
108 114 733
21 144 851
0 127 510
7 106 926
109 122 610
58 51 246
17 103 730
102 110 461
145 3 583
66 32 282
27 83 161
4 7 407
111 57 843
12 62 176
101 51 472
53 114 136
125 82 537
138 21 818
33 93 612
7 85 972
81 16 327
104 49 624
36 116 446
45 139 39
18 28 729
56 114 273
105 22 844
133 39 646
10 58 13
6 68 437
103 50 951
51 12 188
62 144 749
118 110 510
55 94 754
94 105 975
135 67 532
44 75 862
126 60 797
24 41 249
91 99 150
80 123 467
83 81 879
87 3 739
77 141 304
113 37 175
22 3 601
60 35 203
41 68 728
20 71 749
40 31 421
48 98 664
35 50 498
22 39 437
1 61 323
28 26 19
84 98 183
25 3 448
111 29 523
38 48 622
60 80 987
90 10 454
72 122 428
92 66 857
86 85 290
12 53 684
45 113 760
120 1 399
65 18 375
75 84 587
75 94 642
122 138 904
106 7 442
45 55 915
0 126 230
35 39 512
46 60 205
91 32 214
21 23 547
131 9 350
33 23 378
77 59 120
37 49 871
14 89 503
3 59 459
13 11 244
77 109 975
53 124 777
39 139 31
83 129 562
107 79 73
39 27 628
59 90 382
63 142 581
20 145 393
27 132 683
112 13 984
12 143 496
114 7 588
71 39 425
131 20 127
116 23 71
3 24 45
108 45 487
121 128 670
125 128 195
88 118 138
145 60 651
116 133 29
102 141 415
110 53 193
45 56 987
66 75 932
130 143 368
84 9 661
19 63 383
112 45 648
118 31 345
62 117 407
93 105 541
31 84 270
32 83 588
3 130 674
114 61 598
38 65 202
106 107 996
70 1 448
51 44 998
34 96 532
31 94 415
132 63 475
15 61 754
11 42 232
95 76 432
93 123 257
53 112 106
35 144 727
49 83 826
7 67 351
143 22 983
50 40 453
78 88 64
28 114 344
41 139 935
47 77 17
60 138 745
35 141 187
69 35 211
27 1 892
112 94 369
119 56 246
93 19 650
87 57 239
8 0 98
18 57 475
30 60 791
27 130 773
36 137 689
115 45 830
55 3 438
60 112 113
131 47 996
111 97 271
115 114 580
111 144 933
122 76 945
33 15 507
111 35 501
38 59 368
37 17 289
120 58 753
5 28 384
126 57 386
25 111 971
80 38 572
18 60 669
105 21 493
129 53 782
25 32 525
35 24 658
85 42 944
44 129 920
48 68 879
23 56 768
41 28 296
10 44 517
122 97 658
139 126 520
84 29 249
24 99 436
4 47 854
116 145 683
107 13 439
45 41 494
81 9 958
97 34 960
126 29 546
20 116 466
116 145 823
125 107 103
33 104 586
42 116 262
76 110 77
21 63 459
129 97 4
96 47 294
113 69 138
92 16 591
55 100 370
20 118 887
83 4 64
6 123 403
24 63 152
76 0 560
73 49 669
142 57 724
28 124 249
40 132 685
7 22 933
48 126 398
135 110 353
121 56 112
44 124 499
141 127 622
55 107 180
109 1 358
75 6 761
138 126 552
113 112 643
134 37 706
117 78 62
42 51 410
86 2 879
131 70 769
1 109 591
59 27 996
44 57 239
90 87 411
123 62 918
116 38 725
6 23 364
100 22 642
136 142 111
15 18 427
1 92 469
142 25 577
56 90 17
134 144 286
114 109 733
30 26 691
138 140 289
53 20 657
104 96 648
76 7 837
75 50 441
98 93 279
108 11 469
14 34 42
126 113 855
12 11 94
53 25 966
34 100 219
125 23 898
114 99 730
39 64 820
45 31 488
81 53 911
131 118 185
110 47 767
100 71 590
88 57 122
103 133 766
130 44 673
54 105 326
65 39 615
95 101 637
19 43 626
116 30 823
44 82 847
138 5 770
113 50 407
79 134 225
35 63 304
17 3 446
43 7 131
110 68 998
19 40 557
113 60 808
108 105 849
88 49 798
127 130 181
11 73 836
110 100 177
74 127 766
100 109 726
117 59 210
90 69 998
88 7 485
117 32 57
93 36 773
86 49 616
24 39 388
20 22 441
144 29 639
142 120 413
70 128 577
24 136 629
99 122 406
5 9 836
7 106 479
136 79 421
115 75 941
9 35 355
48 13 444
104 27 792
123 86 593
127 43 423
61 104 760
64 93 299
84 91 918
27 10 73
3 131 653
71 86 113
135 87 444
52 94 881
95 48 996
23 80 784
15 25 152
96 86 778
106 76 109
72 78 83
134 115 408
145 113 775
48 102 23
44 89 474
59 97 139
30 20 538
30 104 853
65 128 925
26 42 939
12 58 902
19 101 749
79 109 868
33 13 613
81 80 706
78 83 281
20 106 386
15 117 241
79 127 757
131 50 388
113 88 841
49 14 734
80 101 597
116 57 796
111 19 332
145 4 742
46 87 757
111 144 52
14 61 434
120 54 782
82 1 520
101 114 637
130 72 845
130 74 541
92 124 400
18 41 195
121 35 504
66 24 52
63 120 3
58 46 993
18 135 207
70 123 823
141 130 588
36 114 57
135 81 178
120 92 76
76 21 427
110 111 110
72 51 994
63 23 110
89 111 909
101 6 960
31 49 130
100 65 318
83 6 456
114 21 748
106 142 511
105 124 118
57 96 646
49 83 757
8 61 3
144 24 194
56 127 467
45 115 643
40 127 468
132 140 293
63 144 161
125 0 431
1 50 874
84 18 900
125 12 840
114 78 432
114 34 157
63 115 514
88 10 787
88 29 422
54 12 374
85 121 216
55 44 851
75 27 534
49 126 876
102 133 711
122 73 823
19 126 797
101 107 497
23 133 10
108 120 957
72 4 312
123 37 266
41 46 917
89 48 999
24 7 557
13 15 276
45 15 6
19 110 831
137 134 157
26 90 716
30 113 777
23 132 164
83 69 50
84 122 8
45 77 744
131 104 477
6 30 684
64 9 748
135 43 644
55 91 149
138 1 354
140 44 861
62 94 673
136 59 586
38 57 990
10 22 373
52 135 881
67 135 266
139 16 632
144 100 292
106 109 536
91 96 980
106 126 109
33 90 839
35 64 205
65 25 416
141 92 712
97 4 73
43 4 729
129 85 475
11 49 142
41 57 971
7 125 608
101 99 986
138 104 415
131 55 944
7 42 828
143 22 593
131 10 199
122 84 266
82 14 122
100 45 863
130 57 476
117 127 954
131 44 997
74 70 122
61 79 706
45 120 432
5 123 823
25 124 50
22 120 538
122 117 192
55 74 583
40 13 363
25 68 184
116 72 53
121 105 572
31 128 628
48 23 707
125 136 78
58 37 320
91 140 526
128 31 464
43 115 153
95 84 376
52 9 714
136 67 295
28 36 40
137 126 840
110 66 835
0 66 350
40 69 590
119 44 397
18 130 996
73 37 28
117 30 534
103 71 211
60 80 455
111 48 589
4 9 233
138 17 333
63 84 914
143 135 596
44 61 343
37 46 630
62 144 476
113 46 824
87 83 640
28 17 439
43 138 763
125 124 274
121 26 845
12 122 893
91 70 593
10 129 101
62 92 146
34 43 248
66 78 968
33 98 712
59 133 601
32 25 720
33 104 922
109 84 952
64 9 315
46 9 662
68 54 20
54 70 429
113 19 307
106 57 598
4 91 125
3 100 470
138 113 831
31 75 323
138 73 780
97 112 929
143 1 378
141 45 159
3 53 279
45 71 290
86 122 436
29 95 885
0 135 417
28 85 510
111 15 459
112 86 21
63 113 540
138 145 579
102 98 986
7 45 179
134 39 317
11 18 183
37 139 503
50 11 85
74 19 693
115 128 404
78 19 699
34 138 464
15 144 180
27 49 636
0 45 369
112 34 694
57 122 40
132 26 773
89 73 825
48 117 981
90 66 916
79 3 699
39 33 222
45 122 207
18 24 373
22 12 958
60 40 283
122 46 290
75 143 950
110 18 87
123 33 813
23 135 76
37 2 843
50 35 747
78 62 217
8 103 69
98 106 123
91 125 604
84 62 605
132 55 888
120 57 408
64 104 223
142 94 556
4 77 823
85 68 304
8 43 599
138 27 603
95 68 490
74 9 71
107 125 229
42 66 72
122 74 164
143 61 844
116 67 481
119 8 153
48 114 259
32 13 248
60 104 384
85 59 218
43 130 82
40 39 398
56 36 363
127 48 248
117 62 365
30 17 268
138 132 145
29 89 3
3 49 664
86 66 120
40 133 265
39 132 24
11 74 12
13 96 270
0 66 904
122 83 131
66 45 519
97 24 271
64 9 242
40 1 851
139 97 191
113 85 644
108 119 551
78 20 551
133 3 347
73 51 888
18 138 277
129 104 230
70 3 78
21 28 964
81 92 565
83 134 13
48 23 346
49 22 765
19 120 908
42 30 505
32 84 45
11 6 585
54 124 544
44 129 499
142 92 58
98 71 151
51 8 907
106 3 850
68 74 806
6 40 108
54 105 168
27 55 876
126 31 413
82 27 42
18 112 953
138 87 94
60 14 889
51 83 628
101 99 25
46 53 835
105 88 559
140 97 861
106 70 636
99 28 873
140 54 814
63 7 399
130 116 552
67 116 462
90 115 172
57 71 888
1 123 855
104 44 306
46 9 863
93 38 759
139 4 436
57 80 141
134 83 541
144 7 372
135 131 551
5 3 953
105 66 809
79 141 670
57 88 165
106 6 898
79 57 28
52 40 615
17 142 320
44 136 81
131 76 731
32 125 451
121 73 543
129 34 431
48 104 562
120 105 694
13 76 442
46 136 126
123 69 300
118 31 715
32 99 894
36 46 236
11 49 558
4 121 937
71 136 697
39 76 928
94 122 128
87 129 833
101 3 410
144 38 807
9 126 719
143 67 572
106 74 199
13 33 759
4 67 362
89 14 696
134 81 810
103 97 169
91 65 991
122 136 209
87 96 58
21 32 494
103 3 642
99 138 420
72 117 44
135 112 424
9 70 849
82 140 111
4 128 19
92 137 937
88 137 111
50 74 885
131 33 242
130 7 641
143 62 987
71 54 95
125 11 644
64 60 984
0 35 412
78 123 237
90 19 197
140 24 610
8 137 163
27 88 25
35 31 184
29 57 234
127 93 917
128 43 13
137 89 924
4 127 39
118 36 804
83 36 324
122 22 237
143 29 427
42 109 330
106 18 380
7 5 588
44 80 914
136 48 393
26 7 629
138 131 667
143 128 591
42 29 433
28 19 545
92 135 617
130 107 657
18 2 631
140 105 339
144 98 909
58 2 484
5 1 774
55 52 733
35 75 17
98 15 932
144 137 622
106 138 250
139 11 733
3 35 541
73 125 102
31 74 467
72 2 94
130 112 629
26 124 223
63 55 861
64 97 155
76 30 106
78 145 198
66 0 281
113 137 188
130 21 894
126 40 660
57 69 46
7 76 875
11 141 338
54 4 488
96 145 781
114 112 777
140 107 886
2 35 635
59 51 672
101 19 770
104 31 315
45 28 254
114 86 299
57 18 489
36 11 826
140 144 936
60 97 716
95 58 715
119 42 616
119 105 572
139 80 645
128 83 714
62 38 746
41 95 807
20 109 762
63 35 689
75 110 563
24 96 585
75 145 951
125 85 942
96 52 161
33 7 108
137 53 176
102 89 575
94 130 444
16 123 478
90 46 93
53 75 869
99 96 157
55 8 770
102 48 192
31 48 124
110 25 711
143 49 860
95 126 230
113 77 220
87 129 501
45 61 657
125 109 368
60 122 154
143 38 232
127 56 596
18 26 964
104 75 63
50 11 2
101 1 822
52 21 724
95 78 418
118 45 108
63 95 214
21 75 785
32 78 985
95 7 401
2 42 103
73 131 140
139 27 914
56 58 253
111 136 223
50 126 754
60 129 496
24 43 831
91 115 937
80 94 412
9 53 285
121 73 792
96 25 496
9 94 1
75 117 100
85 96 409
50 61 580
57 135 615
0 126 690
47 6 655
94 6 743
70 0 686
88 32 908
0 117 470
80 11 163
90 107 219
72 100 125
36 50 575
82 14 91
63 112 415
137 100 804
109 24 774
91 30 87
64 21 216
41 102 791
137 85 343
92 99 139
131 94 544
23 3 506
61 36 25
134 75 861
98 137 882
96 62 431
28 36 419
119 76 937
34 114 380
145 49 684
17 37 757
78 10 963
101 68 7
105 138 320
111 27 549
100 47 299
6 43 719
26 51 499
105 136 228
67 63 372
104 135 606
19 99 629
84 35 896
86 119 28
6 131 21
122 99 99
38 91 916
5 111 730
141 11 806
102 82 921
114 76 603
135 94 593
78 71 237
55 76 178
15 77 902
77 63 223
69 63 722
85 7 47
44 100 223
8 142 259
119 74 908
52 124 102
36 25 702
30 109 199
54 17 791
44 140 822
102 101 559
35 57 300
95 63 858
40 58 436
80 104 629
107 103 737
53 98 218
57 0 611
20 82 286
91 94 354
123 100 431
126 113 617
60 8 557
3 23 238
27 51 770
70 38 694
64 103 398
84 31 441
38 33 698
52 103 856
111 15 81
73 42 265
42 58 9
26 80 969
66 141 279
15 116 93
106 122 598
103 121 201
68 15 490
67 137 711
44 116 112
7 88 632
116 54 197
96 45 987
117 95 557
9 113 68
6 100 695
21 123 248
91 44 598
127 104 136
128 73 581
63 26 796
5 106 600
33 98 964
56 24 347
87 49 838
58 38 360
109 131 393
138 31 222
116 50 579
68 48 643
109 145 821
71 137 314
63 2 106
111 129 296
138 73 261
56 113 987
107 43 939
85 94 124
98 105 856
19 33 299
106 131 98
66 79 825
45 114 879
68 52 663
60 6 595
35 96 763
92 29 426
42 4 742
116 141 662
131 132 1000
59 9 509
44 74 990
89 50 970
122 89 426
65 81 665
38 116 553
144 109 782
37 10 763
135 30 934
59 28 380
70 30 466
35 34 762
124 140 838
58 14 100
62 136 198
10 75 355
88 89 137
111 10 767
62 132 542
42 125 348
26 0 339
90 65 416
110 115 168
16 67 954
126 101 454
4 0 500
44 76 653
97 35 659
84 119 640
96 98 692
119 144 660
138 14 548
70 60 729
41 100 436
107 50 596
66 101 706
88 29 828
72 102 442
74 73 476
105 75 829
104 68 960
135 47 530
34 83 248
95 129 767
33 51 204
120 66 381
87 106 858
8 138 971
63 29 876
7 145 306
86 49 971
11 98 104
82 79 147
124 131 236
120 87 340
8 3 821
38 101 342
87 19 866
103 102 502
126 23 480
113 37 681
112 100 494
108 99 523
93 99 527
141 4 466
15 44 373
137 114 998
114 7 472
71 64 519
62 31 92
121 29 206
100 99 468
83 72 110
121 12 395
55 70 635
127 87 207
20 73 120
7 0 859
119 113 522
95 2 35
112 22 194
97 59 387
132 23 283
127 102 131
112 10 393
97 124 327
13 139 604
87 128 52
37 91 168
118 101 378
90 22 625
0 42 421
87 57 832
128 9 450
106 140 347
11 136 928
121 64 60
130 139 193
29 85 411
68 45 490
145 73 183
42 78 124
143 99 681
32 29 141
39 106 483
76 79 787
142 85 190
26 114 741
123 122 81
113 89 409
15 115 794
33 98 632
71 53 471
115 132 29
48 113 530
1 109 175
6 127 313
113 43 903
59 127 906
102 53 25
125 8 64
75 86 190
48 125 283
43 100 720
59 47 313
93 100 53
139 7 986
82 12 771
47 49 362
22 73 269
40 134 117
113 17 435
100 14 55
35 64 909
98 69 282
107 121 690
29 31 765
103 57 654
113 30 165
65 130 894
47 54 752
25 114 771
31 135 766
27 19 437
42 39 638
65 122 742
49 113 61
85 57 177
128 16 728
60 23 637
63 128 604
127 61 330
62 50 209
78 57 139
125 12 64
28 105 227
65 35 510
122 92 250
10 115 843
137 106 413
97 33 714
18 127 638
16 122 400
4 133 232
60 53 532
36 9 716
23 131 884
71 142 706
61 86 542
67 62 433
81 46 166
123 44 615
38 28 731
10 33 143
58 119 179
5 79 926
45 89 517
3 64 1
56 74 408
38 34 972
36 19 153
70 56 631
1 83 253
76 106 914
84 144 617
114 22 445
89 109 523
17 38 787
61 35 950
114 110 46
114 144 138
8 5 785
92 145 311
132 47 78
58 91 25
103 132 573
68 118 379
110 68 591
63 92 523
69 115 587
14 64 106
12 107 736
12 40 218
90 112 671
137 113 678
90 51 991
125 110 555
50 18 515
90 12 941
72 3 771
1 98 41
91 127 419
24 120 795
107 128 275
24 98 420
61 115 622
45 102 205
35 119 792
95 132 60
103 137 666
85 31 143
116 126 552
145 50 297
132 124 666
95 3 855
125 95 873
74 75 231
76 79 47
53 33 897
22 48 455
25 0 559
14 66 848
32 63 65
20 55 915
2 79 15
78 36 583
71 132 543
58 124 585
66 99 99
129 26 58
10 82 749
24 88 741
120 4 517
58 48 914
61 46 917
15 3 354
95 137 23
7 55 788
24 67 479
95 108 160
99 54 994
64 140 201
136 99 55
130 73 65
35 105 182
132 76 372
102 60 987
138 114 615
88 66 201
70 96 633
68 133 315
69 33 69
4 35 420
41 9 957
6 68 905
66 74 1000
101 38 280
32 110 61
11 78 408
61 2 104
43 86 912
78 86 759
27 89 642
105 7 176
78 98 584
1 57 239
84 81 210
55 78 414
77 127 675
143 74 7
113 13 369
112 1 209
37 61 649
26 142 102
132 69 308
59 16 854
7 116 982
106 109 731
70 13 283
108 90 158
119 106 719
39 2 983
54 127 325
72 26 598
62 87 752
105 24 917
92 91 679
8 75 571
81 123 569
44 110 503
5 130 348
47 102 706
2 7 550
27 59 878
58 76 624
65 14 376
97 141 685
122 88 46
33 81 677
138 45 20
134 129 634
100 145 203
43 78 182
114 117 998
130 87 390
82 61 220
14 66 34
25 40 835
54 32 117
60 50 963
51 99 809
129 89 375
45 84 598
93 132 662
128 62 395
3 77 270
83 29 358
30 87 725
113 112 255
144 102 881
45 16 293
7 33 624
44 10 776
18 140 513
43 122 713
55 57 548
2 107 394
122 87 162
37 81 313
49 50 507
71 117 434
12 70 278
111 135 745
49 25 565
0 66 764
106 1 267
36 110 684
42 43 935
107 52 390
106 43 340
39 82 983
133 65 271
144 94 290
105 41 960
85 129 714
86 80 912
92 91 266
25 7 674
138 125 153
103 44 24
76 27 453
43 145 165
68 39 712
63 118 828
76 38 703
75 124 642
109 69 933
22 136 165
114 103 741
21 48 785
15 38 263
2 112 450
124 34 741
29 16 321
85 75 124
63 57 241
83 11 965
24 91 261
23 33 488
59 88 635
57 42 835
96 72 428
76 118 272
82 59 483
111 0 258
105 82 541
98 19 478
39 100 819
101 86 125
5 7 556
38 39 367
129 134 628
122 127 277
46 26 244
88 19 7
90 66 455
100 145 997
17 91 681
18 77 470
123 141 933
10 82 453
44 47 506
18 68 580
130 94 863
45 49 987
62 115 841
43 2 15
22 70 267
115 84 838
32 57 832
129 124 741
45 43 756
19 131 381
136 120 841
133 84 701
28 47 469
58 107 109
71 136 256
58 125 398
130 75 290
103 30 177
139 28 161
39 32 363
19 121 987
51 112 26
116 106 305
140 55 806
110 4 102
104 43 862
15 140 26
50 90 16
128 77 343
85 116 13
105 14 656
9 96 379
61 78 887
78 93 503
58 15 490
76 38 63
145 85 198
127 35 554
125 69 150
142 43 464
110 139 503
30 135 561
125 50 557
45 72 704
81 99 615
60 109 847
21 131 319
66 46 704
17 73 249
81 80 128
75 68 956
5 30 136
100 86 697
14 98 153
97 106 624
36 119 976
73 131 579
22 53 87
115 116 81
21 24 976
52 51 384
33 101 283
123 109 887
92 68 897
131 132 708
46 62 38
116 33 816
127 133 694
29 99 87
144 42 455
45 69 445
68 122 556
28 26 774
114 131 193
114 59 294
82 16 430
12 5 918
62 128 787
68 28 326
67 68 533
24 68 892
69 138 312
70 81 603
32 96 900
6 87 323
59 107 814
116 130 46
2 134 338
107 27 708
112 20 923
0 89 778
131 0 368
106 105 627
81 82 73
68 8 556
87 57 642
14 95 652
109 131 818
63 17 118
41 93 33
58 38 754
141 85 583
50 43 193
86 28 142
92 4 15
115 100 227
49 64 662
52 57 811
117 20 541
38 144 246
92 132 664
101 106 955
99 91 744
110 132 301
142 86 369
33 40 394
102 5 717
108 3 460
18 0 766
19 130 583
77 124 820
44 12 438
71 106 33
73 40 605
124 45 286
35 73 188
78 47 122
118 135 952
96 103 634
71 117 753
145 68 250
77 80 844
138 71 132
89 64 628
65 30 12
96 103 181
127 48 326
37 0 802
134 95 124
42 102 679
29 8 195
64 97 888
1 65 483
145 77 945
93 140 221
97 74 448
114 50 656
24 51 202
43 84 685
35 94 190
97 84 325
18 133 232
69 140 573
48 109 289
81 45 961
73 92 838
0 21 635
15 134 38
84 105 414
139 71 265
50 71 713
19 29 387
140 132 755
60 25 287
79 111 81
40 94 645
43 84 836
123 112 683
6 75 133
137 102 438
118 135 510
7 16 688
122 23 388
70 115 687
4 55 368
118 4 809
91 112 304
31 115 85
65 56 619
5 75 882
9 129 572
1 70 652
126 117 146
137 79 734
123 86 851
141 77 477
25 145 382
55 80 205
53 41 76
63 25 941
74 46 217
28 67 329
22 2 369
8 85 44
82 43 803
62 132 900
140 46 654
67 105 726
145 95 489
9 118 497
22 79 813
116 32 82
43 133 89
116 128 932
110 106 944
22 137 964
120 32 396
107 68 600
78 70 384
43 138 313
19 18 947
58 143 860
144 0 410
43 52 639
49 32 562
63 145 994
114 91 121
76 144 767
54 70 602
90 72 413
118 43 734
62 100 633
123 56 689
124 115 629
27 58 548
2 60 746
66 93 317
89 78 274
96 44 191
143 97 323
52 14 935
75 120 953
75 11 260
39 125 241
116 89 178
89 29 607
132 0 99
121 99 693
99 89 907
135 64 144
76 88 961
108 61 80
49 66 987
54 7 828
142 113 602
125 74 549
43 74 496
107 108 342
16 137 467
118 130 331
9 76 235
116 65 25
75 106 374
37 22 661
44 124 522
144 43 505
67 9 470
12 82 696
113 89 423
89 81 218
112 58 617
137 138 625
87 32 976
44 144 312
129 115 5
82 114 72
0 97 933
20 74 732
66 75 722
126 128 565
10 134 177
64 1 942
35 98 423
109 15 261
96 10 985
66 73 868
83 23 817
17 87 457
39 88 880
60 127 847
64 95 806
138 118 244
59 56 635
5 58 6
31 77 943
32 141 247
58 109 865
135 58 929
121 69 787
96 113 123
58 31 115
62 63 746
70 135 256
4 63 514
32 26 66
24 137 602
83 111 411
35 40 115
33 17 206
34 41 359
80 58 193
45 130 792
99 117 107
29 69 679
29 110 750
14 65 133
73 3 79
131 19 747
102 7 18
119 120 912
127 65 351
115 57 521
110 14 644
141 47 839
99 74 151
72 9 31
63 71 550
54 103 954
143 40 617
30 44 64
61 46 567
34 69 815
114 90 542
71 28 29
4 85 503
52 33 868
144 58 848
122 4 315
26 86 428
85 111 821
62 99 145
33 139 252
31 46 675
79 66 898
18 127 436
51 25 245
60 109 890
136 87 868
12 113 881
140 97 138
8 134 314
66 35 868
72 64 964
61 7 95
70 103 832
17 4 470
2 28 454
25 57 959
111 87 582
88 12 413
117 89 856
7 55 808
123 30 985
38 94 845
136 78 637
141 6 762
131 46 953
127 31 988
19 107 949
84 8 303
140 73 202
66 1 437
4 57 762
3 134 311
8 100 378
99 95 979
53 60 440
72 111 113
64 106 433
86 126 719
126 89 106
12 71 556
60 94 282
62 112 614
78 107 976
97 83 812
55 24 234
87 125 3
5 27 758
52 22 740
107 60 76
80 90 205
119 56 543
134 57 932
83 105 752
77 89 296
65 64 390
64 2 14
98 54 848
38 110 489
63 83 746
35 63 700
45 78 680
139 0 899
143 97 903
125 110 914
113 81 732
66 59 996
122 44 435
126 128 226
15 10 853
145 74 645
138 77 278
120 28 461
21 57 255
34 98 224
92 28 717
6 21 854
76 127 402
97 68 90
104 121 812
23 30 531
129 32 3
19 104 568
41 100 119
66 14 933
53 99 46
38 12 615
1 123 252
118 137 55
36 88 58
35 22 204
85 87 328
69 65 906
20 39 146
56 63 539
3 65 116
36 38 870
38 52 460
75 53 523
83 145 987
5 103 989
120 89 823
54 62 47
46 1 1
38 50 73
31 93 254
50 62 359
54 64 891
65 124 205
46 143 323
89 76 302
116 63 390
144 103 304
91 15 994
107 119 853
57 110 614
57 84 437
28 24 788
62 129 837
64 51 541
17 54 608
62 84 357
13 136 91
0 33 885
103 15 907
7 111 538
49 18 204
75 15 267
44 94 606
74 34 267
92 136 769
73 3 48
21 94 765
121 55 624
135 110 332
51 57 767
108 17 395
134 30 467
139 63 145
108 34 141
112 101 515
136 102 394
126 2 537
112 130 385
53 8 615
72 63 55
32 88 888
134 23 161
129 93 897
5 136 799
60 141 486
52 75 774
21 7 942
15 130 875
2 6 963
38 50 92
66 115 602
61 39 935
132 55 100
48 55 161
114 63 910
128 100 356
59 79 491
28 100 608
99 34 182
107 36 260
77 64 203
50 14 9
104 8 71
17 6 178
91 142 409
30 40 569
22 99 774
102 117 811
87 24 831
130 57 209
117 48 579
107 93 589
78 63 43
87 40 316
52 81 43
145 45 131
1 95 382
12 38 585
125 13 396
139 47 106
144 103 367
132 84 803
76 49 315
125 108 835
35 24 789
106 128 425
69 77 809
14 72 622
140 49 595
134 71 982
65 1 492
42 12 271
7 54 591
129 16 805
70 24 642
64 17 863
2 65 148
136 143 937
63 119 688
24 81 834
89 47 22
14 32 720
43 145 240
52 84 593
42 40 452
10 88 371
94 87 592
144 101 507
86 22 376
142 120 413
62 87 839
56 124 469
33 118 275
95 87 708
17 106 378
126 138 275
27 115 588
45 13 535
79 58 964
44 130 810
29 95 135
141 5 685
87 93 724
62 30 100
14 104 955
6 68 623
51 63 32
139 11 663
16 135 877
121 135 875
137 39 374
43 86 474
92 119 176
96 53 836
79 106 707
19 62 469
53 72 494
38 145 182
49 48 906
6 17 294
119 130 531
134 8 977
62 41 63
55 83 84
124 84 658
62 37 543
94 10 295
127 126 8
106 10 29
58 59 795
13 126 904
88 30 373
72 34 810
99 62 336
33 145 500
25 117 902
11 67 511
26 53 258
142 105 7
78 5 902
32 19 213
144 54 892
131 122 213
84 105 316
14 19 92
126 4 453
62 5 994
4 120 980
17 83 699
59 130 99
20 69 782
135 75 456
44 18 194
124 34 963
117 97 932
26 36 133
114 77 822
58 89 399
91 119 319
57 104 150
54 11 139
32 73 604
67 44 289
139 9 584
90 100 119
109 74 571
75 101 471
99 65 311
115 65 380
63 53 973
43 7 72
53 103 417
66 118 314
139 90 150
76 33 679
72 126 72
45 110 149
11 87 482
9 118 685
78 110 77
30 130 704
141 56 511
101 50 525
51 124 487
111 7 54
0 113 999
131 10 329
112 104 939
40 6 369
79 5 265
110 53 374
52 17 9
74 130 435
62 109 210
75 57 603
63 68 840
68 81 954
136 109 262
143 97 384
30 137 886
25 137 352
24 132 261
73 115 377
11 60 638
43 21 255
63 142 355
129 95 690
60 26 951
85 68 980
68 22 273
113 22 517
126 40 887
108 131 114
64 42 890
17 68 599
24 137 362
76 68 550
19 43 547
32 55 578
81 89 106
31 39 419
0 87 346
119 28 243
104 77 619
21 46 747
66 129 186
12 13 668
132 84 867
67 113 718
81 140 112
128 31 853
18 119 876
70 28 171
94 64 87
94 33 714
36 123 38
120 67 985
25 43 697
87 1 819
59 97 856
129 44 969
91 84 567
11 69 666
2 30 28
66 41 989
131 82 748
121 80 743
12 51 922
66 135 464
40 24 621
26 137 86
35 60 71
12 45 731
128 14 275
84 75 221
13 57 625
45 143 555
35 136 79
70 29 131
71 63 41
102 101 267
135 29 724
78 96 297
5 82 632
19 130 627
82 81 405
84 113 776
83 115 794
72 25 579
90 109 383
90 65 384
104 130 137
116 41 159
89 77 177
63 127 784
138 32 168
110 138 416
52 49 128
67 10 591
38 58 49
52 123 979
81 30 135
91 115 398
110 20 25
52 133 977
3 54 298
15 8 287
35 29 711
145 47 76
53 41 123
51 124 502
96 15 852
97 76 474
129 94 213
77 23 595
99 69 845
18 112 81
80 86 62
49 2 761
62 143 621
105 57 662
114 6 482
33 37 230
52 51 846
82 83 210
135 38 874
38 17 71
94 71 390
111 70 834
21 118 922
84 7 560
68 96 231
1 75 155
52 57 737
2 30 422
23 68 311
142 85 895
35 133 435
142 107 256
9 62 895
13 104 768
128 136 499
116 29 512
141 26 823
144 79 103
121 84 36
120 70 970
43 54 343
125 61 552
110 7 461
1 106 119
13 102 537
48 103 197
127 112 732
67 88 146
104 142 707
53 88 941
125 16 219
96 137 164
57 53 969
128 10 176
55 87 992
63 139 429
3 20 135
34 93 193
112 140 400
59 54 674
98 11 485
72 141 272
134 103 91
72 12 750
104 56 60
81 126 281
98 50 82
142 55 830
17 77 534
60 49 454
11 95 99
66 30 357
109 4 265
99 72 133
120 131 855
123 94 184
85 55 572
81 14 790
109 103 475
114 81 711
137 97 771
29 66 484
13 41 659
68 145 194
55 32 894
106 69 430
138 12 284
95 81 500
132 2 183
55 103 203
122 75 880
2 29 270
8 135 440
31 136 287
20 42 540
52 25 562
133 66 795
75 130 45
12 71 363
81 18 487
18 134 947
141 107 916
90 27 316
25 79 523
98 24 239
72 78 115
79 137 99
95 60 971
31 77 272
120 48 979
66 107 756
128 29 847
77 47 405
21 129 219
38 109 669
118 67 826
144 23 510
116 44 971
106 111 155
20 120 823
20 82 371
129 115 661
105 5 803
24 121 114
35 26 528
51 69 622
123 58 824
22 110 154
40 86 110
52 85 458
47 125 843
64 101 397
47 133 376
36 108 342
31 39 763
12 20 315
55 10 9
49 55 351
145 63 33
86 91 492
59 12 816
28 11 104
107 96 423
11 138 709
48 59 231
59 51 386
116 121 949
83 115 884
72 46 149
84 60 301
40 4 721
95 49 853
42 15 302
141 114 804
63 99 594
145 28 237
52 29 4
13 16 341
124 15 472
68 2 771
142 87 988
39 110 14
37 75 315
7 72 974
70 67 632
92 44 651
75 65 262
129 25 209
138 137 956
75 98 364
82 63 110
92 132 283
139 100 167
129 98 796
0 24 476
119 107 179
140 17 41
138 48 838
28 143 228
56 108 40
136 46 300
98 11 473
14 69 217
99 43 846
4 9 688
26 72 810
119 89 926
107 39 476
61 99 950
95 60 17
15 123 930
43 20 842
88 131 337
133 55 788
59 86 312
112 121 752
125 39 196
58 125 8
140 77 721
28 102 689
101 36 893
2 99 983
49 113 880
73 127 53
96 116 340
62 38 771
94 83 369
115 131 438
145 112 919
38 89 209
66 42 606
89 79 122
2 41 886
1 61 498
12 16 271
82 144 751
47 97 254
6 58 820
130 78 220
37 124 836
33 50 620
36 127 302
63 32 529
120 31 324
118 81 40
82 41 504
27 93 430
10 14 725
109 75 35
26 57 465
134 38 289
28 24 6
117 67 655
65 112 731
50 81 258
37 63 135
139 85 929
127 91 353
139 60 482
81 106 761
93 68 110
143 37 473
2 139 72
101 46 254
15 24 936
98 39 326
126 138 296
78 90 243
131 28 875
2 24 485
37 47 785
40 107 826
10 72 888
41 56 359
82 59 322
110 4 924
8 79 309
11 53 655
100 135 457
95 44 459
78 117 567
93 91 634
64 47 178
70 84 525
28 54 797
69 141 748
26 64 824
98 3 139
97 59 315
105 25 98
139 75 634
8 72 889
35 59 672
9 112 858
20 102 620
74 133 32
0 16 109
64 137 847
90 7 295
57 10 631
140 83 659
90 19 537
22 89 599
83 88 376
105 73 383
91 64 306
47 115 72
125 105 574
41 87 892
38 46 603
65 11 733
11 118 420
21 119 461
99 115 622
123 38 406
125 107 777
54 98 901
14 112 206
