5 24 147
21 25 878
7 25 881
9 24 564
14 5 964
11 20 78
25 3 346
12 13 915
5 7 165
15 25 562
11 9 853
18 10 910
6 26 396
9 12 392
12 11 528
18 12 197
22 9 26
7 12 590
14 12 105
19 23 395
21 12 815
13 3 11
24 16 852
17 20 702
18 12 249
25 9 255
23 25 274
14 9 470
17 4 16
15 23 558
21 16 680
19 11 847
5 7 881
10 14 959
10 21 459
24 18 725
14 4 456
10 23 747
16 1 644
0 24 620
2 20 49
15 19 969
14 21 180
25 13 891
10 4 899
14 20 630
20 7 11
17 2 845
9 0 457
13 26 754
15 13 908
21 17 80
13 17 245
10 22 940
18 13 469
17 22 361
19 21 770
0 19 895
18 11 958
13 2 541
14 8 731
9 25 472
1 5 357
19 10 325
8 5 500
18 26 22
20 26 397
21 9 806
21 10 656
5 4 431
25 17 11
18 25 946
3 1 27
22 17 842
1 18 557
18 22 334
16 0 449
3 18 690
12 19 835
24 23 656
25 8 746
15 21 687
20 11 221
16 2 294
21 10 543
6 4 884
22 19 404
18 13 74
9 20 741
10 3 310
0 10 926
17 5 558
6 13 136
7 12 652
3 2 219
14 12 24
5 7 434
21 8 977
9 12 61
10 25 755
16 15 217
4 2 203
6 7 412
5 16 602
14 15 790
23 11 101
3 25 886
22 12 290
0 21 610
26 13 432
25 4 621
21 19 690
16 25 572
16 6 738
23 13 354
16 14 849
4 19 934
21 14 354
20 25 846
18 22 253
26 9 451
20 25 192
13 10 861
1 10 895
22 20 800
23 3 605
8 5 955
12 18 536
14 24 46
26 20 859
13 9 299
14 23 696
1 15 610
8 11 475
0 12 395
16 6 663
22 13 473
1 25 578
6 26 86
24 2 950
23 10 325
7 26 438
7 6 734
24 11 248
13 25 421
10 23 897
24 18 742
1 26 805
1 14 688
18 0 924
16 5 593
18 24 437
9 7 829
22 16 693
2 23 578
19 17 992
3 24 419
14 17 891
1 4 95
7 23 212
15 14 264
2 5 950
10 25 107
5 26 479
22 16 160
22 14 261
11 0 16
20 13 436
19 11 868
21 9 224
14 20 327
22 21 955
23 24 564
23 2 933
12 0 589
1 16 728
23 7 219
12 6 86
20 8 242
13 5 325
15 10 62
16 0 447
13 14 770
10 5 24
2 22 10
13 11 638
19 7 765
