50 34 649
46 17 540
16 32 894
53 42 194
65 23 162
7 16 137
39 43 390
5 45 685
15 30 754
14 13 174
31 8 95
24 44 450
1 81 932
37 45 851
63 54 388
41 22 456
66 77 737
32 89 20
96 75 407
25 74 696
89 5 947
54 79 868
9 49 699
61 45 530
82 57 254
2 39 900
26 94 210
60 62 295
60 90 790
84 31 290
42 84 198
13 85 522
77 57 603
61 3 312
95 50 939
46 88 588
88 37 192
70 83 851
7 45 962
2 80 212
35 88 171
50 79 4
35 57 729
14 95 729
43 51 366
79 15 22
80 66 366
77 40 133
3 43 740
59 93 949
17 50 796
82 74 455
86 8 527
80 40 743
82 81 133
50 48 244
24 16 142
58 26 258
54 91 365
25 73 57
95 29 619
34 87 618
63 61 952
70 27 241
61 69 370
7 26 437
74 25 554
60 25 262
40 32 869
77 22 773
66 61 292
82 39 791
7 34 404
18 29 50
37 36 64
90 37 838
4 13 346
58 72 10
22 17 27
10 43 724
37 40 290
10 72 317
63 38 103
81 86 683
78 94 432
85 84 201
48 7 291
34 27 799
26 57 748
27 43 86
24 69 643
72 76 264
9 93 89
86 28 992
86 94 857
35 48 167
14 52 882
8 29 319
62 19 814
24 89 964
13 0 414
19 54 885
27 95 236
89 9 445
8 30 319
91 57 798
6 52 625
68 78 111
44 57 377
95 50 590
56 1 293
8 21 263
93 37 699
50 69 916
15 47 606
36 65 371
97 36 311
93 31 253
70 62 724
91 13 326
72 22 478
34 94 878
5 9 327
50 3 492
92 83 823
74 50 757
84 33 718
28 48 309
35 60 19
68 67 282
63 54 365
93 84 935
30 22 996
4 28 339
20 86 571
43 29 657
13 55 847
17 88 626
24 61 809
33 28 360
79 74 25
87 61 332
94 87 766
63 84 784
79 49 351
24 32 440
92 24 343
39 13 784
25 24 422
18 54 257
85 91 572
28 23 130
90 77 194
85 7 929
88 47 132
4 86 774
10 46 746
35 98 707
96 6 402
33 4 58
29 64 873
24 72 532
70 3 169
72 62 913
87 58 536
46 63 247
36 86 226
98 39 5
72 37 7
78 6 747
47 32 934
55 39 994
35 55 827
6 81 338
28 50 775
92 85 232
70 12 402
46 44 647
72 35 112
10 60 5
68 90 682
10 30 324
75 45 445
22 4 437
6 98 536
3 72 231
86 55 685
56 94 959
72 43 557
15 35 560
56 86 155
66 80 94
23 94 139
87 2 472
97 28 219
7 30 808
13 46 278
6 16 672
9 11 273
70 66 151
3 70 319
71 4 516
46 42 261
49 95 473
59 74 146
4 29 956
45 96 75
0 6 22
1 72 607
42 8 150
74 36 367
71 67 894
93 52 318
25 15 362
16 97 604
4 40 44
62 97 948
7 15 651
76 85 557
92 58 68
32 74 555
66 12 582
10 91 253
63 85 948
5 22 782
97 40 569
62 83 792
32 77 58
75 13 875
33 11 914
56 37 252
64 17 962
87 6 618
4 24 314
81 29 706
53 82 538
56 74 794
60 97 853
53 14 710
29 19 620
65 39 411
65 26 705
86 48 45
17 22 503
0 87 878
83 37 151
77 59 318
5 15 443
47 72 858
25 62 666
17 42 937
60 55 7
90 32 520
97 37 154
19 95 595
14 95 529
40 49 102
30 87 76
11 74 924
86 56 90
67 42 802
39 93 153
93 75 647
91 53 27
6 12 765
11 87 520
80 17 232
25 2 688
87 53 391
97 2 683
30 50 979
66 21 503
7 72 754
48 65 706
92 60 225
51 90 581
19 30 655
89 92 991
61 18 893
26 7 461
82 63 213
79 3 142
39 10 860
46 22 382
77 80 553
16 59 32
79 98 163
57 15 201
33 17 991
58 13 820
28 8 274
77 93 436
57 98 207
59 9 465
3 12 470
77 29 94
78 61 572
91 35 347
52 23 715
84 30 694
73 91 166
8 36 616
46 50 712
30 0 594
2 51 32
46 12 543
40 42 84
74 9 946
33 79 84
62 90 982
82 64 423
63 25 567
3 64 650
48 80 598
33 49 723
47 61 900
78 33 256
47 68 364
57 95 472
27 56 887
25 16 21
36 64 789
82 93 30
22 45 620
28 22 174
89 9 358
25 23 437
80 6 910
65 45 874
34 69 526
98 1 640
71 62 378
39 57 834
48 16 370
8 20 720
8 86 187
64 29 144
34 1 828
37 6 597
51 31 676
75 60 833
55 93 360
42 50 630
66 79 677
35 1 413
34 53 508
69 30 881
17 95 189
69 16 332
45 50 674
77 40 230
89 27 464
77 57 355
96 98 76
3 83 749
38 21 70
33 90 60
2 67 947
79 55 136
91 47 64
81 91 21
47 96 86
35 65 563
74 31 544
89 22 679
37 6 467
83 58 279
3 68 275
88 12 812
13 53 789
68 94 978
23 10 962
86 73 278
88 21 65
69 75 629
83 9 764
69 22 982
10 84 710
46 65 84
16 24 31
60 83 44
71 79 561
86 55 442
30 77 312
87 39 951
36 31 834
23 92 398
1 19 501
85 79 124
22 1 148
71 42 183
0 7 46
2 70 643
85 95 79
40 21 249
89 34 945
71 24 175
49 54 870
19 79 903
40 21 595
71 24 16
71 84 477
5 79 286
0 37 650
65 64 686
65 41 179
58 39 290
94 22 87
47 72 812
24 76 70
62 53 393
78 1 41
68 43 630
21 94 229
55 32 641
62 87 68
4 18 697
53 44 551
55 30 687
83 27 695
8 44 550
28 94 105
77 68 559
72 71 13
1 58 947
11 56 565
9 34 730
78 23 763
26 40 590
80 74 550
17 42 537
34 38 968
98 19 783
94 77 745
52 79 643
17 9 115
17 81 905
21 65 262
8 16 637
85 5 661
53 5 532
76 25 29
34 47 34
90 72 115
36 49 535
71 96 310
89 47 231
63 64 776
44 37 230
29 3 170
77 35 646
34 88 611
93 5 632
32 1 724
46 6 779
94 71 454
85 25 740
2 31 805
48 53 84
95 28 88
69 24 695
22 41 290
9 26 72
57 25 225
81 4 938
96 98 68
41 76 353
94 73 60
81 51 718
98 89 866
90 39 673
66 75 142
64 74 171
23 31 64
7 41 817
37 27 736
39 11 825
70 63 759
12 97 365
59 2 110
17 1 917
15 56 984
40 36 524
48 16 546
20 1 301
62 71 638
16 7 180
23 68 746
83 24 918
88 66 679
14 24 299
58 13 489
7 69 153
12 94 974
6 31 337
50 53 885
14 35 902
71 48 504
62 54 569
43 44 614
73 94 545
98 63 66
2 19 110
92 13 87
22 37 89
72 90 276
2 97 67
87 12 868
28 86 223
76 33 596
95 63 916
47 12 639
64 63 586
8 64 657
84 69 233
17 31 831
57 76 112
96 18 130
92 55 905
62 16 431
51 96 977
14 27 235
37 23 571
3 53 520
63 54 550
90 13 692
43 98 592
63 50 699
34 16 607
56 67 966
18 97 173
36 35 997
36 78 537
27 2 554
93 56 797
97 89 880
7 30 149
50 73 408
95 34 84
12 43 851
56 76 165
34 70 73
61 68 127
7 90 119
76 74 969
50 92 2
62 0 79
92 56 903
58 19 664
78 95 54
40 86 765
22 73 858
73 77 882
34 81 702
17 59 368
63 72 959
74 49 65
39 42 272
39 82 985
94 68 277
4 25 463
63 76 449
4 77 625
55 69 829
34 2 139
35 55 304
11 96 729
94 37 837
8 91 957
58 59 321
49 83 88
74 79 818
53 28 288
83 1 723
54 93 66
96 71 826
0 95 462
23 22 358
85 60 619
63 18 541
39 56 151
54 82 509
47 49 252
2 40 135
1 43 803
5 62 572
40 35 917
93 83 340
38 43 895
38 33 166
83 88 57
54 65 504
74 69 516
26 13 254
50 53 192
25 47 440
56 8 58
88 7 303
13 32 894
19 49 713
96 26 619
39 14 115
37 51 546
84 59 85
76 3 3
27 79 20
54 38 777
47 38 652
13 64 525
24 9 811
29 58 721
1 61 158
69 14 497
33 70 347
73 27 890
94 11 858
79 95 506
63 74 848
57 61 719
58 97 35
82 6 779
82 51 682
62 9 107
63 61 199
58 19 256
30 69 144
62 50 679
62 84 541
53 69 930
36 87 35
24 48 81
57 64 202
34 90 557
71 77 9
25 76 999
10 39 478
86 27 219
86 19 322
86 91 585
57 5 161
62 49 171
59 75 946
80 41 85
72 8 973
41 13 35
35 78 636
60 53 276
44 85 863
14 29 425
7 1 807
4 16 938
43 68 55
84 89 634
82 1 888
35 27 156
24 9 944
27 93 969
80 34 972
98 0 811
17 75 557
86 2 993
2 70 105
2 94 645
22 66 258
80 34 501
45 91 936
36 57 683
68 12 635
53 5 196
6 58 152
46 71 965
0 51 149
94 58 122
20 44 186
47 28 986
92 64 942
82 54 649
14 8 876
53 33 237
6 9 378
93 11 310
34 39 93
8 35 442
3 27 348
2 51 815
8 14 293
76 23 982
23 89 310
18 36 722
41 85 886
5 44 813
9 33 62
93 64 160
37 40 955
52 11 598
65 47 142
95 80 457
4 92 683
55 83 537
74 75 472
26 29 769
24 82 650
13 40 345
27 45 91
31 46 175
86 9 357
60 4 181
13 6 350
36 30 934
86 90 528
61 49 569
83 57 791
58 39 147
75 32 790
49 46 851
98 3 863
60 16 447
11 67 308
40 26 983
28 9 380
81 45 702
84 6 242
63 83 900
58 48 524
60 74 710
90 34 679
49 14 600
10 86 642
54 37 539
71 65 328
34 47 535
75 20 752
85 74 134
6 88 597
76 81 810
95 6 801
39 53 414
0 34 896
79 25 441
77 68 108
10 81 558
88 33 63
91 95 409
67 80 241
8 63 175
6 71 882
41 4 184
17 41 66
66 0 987
80 48 294
55 19 256
28 66 743
79 83 997
53 59 489
28 48 720
57 45 801
33 2 434
45 84 176
28 65 656
14 10 327
89 51 714
51 81 805
48 11 751
62 88 834
65 22 206
89 49 844
91 13 810
59 11 281
48 49 788
87 20 628
13 77 124
81 39 567
79 13 651
98 1 154
71 3 45
6 85 456
56 2 164
40 93 584
82 68 856
51 83 860
74 22 703
14 85 868
40 64 981
98 36 475
35 15 653
31 17 557
62 69 200
2 65 638
53 91 840
7 0 680
63 37 28
47 62 271
93 83 525
27 69 825
78 33 168
70 41 559
25 57 875
91 32 876
90 32 741
35 8 358
8 47 458
26 67 187
92 13 368
7 37 489
35 85 793
86 60 753
38 83 226
76 19 508
22 29 693
22 71 196
48 51 386
7 27 999
48 80 378
67 28 258
14 94 283
19 66 685
84 47 353
44 50 314
21 32 616
98 75 880
97 16 646
54 27 186
49 30 801
54 41 472
41 68 299
39 88 520
14 36 568
78 84 580
18 63 429
96 18 994
70 31 669
52 32 200
2 25 338
86 13 56
85 49 195
3 60 533
35 92 213
43 75 841
7 16 421
78 22 911
76 53 959
25 49 98
27 2 992
29 88 255
31 78 522
78 95 154
72 58 462
3 64 226
98 61 284
31 84 362
89 54 876
10 50 721
22 13 870
52 47 10
26 78 409
71 68 808
70 97 975
90 63 543
65 6 452
57 60 547
59 17 449
49 69 152
55 33 553
58 53 595
14 47 727
44 5 935
46 43 503
29 23 455
13 0 601
56 36 148
77 33 929
85 16 958
71 54 804
1 75 797
31 24 600
24 15 857
12 41 10
11 79 610
29 0 233
68 18 773
21 26 738
94 51 620
96 20 208
25 18 319
19 43 429
94 86 60
61 59 521
43 96 57
3 82 406
97 13 65
47 7 927
86 34 930
24 69 716
54 91 500
2 91 635
36 27 139
60 18 190
78 47 53
95 65 698
37 12 60
38 45 866
18 11 760
52 82 300
1 74 68
69 2 283
64 38 602
66 30 269
36 91 440
82 88 766
45 9 540
24 95 665
45 46 372
25 49 656
0 50 250
45 90 257
36 82 909
87 91 343
76 32 988
58 2 188
29 60 7
92 73 153
32 84 100
24 30 697
79 87 873
54 23 389
95 4 542
55 35 985
48 13 923
11 30 696
11 36 108
1 77 765
19 23 894
54 46 30
74 42 819
57 31 158
59 69 175
67 41 154
33 59 109
51 33 555
86 75 566
31 70 221
80 68 72
36 9 386
32 65 402
91 55 69
81 63 855
51 92 729
62 11 373
70 66 474
56 72 420
14 13 499
96 97 73
27 28 276
12 71 759
43 49 191
67 4 359
11 19 913
48 93 167
42 93 347
50 90 584
68 8 155
75 76 628
33 46 752
57 6 955
74 85 695
33 50 389
8 96 150
14 71 553
54 60 568
37 64 363
49 66 848
57 76 280
28 1 595
24 94 75
74 89 827
47 75 378
84 18 972
63 11 769
2 73 455
48 77 73
58 76 318
71 6 638
64 52 967
6 19 514
57 36 729
26 75 584
38 15 733
64 68 11
69 61 60
33 5 681
40 80 318
29 41 971
95 51 611
96 58 991
26 52 277
48 24 60
15 5 602
68 36 743
43 86 579
38 95 991
10 30 655
83 1 453
74 92 91
7 97 637
50 72 743
9 35 995
31 74 931
61 46 742
9 39 303
35 55 349
17 24 830
92 29 608
32 56 683
90 27 846
84 57 191
36 47 301
5 78 493
76 82 170
98 35 287
18 1 385
73 9 347
95 97 80
4 7 815
15 28 550
2 72 268
9 69 58
7 84 633
90 91 511
23 71 4
92 95 700
29 64 120
96 74 70
59 75 835
36 13 494
4 20 544
85 88 842
40 24 236
2 38 183
66 6 848
52 36 184
55 1 386
36 34 575
24 83 611
23 22 725
38 98 421
27 68 687
10 0 53
19 30 142
94 20 107
91 63 713
53 28 274
51 26 100
34 60 242
71 12 375
54 48 130
84 78 503
65 78 434
67 43 34
44 51 960
85 84 710
51 82 425
61 98 784
47 32 850
26 81 840
38 97 766
89 2 689
66 41 51
41 51 234
47 19 376
67 39 800
5 10 347
86 36 830
79 17 199
70 95 650
56 63 16
86 22 45
52 84 256
91 15 70
59 56 629
67 4 273
47 64 839
75 57 96
42 2 960
53 73 345
39 24 565
31 32 266
18 38 66
96 54 473
30 82 202
6 74 705
30 19 943
68 33 933
66 47 948
47 28 440
53 41 620
73 65 819
27 16 598
69 93 212
15 17 600
39 45 851
65 31 653
10 95 268
27 49 363
97 81 172
7 83 732
49 68 476
31 97 10
10 2 923
98 22 136
24 81 902
47 27 916
70 79 194
29 77 493
39 91 165
5 22 207
79 62 35
90 79 680
9 52 894
43 72 947
87 71 993
23 88 839
46 13 636
50 80 280
88 0 946
56 52 243
88 75 647
31 0 155
19 41 674
92 54 366
21 61 929
94 96 675
8 12 951
67 74 912
67 83 519
14 48 609
57 80 356
43 47 332
26 57 47
98 15 685
90 40 588
28 20 291
25 15 960
90 41 676
6 13 361
8 31 638
98 86 218
42 37 696
61 60 859
62 70 204
67 42 364
16 43 89
19 88 41
9 88 392
48 34 193
80 30 378
85 55 499
27 44 445
32 7 246
46 37 129
20 10 317
58 51 674
23 85 292
27 6 460
59 26 358
12 19 892
17 1 721
62 45 480
71 26 160
60 29 312
96 26 397
83 89 486
33 29 189
37 51 459
78 97 801
88 38 603
51 88 874
57 92 576
65 83 363
94 20 252
42 20 500
56 39 605
39 45 156
16 83 27
31 25 864
41 69 746
88 8 11
73 60 362
24 9 489
80 81 448
54 42 315
26 31 370
92 68 755
18 56 106
2 26 744
17 25 432
63 23 491
9 25 731
64 2 376
11 59 188
0 11 9
56 48 700
34 66 197
60 29 758
34 31 197
51 93 88
22 47 926
46 47 230
67 49 918
58 86 438
76 68 534
64 75 271
14 21 169
8 95 826
79 55 989
31 49 201
48 29 166
92 83 824
44 33 163
25 93 432
14 57 878
45 60 782
11 81 828
28 95 206
59 86 89
40 97 925
62 49 205
89 42 193
4 68 348
82 5 844
78 84 661
69 15 761
27 37 510
98 12 466
60 37 488
41 36 273
70 28 915
42 55 118
75 44 885
22 9 505
52 39 961
89 31 788
2 42 352
30 82 5
53 29 992
49 51 78
54 35 554
64 76 61
28 27 150
61 25 701
69 48 205
81 51 785
22 2 864
92 96 947
93 81 28
23 39 279
12 79 100
23 22 447
92 8 135
69 47 403
44 23 610
70 46 876
11 78 141
13 8 123
44 66 619
50 29 622
78 20 187
85 78 574
92 24 930
68 56 833
28 84 289
91 11 351
18 34 151
6 96 120
79 63 517
67 16 731
97 47 154
24 33 239
54 21 711
84 16 755
60 78 500
52 74 950
35 84 604
50 49 104
53 21 520
44 83 155
38 30 287
63 41 202
53 35 752
71 85 915
66 32 673
87 24 608
71 33 234
56 97 526
80 46 292
75 20 611
45 46 625
20 27 225
52 4 95
37 51 975
50 83 902
86 67 695
59 2 902
55 66 148
11 40 20
26 35 520
18 40 36
46 83 389
50 23 376
1 36 481
87 4 585
24 53 619
72 38 943
61 67 101
45 85 249
70 90 156
78 89 973
77 5 486
12 56 819
68 24 927
87 10 989
81 35 989
5 65 264
4 64 349
26 6 979
73 37 276
8 71 426
60 43 10
19 71 927
90 70 14
61 97 532
35 50 870
0 80 718
43 73 683
92 45 15
97 35 48
92 33 493
12 39 717
72 74 127
10 74 583
9 1 804
65 5 604
11 23 907
31 45 671
20 13 489
67 4 418
87 21 27
47 51 796
28 75 813
82 62 244
8 57 819
81 23 39
20 6 91
77 66 94
1 72 37
19 93 299
83 41 724
90 84 97
89 73 299
68 61 220
92 52 784
63 88 228
45 14 346
48 58 828
45 64 255
8 19 261
65 38 763
25 81 411
34 20 189
71 47 243
41 1 883
70 47 745
23 41 891
19 89 362
34 79 643
36 65 290
15 40 585
30 26 553
10 94 914
3 44 790
7 10 185
25 90 691
93 36 198
14 68 627
98 80 279
6 13 248
34 43 667
39 20 313
52 20 796
80 37 799
44 27 411
86 6 457
12 78 898
43 41 315
29 33 852
58 53 18
94 56 593
50 62 800
54 6 792
55 27 504
89 32 864
79 16 840
93 59 390
14 3 50
96 50 406
49 39 766
77 52 959
71 18 175
63 56 600
69 21 622
92 40 411
26 1 942
74 56 277
61 22 711
31 78 714
77 33 264
29 1 348
3 48 503
58 42 446
97 75 43
98 29 913
83 63 397
35 96 473
10 14 540
45 60 88
96 5 406
86 80 730
1 43 345
85 50 4
86 2 194
30 35 994
23 22 299
3 88 175
71 76 536
74 10 796
36 32 821
70 5 218
85 86 815
37 11 436
33 63 234
32 30 289
23 51 836
77 85 949
88 32 164
67 19 479
15 59 600
50 1 123
83 73 862
1 83 415
16 13 388
68 46 974
57 20 683
95 10 64
10 9 587
40 43 428
29 67 400
80 11 635
25 44 375
16 95 818
93 61 366
98 42 11
27 85 784
10 76 327
90 44 963
74 88 729
69 58 983
21 77 373
76 38 654
68 15 122
90 9 617
43 89 148
94 62 825
27 91 247
38 3 326
48 86 781
43 91 409
93 16 536
43 91 12
62 7 534
33 69 156
16 25 506
85 62 445
81 61 89
75 50 395
73 89 91
33 90 530
50 8 665
83 86 61
81 30 65
59 27 479
80 32 768
19 41 200
51 60 835
52 70 363
42 33 783
80 58 194
79 80 675
66 24 787
52 42 51
35 55 154
54 51 397
65 52 565
47 48 349
19 63 547
92 43 785
66 67 860
25 73 375
52 48 662
30 95 706
34 96 52
33 31 986
47 21 963
16 87 874
65 11 987
79 64 324
44 75 980
59 45 133
16 54 907
67 75 358
50 53 494
89 78 778
34 24 151
27 92 740
67 98 501
54 68 265
5 50 729
69 43 741
32 67 947
73 48 270
60 73 412
65 60 298
3 25 4
43 46 69
24 69 212
90 53 107
33 9 113
65 84 790
8 26 575
25 28 892
48 69 248
88 18 144
18 5 783
45 62 102
13 98 548
36 7 467
63 47 422
14 52 386
5 11 271
49 88 445
28 26 862
5 16 96
61 18 176
65 82 679
16 25 323
2 6 893
30 14 771
19 97 457
41 16 38
83 25 826
75 14 108
2 58 712
91 8 440
13 64 329
60 15 695
38 83 73
75 3 345
2 87 939
50 83 871
44 40 797
36 23 427
18 51 596
34 27 153
18 68 669
55 88 311
21 96 855
93 4 981
61 38 792
23 55 115
37 56 750
63 76 328
96 71 920
32 46 709
0 36 225
4 66 145
32 2 3
77 27 439
10 93 8
25 95 269
20 28 806
66 10 304
29 46 387
43 60 770
67 0 53
11 65 12
2 5 109
31 35 525
62 29 53
48 84 937
59 43 873
98 90 609
36 57 730
38 35 478
95 17 340
83 14 405
37 72 189
17 68 665
66 65 642
4 88 343
21 70 423
11 76 381
55 71 781
42 7 403
30 72 161
65 10 197
76 20 455
27 82 634
33 36 108
17 87 328
40 28 40
10 75 641
75 68 134
1 13 252
76 57 506
62 14 143
82 34 178
35 4 133
35 27 67
67 28 729
50 15 204
45 36 913
51 68 219
95 78 839
31 75 209
95 38 512
92 69 643
27 21 154
43 91 968
67 27 701
13 94 710
21 91 443
18 44 886
52 12 174
2 26 681
87 4 429
75 67 710
22 46 702
47 7 394
77 2 618
6 10 495
89 38 760
27 71 951
69 23 930
44 19 551
45 38 738
97 63 12
67 25 658
16 84 324
88 75 740
66 49 126
94 86 560
17 26 275
69 95 647
57 52 599
94 63 166
7 33 992
0 67 427
32 7 662
58 48 111
85 41 875
76 26 994
80 91 605
44 19 302
32 75 185
35 3 434
83 94 311
92 22 725
71 9 815
31 89 766
38 91 283
71 90 160
84 41 927
76 47 457
56 84 413
20 87 277
21 41 796
46 11 118
13 90 72
9 11 563
10 7 12
82 90 156
82 17 938
70 97 779
22 96 570
97 26 591
48 70 371
22 90 300
64 94 566
47 45 545
42 19 939
75 97 497
93 31 899
75 76 319
79 25 944
76 10 894
24 89 139
93 92 112
42 19 713
55 2 825
41 8 186
95 58 976
88 33 74
15 77 564
82 16 789
49 92 82
28 47 684
70 37 23
86 41 486
32 69 11
45 67 808
38 78 922
57 19 78
81 6 450
33 74 529
29 35 832
86 6 326
82 93 629
57 92 387
62 32 241
81 59 107
71 94 879
47 27 4
33 39 7
65 93 916
42 64 326
95 71 469
0 25 480
95 96 67
15 79 425
20 1 917
41 64 995
76 28 45
21 9 781
95 0 738
49 30 340
11 69 759
62 83 368
80 21 365
88 34 706
78 39 895
84 35 54
35 57 913
67 65 457
23 13 371
24 19 537
52 53 528
92 3 178
79 53 472
92 16 613
13 29 883
94 11 727
48 21 778
53 60 465
7 13 715
26 72 195
44 42 676
15 77 58
11 19 721
97 71 646
44 3 996
12 59 800
44 58 591
56 73 535
77 70 342
81 89 915
29 37 824
61 66 193
4 60 671
32 31 840
64 16 102
22 16 777
1 89 985
25 47 642
91 87 294
84 1 381
67 39 759
84 40 719
59 93 910
3 7 525
91 95 909
30 5 723
62 9 381
87 50 848
7 86 626
38 84 703
71 43 936
49 44 584
88 38 791
86 74 394
46 17 89
33 87 65
68 36 532
7 70 830
8 61 287
30 83 714
28 70 99
95 23 707
60 23 943
66 49 878
66 69 205
17 51 915
27 3 151
72 5 715
27 53 332
34 52 732
85 45 607
63 91 207
42 66 735
55 3 831
30 97 714
70 40 114
36 91 92
60 33 513
48 71 552
96 26 455
17 0 54
84 70 272
10 2 282
81 68 365
50 32 72
28 3 45
98 35 873
98 16 747
17 61 666
24 87 149
45 90 447
87 65 886
74 16 535
4 29 798
16 25 673
37 43 905
45 46 52
77 13 422
4 31 100
39 2 794
29 91 491
88 66 721
19 26 749
18 46 486
84 98 775
86 30 871
31 93 97
53 88 977
52 82 530
16 92 216
37 98 339
65 76 662
5 67 683
24 20 661
1 3 324
9 30 846
65 83 434
37 24 77
66 58 830
57 61 112
46 34 45
66 75 625
46 54 394
93 4 493
42 86 932
76 21 837
64 18 992
96 54 733
39 16 744
56 44 699
11 37 885
8 73 27
26 44 395
14 51 853
28 35 126
49 72 595
29 18 641
13 12 909
12 40 274
63 64 298
59 44 77
48 51 659
63 53 610
11 52 789
56 44 332
89 56 957
3 91 236
41 98 871
9 50 234
34 8 441
88 16 56
64 92 333
64 25 896
21 83 271
42 55 701
46 41 649
89 85 471
60 62 256
58 57 910
55 45 953
93 65 391
91 40 102
71 18 238
89 98 375
73 47 754
68 66 166
10 24 650
70 89 298
46 56 248
71 74 465
34 30 553
59 98 483
5 14 545
84 82 418
19 64 994
58 60 658
56 33 554
21 22 866
83 46 907
54 89 47
19 68 734
65 94 887
1 24 962
30 72 357
78 85 529
36 84 178
29 84 482
97 0 905
43 59 666
72 7 79
38 86 91
44 64 705
98 32 582
65 43 975
83 25 319
45 12 856
44 85 196
24 11 321
40 48 780
90 6 966
74 37 290
51 33 495
24 3 3
46 81 348
95 52 954
94 86 284
33 38 84
75 89 398
85 60 529
88 60 546
98 12 148
5 45 163
37 2 589
1 86 250
87 84 325
19 49 446
21 17 490
30 29 805
75 12 264
16 2 239
33 61 672
85 43 158
74 86 745
72 17 452
96 3 347
87 97 226
36 20 807
18 90 537
12 73 833
56 7 263
20 39 391
49 72 864
75 2 545
51 82 593
12 2 988
27 16 619
7 34 757
49 80 524
33 50 221
95 36 12
90 8 749
59 76 827
32 66 554
60 38 606
31 49 750
0 69 583
21 6 261
93 22 117
85 88 942
13 64 202
12 93 738
72 40 24
43 91 318
46 92 618
97 81 293
85 62 952
31 41 487
40 24 322
67 40 932
21 67 290
81 52 920
95 16 784
92 69 671
60 78 435
44 92 127
78 24 60
72 71 611
72 1 272
7 22 296
45 27 250
24 3 771
32 17 301
25 53 351
59 28 849
69 25 40
10 5 762
1 29 274
36 44 820
17 69 197
63 87 543
21 17 230
37 21 221
51 4 961
18 85 237
75 13 393
10 39 375
47 41 397
61 27 131
23 26 29
26 37 967
79 48 325
84 10 42
41 39 308
98 51 591
22 35 402
66 47 5
61 63 127
0 48 752
96 67 53
82 49 361
57 21 578
69 27 155
23 71 744
43 31 461
15 92 690
49 46 283
79 58 983
96 50 213
82 61 159
95 65 857
49 64 27
58 95 481
46 64 68
71 57 437
84 2 126
84 74 181
41 14 564
72 47 829
70 2 578
73 3 69
42 74 184
37 32 461
85 52 780
65 51 256
4 10 35
56 47 883
9 55 238
33 48 766
30 9 167
15 86 924
26 45 641
68 47 159
89 6 353
2 68 663
64 75 960
14 91 889
35 90 512
76 90 332
46 81 393
63 26 925
17 87 851
85 93 730
63 53 647
74 87 287
89 15 601
92 10 75
7 56 363
39 19 1000
95 52 330
87 80 486
65 55 720
60 66 178
90 41 755
20 22 576
31 43 357
86 4 592
69 51 816
7 41 55
96 7 661
74 56 119
51 25 419
46 92 164
15 38 2
16 1 430
58 94 530
41 93 731
17 71 216
32 82 845
32 87 548
66 61 649
2 47 149
64 63 61
86 42 260
92 44 681
62 6 373
5 97 124
24 96 447
96 71 821
65 94 867
36 47 394
65 0 936
60 24 149
24 94 684
59 57 67
39 96 495
73 2 559
60 72 822
32 96 870
77 69 683
77 5 695
48 57 919
76 7 841
13 38 220
1 76 763
22 10 217
50 18 279
45 25 861
55 86 33
27 34 763
47 9 815
48 41 566
74 71 954
95 1 388
93 16 869
35 60 537
62 89 831
0 92 919
61 66 437
25 55 53
78 11 615
27 83 667
12 22 918
17 36 918
59 75 630
5 24 867
67 88 656
51 47 511
73 87 984
87 13 698
25 32 838
32 93 80
65 37 401
42 72 887
40 46 287
63 4 290
10 36 482
57 51 68
83 55 793
81 17 702
94 1 799
81 55 41
35 65 203
79 1 327
61 58 400
72 7 365
46 36 839
3 75 755
78 45 634
97 98 427
84 8 643
86 39 203
51 41 265
8 13 193
52 89 988
4 44 689
46 9 805
53 58 316
58 41 446
47 69 296
47 97 510
7 36 24
61 5 579
55 17 495
36 88 93
93 58 757
76 6 463
88 78 135
10 2 377
62 1 916
54 90 45
33 13 340
30 19 43
26 4 383
46 22 209
3 76 184
96 32 342
88 29 590
62 73 378
44 88 978
52 77 494
30 31 607
90 77 563
69 76 245
26 78 508
53 44 430
78 25 13
83 15 861
50 21 412
91 98 466
88 46 507
32 22 524
23 96 68
61 96 752
92 45 859
10 64 610
58 64 961
95 16 634
45 35 461
16 53 330
32 65 935
74 44 848
0 16 747
72 44 697
18 17 820
28 89 279
97 47 540
15 70 257
11 98 402
22 49 320
37 2 886
36 97 547
12 28 832
36 29 23
14 33 622
20 51 491
83 40 772
43 57 229
56 80 702
47 75 13
36 27 655
97 98 408
85 62 539
94 47 941
57 89 117
76 61 590
50 90 49
95 70 468
73 16 679
42 89 642
87 55 653
72 94 342
87 89 391
65 87 917
19 9 518
10 0 880
22 79 424
54 12 614
91 95 408
78 80 198
30 84 239
7 90 949
68 47 238
52 35 946
30 32 522
81 23 809
62 7 362
46 17 128
51 38 444
63 15 75
26 44 298
63 32 350
0 4 538
6 48 546
91 35 114
41 49 929
24 50 357
33 25 670
34 80 634
40 52 354
61 50 229
70 17 633
75 39 932
91 69 839
68 34 838
59 26 559
16 13 251
8 41 349
82 8 674
39 23 7
57 78 369
2 86 795
41 77 410
11 51 794
58 31 446
18 64 378
5 58 250
95 14 369
59 64 545
48 8 157
58 77 751
11 47 429
61 28 611
35 64 712
97 18 9
24 88 654
41 68 731
79 71 641
72 51 190
11 15 133
61 34 172
87 46 320
85 10 170
45 43 779
30 9 959
57 41 706
73 98 908
84 42 719
63 29 26
36 34 373
4 5 303
20 13 368
5 48 435
47 89 794
95 70 898
50 43 759
76 79 345
59 71 407
40 47 255
67 58 47
81 23 164
30 73 839
0 48 952
82 15 738
31 29 716
20 82 736
65 98 928
53 81 432
94 96 485
13 72 792
50 25 620
33 91 207
39 20 980
55 91 220
10 96 409
68 61 858
84 12 841
65 80 485
28 83 73
96 68 440
30 52 196
94 53 889
57 30 183
76 45 354
29 45 605
52 15 842
68 1 226
94 72 920
87 1 245
76 21 846
47 29 445
42 91 609
97 9 297
69 39 500
61 25 820
16 86 45
84 85 76
39 61 6
80 11 731
22 37 849
28 61 692
60 23 880
2 86 248
33 98 742
83 87 853
31 77 829
77 15 809
40 97 391
93 76 571
43 9 657
92 72 680
16 3 325
8 52 381
58 32 88
28 41 402
73 89 473
29 36 907
68 31 98
65 12 542
32 50 565
50 92 856
39 7 776
71 10 2
81 68 735
33 20 859
75 86 838
1 55 256
58 17 52
40 51 375
68 93 758
53 41 8
87 66 205
21 7 148
4 64 446
19 88 975
58 22 312
88 44 453
34 88 94
23 20 125
14 82 885
6 86 265
86 71 874
90 54 228
77 78 788
16 13 222
6 39 47
16 91 795
86 77 120
84 72 271
19 80 781
48 15 234
57 88 218
38 33 279
35 61 800
49 82 920
54 66 237
97 58 471
69 64 19
46 91 968
84 6 393
43 18 618
2 0 995
47 61 713
30 95 327
18 65 88
33 40 589
55 58 708
19 76 928
89 54 392
40 46 933
90 26 896
53 21 473
