56 34 802
54 70 805
20 46 861
129 100 339
36 52 846
26 110 974
98 91 880
129 35 772
17 100 259
7 90 754
101 63 614
20 58 174
85 96 390
75 68 768
58 121 108
128 64 301
57 29 844
63 127 713
40 66 138
60 98 248
24 100 59
1 119 662
108 23 133
95 107 922
13 20 185
36 82 734
35 3 293
90 24 414
98 103 628
60 13 407
97 18 997
10 81 85
21 9 293
2 8 861
114 53 917
68 56 858
75 118 890
53 64 897
20 52 645
39 75 813
113 100 64
69 6 568
111 108 992
95 83 917
44 6 395
33 82 68
62 53 834
99 8 430
77 84 188
102 120 160
79 119 824
91 52 963
15 61 612
57 24 803
45 100 948
10 127 398
47 100 210
84 58 335
107 89 249
67 29 731
89 111 245
70 61 604
69 62 65
69 105 315
65 66 415
7 115 533
91 36 400
32 87 684
21 78 960
18 15 820
90 30 692
113 96 855
49 126 875
63 119 905
92 113 293
83 6 442
76 79 353
74 43 276
64 126 35
72 80 556
50 127 655
82 117 51
95 78 248
69 54 960
119 18 574
1 93 463
48 103 115
116 10 937
80 129 918
72 105 777
89 79 813
55 116 500
126 61 862
27 108 658
77 69 460
23 108 91
69 75 804
94 44 408
58 0 83
117 122 270
125 93 20
7 98 644
129 127 674
83 32 149
76 78 936
129 14 615
64 19 807
76 40 601
22 8 172
7 90 524
129 73 561
58 78 594
40 50 955
127 115 145
129 118 516
32 97 97
47 98 259
34 62 711
87 12 238
118 35 126
118 67 537
74 112 952
107 59 822
56 45 316
71 50 618
58 45 943
125 32 515
54 63 249
15 90 454
18 0 715
13 29 880
54 76 619
18 17 906
114 0 269
4 118 827
46 66 932
36 66 362
123 124 993
65 120 212
2 113 975
32 99 536
106 61 329
50 87 968
58 64 179
67 119 348
36 44 828
7 17 698
54 3 124
115 16 161
37 24 853
115 76 555
41 42 610
119 91 840
91 103 47
115 105 390
33 97 586
14 79 501
71 48 598
73 30 194
85 81 553
39 71 308
30 15 105
103 7 749
5 115 95
108 35 766
82 90 291
53 73 194
12 16 104
47 126 229
67 4 785
40 114 543
110 121 231
103 93 264
43 80 717
17 94 5
53 52 972
95 102 493
114 17 272
14 110 749
77 75 293
82 87 914
80 123 334
15 44 436
79 70 841
3 60 639
65 52 51
53 99 3
64 10 519
31 113 354
92 27 91
87 92 477
47 62 198
40 2 71
82 20 247
1 39 61
44 6 455
75 37 228
78 47 155
11 71 476
15 44 957
81 4 910
5 98 427
106 116 68
98 127 781
48 26 330
31 25 885
39 129 212
71 99 745
51 45 554
105 73 538
105 75 345
33 24 766
15 34 451
82 87 862
106 82 901
96 92 462
94 58 745
5 74 503
66 10 303
54 45 705
124 89 79
64 61 282
53 87 479
63 107 21
120 97 277
12 116 32
23 122 972
16 65 757
115 128 375
56 64 175
25 17 156
76 58 510
85 97 312
103 36 164
87 8 823
73 66 333
14 59 672
104 6 446
8 71 865
36 103 413
119 76 104
13 48 494
72 36 106
122 104 165
78 88 992
101 81 274
31 55 668
119 93 711
109 98 850
98 93 984
0 75 808
41 120 771
100 16 622
70 67 335
4 21 893
13 70 330
57 89 634
109 64 649
53 120 103
51 0 799
56 116 173
110 42 60
36 15 87
93 36 417
32 119 183
2 59 496
96 103 765
19 100 628
7 0 80
33 122 426
50 118 863
105 20 926
44 12 818
74 87 871
63 129 613
64 10 493
120 103 797
25 102 980
44 117 331
55 8 798
23 122 686
22 119 313
129 24 25
41 24 209
46 7 220
2 70 62
8 80 34
39 15 849
110 25 609
38 7 509
100 21 320
16 33 481
48 38 216
82 62 78
61 39 393
102 99 120
7 95 80
112 9 922
114 23 161
64 52 533
89 10 348
96 31 863
101 100 611
124 28 686
120 98 789
122 21 137
119 62 460
86 95 611
40 71 518
33 38 617
38 62 142
15 125 848
106 95 939
44 20 783
101 15 326
2 42 408
82 26 262
52 69 483
44 36 44
38 80 989
103 45 14
123 31 913
73 127 837
21 34 525
58 35 285
19 38 258
37 46 550
60 72 712
86 106 62
82 8 551
89 46 654
22 5 972
101 106 137
43 52 159
32 38 8
91 59 466
37 120 220
99 128 153
50 110 165
87 108 442
55 99 382
80 96 406
32 78 35
19 83 929
120 115 194
42 41 638
44 90 860
44 62 195
55 84 214
9 19 578
119 100 156
115 72 68
88 80 358
80 54 48
26 75 592
102 10 305
0 98 761
16 98 922
33 21 489
18 71 380
104 40 390
123 128 410
92 29 882
7 6 398
53 47 475
65 91 136
25 61 212
17 92 37
49 11 387
54 126 347
22 38 515
33 128 966
61 65 739
6 69 821
107 39 363
10 120 284
45 87 593
49 29 48
3 56 285
37 1 718
91 15 233
15 43 663
96 91 665
5 19 200
60 101 660
88 109 431
20 24 471
69 57 368
106 76 486
7 34 388
25 86 398
70 93 626
22 36 483
15 68 623
61 21 504
60 10 910
65 102 182
93 126 916
83 21 672
118 51 477
0 39 447
118 80 786
71 113 194
69 28 651
68 57 248
95 0 980
122 65 421
53 16 310
55 95 923
126 47 100
128 86 903
0 22 710
11 104 555
128 99 790
42 58 709
119 68 718
91 38 684
94 33 738
49 126 989
89 98 551
9 68 73
92 6 178
46 28 915
24 104 828
38 27 825
71 43 884
11 0 917
59 98 272
31 4 830
65 52 209
50 23 3
23 72 60
32 124 691
105 40 843
39 23 78
65 115 429
116 94 616
58 109 981
35 116 907
69 39 675
105 63 709
102 89 988
83 46 181
75 96 734
42 113 495
49 31 51
27 117 813
111 58 689
41 102 523
38 85 20
108 101 279
118 122 16
112 49 78
52 39 330
19 38 642
53 9 935
0 99 301
47 104 546
87 12 971
85 26 168
26 72 215
67 60 834
52 1 191
21 3 775
49 43 300
21 49 569
14 39 451
34 49 945
110 114 337
29 4 614
121 98 522
114 91 647
59 97 690
66 26 100
0 85 747
35 32 354
95 63 179
129 94 922
42 70 28
123 102 663
65 11 764
3 60 73
77 94 487
85 84 657
123 128 24
46 121 214
88 102 136
5 28 95
125 82 898
113 17 671
24 82 303
14 103 299
41 129 588
38 125 530
32 73 457
5 34 426
100 66 117
27 43 425
24 66 430
120 101 458
22 16 965
112 19 425
3 37 870
98 89 102
79 3 406
38 75 369
125 65 485
64 14 750
94 88 226
56 55 735
14 42 751
82 75 570
53 41 900
100 94 318
119 46 770
93 40 294
11 46 301
94 36 820
8 92 88
68 36 815
106 96 69
65 57 279
38 128 38
110 66 180
65 80 587
114 128 183
90 79 628
66 42 1000
20 4 642
34 124 606
96 41 65
22 20 21
28 105 401
102 47 692
40 104 722
18 87 851
124 17 358
56 50 223
65 124 911
20 35 199
42 80 295
8 60 135
92 116 386
84 115 447
125 82 966
25 123 759
117 50 743
83 64 700
88 65 261
19 115 214
55 16 546
58 23 434
61 18 414
19 35 761
49 124 351
102 92 931
96 121 404
30 55 420
25 50 178
87 88 714
125 103 702
73 6 209
28 79 689
1 64 866
36 122 331
66 46 504
79 92 166
93 9 33
43 39 863
84 24 261
89 69 701
105 126 845
78 39 301
88 27 954
97 94 21
29 115 46
118 64 852
104 60 178
1 126 722
109 59 103
61 29 325
126 29 370
34 14 577
36 95 19
27 80 208
35 43 445
71 23 333
106 112 760
118 62 327
12 73 508
107 1 838
119 80 106
95 77 963
23 96 135
99 43 969
40 46 543
96 120 387
2 17 548
81 71 977
9 68 162
91 27 564
106 97 593
8 121 837
14 66 23
94 18 370
128 22 808
81 12 595
97 79 723
7 75 181
53 59 160
68 85 802
44 25 677
71 42 184
38 50 715
95 36 157
68 18 380
126 9 883
30 69 625
90 114 42
38 116 238
16 99 425
17 122 167
77 91 690
60 62 2
30 80 500
110 114 956
66 54 899
94 121 764
92 16 277
128 101 257
71 100 81
41 47 443
43 81 328
8 94 900
64 128 522
124 9 992
22 68 229
91 113 368
114 99 232
1 32 597
49 128 521
90 5 275
99 59 505
38 23 823
25 56 859
33 83 117
11 95 842
57 128 923
45 31 36
45 115 913
65 128 235
113 94 529
87 115 710
38 67 370
121 37 475
20 88 863
112 113 134
99 48 236
5 12 907
37 120 340
43 120 276
126 63 478
19 84 521
96 26 165
101 87 736
73 25 290
27 60 322
21 56 770
125 90 778
17 9 144
27 55 871
110 49 923
86 43 164
15 22 426
105 92 195
47 55 700
114 129 922
6 120 26
13 124 486
28 33 412
73 120 552
9 84 830
113 55 389
76 115 462
56 59 380
128 70 252
97 51 87
43 86 768
34 103 696
7 93 616
124 12 70
101 87 665
81 99 905
109 61 1
90 51 679
109 26 751
32 96 975
126 19 282
34 127 479
121 108 725
98 68 465
74 53 508
46 69 355
10 104 563
10 109 300
4 127 497
25 65 91
11 61 31
95 4 72
58 94 692
91 123 483
40 126 857
40 111 423
36 61 941
95 71 863
105 57 701
2 45 451
71 48 297
25 39 986
96 82 976
78 113 67
75 95 231
80 36 761
67 0 445
85 64 289
8 2 765
84 35 474
61 18 657
72 30 100
68 39 210
83 6 692
37 125 866
71 106 261
64 99 829
105 4 979
25 83 366
92 10 584
95 37 115
95 17 313
52 47 543
1 32 714
37 55 358
42 97 875
42 12 260
46 58 649
110 41 521
64 87 719
74 61 2
1 15 476
18 79 481
52 9 809
129 72 987
117 73 142
13 27 931
116 91 778
127 34 204
55 63 915
10 113 482
86 59 79
37 126 821
105 15 373
89 90 235
1 97 475
17 66 455
60 124 594
121 60 620
105 29 724
120 123 768
111 12 806
34 4 736
1 65 606
54 70 16
13 129 949
80 16 251
41 59 503
57 14 421
13 23 953
28 76 505
107 20 438
61 66 856
3 74 478
78 24 739
13 93 333
104 71 772
4 33 376
67 30 104
62 104 942
60 85 15
43 6 997
100 79 684
79 44 539
29 71 512
64 63 318
45 14 343
68 69 862
21 56 52
66 82 241
0 78 388
76 117 367
108 8 910
78 106 346
22 5 804
128 50 676
95 123 9
67 105 40
88 123 119
26 7 699
78 26 117
22 29 683
42 110 888
19 17 819
121 9 355
12 85 579
128 39 594
40 72 682
59 92 477
65 129 147
36 93 370
78 48 416
10 94 686
128 8 475
62 58 114
46 5 361
69 121 842
80 44 317
117 19 767
35 29 745
123 67 452
64 120 815
6 27 504
15 16 656
113 41 450
90 102 159
53 1 835
46 45 189
68 124 93
12 87 900
40 18 182
3 127 151
53 97 961
90 63 552
49 50 72
61 28 79
75 45 447
93 48 420
81 79 434
0 50 762
6 40 635
3 100 499
42 125 949
47 57 219
83 24 446
100 113 888
63 4 256
128 92 319
101 69 368
107 23 612
127 10 630
114 50 144
41 3 434
72 41 494
0 6 363
82 47 651
45 124 104
42 85 703
30 98 210
60 122 637
65 67 207
56 46 165
128 38 900
101 33 320
64 80 751
14 28 436
96 93 38
11 128 565
82 63 615
98 58 85
28 36 967
19 48 651
87 97 368
56 26 830
54 46 229
63 13 276
68 41 665
4 70 712
20 50 484
115 96 31
61 36 622
114 24 263
84 39 34
91 54 784
77 119 316
106 17 500
127 35 74
71 44 859
65 8 436
32 5 358
61 60 995
77 96 377
9 116 419
3 85 663
13 73 660
73 3 426
47 25 867
42 96 298
37 6 231
116 114 202
92 76 865
67 35 58
50 75 767
50 35 615
47 10 371
126 105 925
38 111 791
51 5 286
50 48 460
4 46 895
89 111 40
8 48 549
30 62 799
30 35 227
86 77 767
126 0 796
68 95 860
81 26 220
127 120 537
65 11 910
105 127 443
15 59 41
104 34 628
75 21 404
61 77 228
53 5 878
106 54 389
129 6 809
102 1 209
76 96 660
17 105 429
13 71 794
102 77 918
72 80 880
33 119 750
23 88 366
120 122 447
43 120 444
92 75 706
28 99 238
70 85 640
68 35 230
0 39 968
38 112 554
14 75 834
8 107 707
126 88 533
5 111 219
93 3 107
48 119 345
4 55 45
49 15 393
126 84 929
16 14 244
24 49 256
111 96 491
112 124 580
125 84 431
78 119 860
41 84 504
91 54 477
79 127 689
95 86 658
48 44 828
51 48 142
79 61 616
91 21 335
23 8 542
2 123 239
84 103 617
108 12 841
112 14 830
65 81 178
1 98 205
25 45 235
46 93 740
15 19 220
27 127 177
94 112 29
104 43 827
55 124 497
70 124 677
10 34 516
101 107 788
6 51 443
98 44 772
65 85 554
85 93 647
58 106 135
110 116 244
96 94 859
36 84 659
89 40 660
89 82 116
90 14 37
61 30 14
15 47 448
114 108 514
2 88 547
106 124 792
7 47 73
110 37 575
43 32 517
96 52 540
68 129 870
100 60 304
99 67 522
121 82 285
117 98 250
34 102 972
82 97 769
44 46 199
115 129 39
53 54 515
55 70 912
110 101 551
56 54 751
48 44 640
43 89 928
88 42 428
69 37 457
87 39 1000
16 12 778
116 117 463
66 76 956
105 129 551
24 32 866
4 110 559
51 21 294
40 55 252
115 39 116
54 105 960
92 121 467
128 17 24
70 78 434
12 59 967
43 91 945
60 1 919
116 27 28
121 16 572
72 128 232
125 117 537
65 77 247
109 110 811
7 41 670
89 92 256
7 102 433
112 123 727
64 65 672
81 44 686
114 74 592
30 53 757
95 19 644
93 95 545
53 129 996
46 70 746
79 78 323
7 27 566
118 102 777
34 87 569
57 126 180
89 92 560
115 24 271
94 50 444
126 11 867
30 82 964
101 79 542
126 83 38
111 77 423
71 73 18
55 26 169
104 69 129
56 112 691
86 15 706
86 66 988
23 25 450
26 79 844
129 96 825
128 57 616
17 105 814
12 11 489
63 36 390
118 114 52
92 42 704
89 24 232
5 28 550
24 69 454
100 103 210
10 104 148
46 59 632
53 121 840
59 72 252
50 28 719
5 76 922
37 25 910
117 74 330
83 22 408
64 129 572
43 124 454
33 111 677
119 34 890
101 61 246
32 34 588
47 30 602
47 75 580
50 128 398
19 59 203
118 43 73
48 5 607
6 110 332
109 20 335
125 9 327
13 42 473
49 2 301
10 125 257
48 42 896
14 4 781
104 85 910
56 67 951
56 30 924
52 55 275
60 12 4
102 57 783
126 99 22
39 31 17
82 57 983
110 95 976
36 67 168
25 13 468
65 89 895
85 27 949
94 124 283
1 46 327
64 42 502
76 92 103
76 0 163
47 12 357
23 89 332
95 63 310
32 118 344
53 63 445
104 93 66
100 29 140
51 3 288
104 25 906
37 65 437
25 105 478
25 113 576
28 29 365
40 65 332
58 3 152
111 77 233
127 84 649
26 0 253
47 127 564
49 14 576
98 73 778
109 60 361
7 102 47
67 111 806
24 11 851
91 81 375
78 71 320
127 118 711
50 5 569
60 55 253
122 73 469
121 52 7
119 83 792
2 72 179
50 41 404
118 13 991
59 32 169
117 24 970
108 40 475
75 35 990
129 75 397
120 45 641
71 112 357
106 112 987
110 4 906
24 47 31
12 98 442
11 49 775
109 89 248
93 122 285
23 40 522
28 7 792
95 60 599
80 2 826
29 34 734
123 9 417
93 122 80
116 107 802
3 21 306
61 118 469
0 25 70
75 47 56
125 9 307
129 32 643
70 25 369
11 16 719
78 113 329
99 102 403
45 96 854
12 92 72
54 72 1
59 100 679
16 61 956
1 10 749
41 35 698
115 90 846
62 96 631
69 82 733
116 101 986
34 3 179
17 22 458
10 108 440
39 113 660
83 38 619
2 107 908
69 56 609
30 33 113
59 29 428
124 35 393
53 110 26
1 39 384
15 108 432
47 112 186
1 12 467
124 45 691
56 77 585
25 6 715
85 46 156
11 60 632
0 31 416
12 70 288
37 45 137
56 124 480
13 121 615
129 88 621
63 126 901
54 15 880
95 91 757
57 39 312
92 59 751
26 56 186
123 104 176
80 38 460
59 82 586
119 55 375
41 73 901
30 41 956
124 99 712
69 77 628
119 48 2
127 86 656
89 35 333
27 19 334
96 12 126
84 11 528
108 99 672
124 67 915
117 61 207
54 122 44
69 8 62
86 25 238
128 66 858
128 30 884
122 114 401
58 33 71
20 73 583
13 47 749
17 83 550
68 29 505
97 105 306
58 27 206
22 10 563
129 23 585
58 59 237
17 111 402
99 79 759
103 106 773
108 99 937
2 96 832
44 55 869
32 71 198
75 28 353
6 16 163
82 118 735
72 83 601
30 90 79
109 94 108
43 0 552
18 14 833
74 2 20
97 23 181
114 74 970
117 80 716
27 23 917
125 69 902
44 128 269
83 71 43
115 90 912
56 120 657
53 57 207
65 117 539
35 40 778
51 36 997
82 84 142
68 62 961
80 106 989
123 38 831
54 127 370
8 100 466
8 7 359
8 9 616
0 127 134
102 61 973
76 31 676
127 90 151
53 24 318
119 57 671
73 7 717
10 122 821
74 102 659
6 90 506
96 11 802
75 19 727
110 121 249
41 76 330
81 59 491
68 2 172
43 122 635
71 114 621
125 41 844
13 116 266
59 75 813
2 7 269
18 89 286
19 94 135
67 89 951
4 63 893
93 67 570
127 112 593
103 57 410
50 110 452
110 80 680
74 120 403
119 12 883
19 20 169
64 49 413
35 112 773
74 86 701
80 22 829
86 126 995
93 62 110
16 73 420
69 25 495
50 54 682
62 116 921
1 61 837
115 123 767
77 66 131
2 93 842
56 18 114
45 36 426
72 27 901
85 74 747
99 120 33
81 129 309
22 116 984
98 86 999
4 71 885
71 94 129
71 32 686
72 4 322
17 127 916
17 47 491
121 67 954
82 68 91
116 36 664
33 28 534
36 65 976
116 49 48
118 51 618
64 95 822
44 38 539
31 77 212
29 61 857
87 90 947
85 46 158
20 14 544
49 53 865
107 73 175
49 53 785
49 109 411
114 35 895
86 113 109
5 45 309
62 88 207
119 126 482
8 34 775
26 97 2
118 34 314
37 26 139
99 116 875
126 27 981
42 89 309
100 12 997
78 80 563
24 80 671
64 73 69
55 74 344
121 112 71
25 88 328
88 17 668
17 45 625
124 44 984
98 40 803
49 32 339
72 116 52
27 97 266
129 127 538
122 41 54
74 97 402
54 127 814
43 67 297
70 68 356
29 87 542
2 86 906
38 2 744
20 113 98
94 24 705
52 11 287
117 71 466
65 69 395
116 0 198
90 25 471
56 1 50
7 119 135
30 3 792
3 18 656
99 13 389
51 44 708
83 26 945
111 122 872
115 124 162
67 6 629
36 1 476
3 74 949
94 86 677
26 21 190
61 62 322
129 124 777
1 91 819
116 128 161
98 80 323
0 21 336
111 68 999
55 91 57
55 82 914
37 15 150
59 21 467
80 56 592
4 65 516
46 87 425
5 2 434
3 14 727
0 21 978
99 57 656
94 7 642
105 10 442
43 108 130
42 48 54
50 125 767
70 80 918
10 46 125
33 61 965
36 6 785
42 10 263
39 82 1
83 45 267
62 8 543
66 95 362
20 19 55
81 87 947
72 48 645
86 10 740
128 3 528
23 74 793
39 26 848
123 23 925
75 80 73
20 33 829
27 77 417
9 43 791
21 89 902
37 60 173
80 5 737
95 13 348
17 50 632
110 65 796
45 57 825
33 70 62
102 71 976
77 121 279
90 77 956
73 77 162
92 30 698
4 80 338
125 47 263
60 110 384
60 105 675
93 34 143
108 114 29
52 78 355
106 128 615
87 28 649
108 63 260
18 40 553
76 108 523
51 0 720
57 108 571
65 73 602
58 65 25
68 4 507
83 93 265
117 53 595
73 78 435
7 106 126
67 128 471
69 37 804
70 58 818
89 10 561
77 108 391
45 58 352
4 45 948
29 115 198
116 23 565
23 89 144
106 22 478
37 30 392
33 127 895
22 115 151
46 114 93
55 115 143
5 47 556
80 117 997
12 117 761
25 11 865
129 33 843
29 10 271
48 107 735
33 57 798
48 83 765
29 82 131
104 126 576
127 123 553
120 34 46
25 67 224
127 90 379
66 118 610
74 100 116
35 41 155
8 51 403
65 97 344
72 17 9
59 121 236
93 16 628
51 18 132
84 5 867
111 81 872
107 44 929
111 81 976
51 79 525
53 29 159
46 24 106
52 107 173
121 109 90
63 108 199
107 74 781
64 9 36
127 79 566
117 22 40
100 62 868
55 61 4
112 65 17
70 125 95
47 21 446
33 98 826
107 85 953
53 98 175
40 55 716
108 76 183
102 122 362
109 127 426
69 95 649
52 8 258
129 41 661
60 10 150
104 73 670
31 103 133
67 54 891
66 46 347
32 11 416
97 18 365
21 124 956
98 78 809
8 22 207
11 16 787
0 68 208
98 115 982
113 121 101
48 70 8
126 102 330
99 89 599
119 106 401
123 53 165
18 28 260
40 88 628
95 83 958
68 8 959
128 79 907
36 86 879
90 68 516
97 36 960
106 88 920
68 94 486
17 127 585
98 38 43
88 59 71
54 83 267
61 103 980
24 4 943
5 72 48
107 120 86
63 87 855
39 43 820
47 25 24
25 84 681
94 70 904
10 59 252
33 72 364
90 8 953
83 48 756
45 116 840
5 86 241
109 4 581
81 100 840
76 13 747
93 24 379
110 27 352
96 114 84
119 64 571
34 79 40
40 25 665
90 109 85
5 13 59
129 25 736
24 57 58
13 48 446
34 68 974
67 77 772
28 55 854
60 73 771
58 99 573
125 93 447
7 93 828
30 124 252
52 63 425
66 111 957
4 122 153
95 55 225
57 50 83
76 128 847
100 108 139
53 79 647
42 35 113
15 25 713
70 76 304
4 51 6
56 50 699
15 24 545
15 98 53
116 110 445
98 10 843
35 116 684
9 36 531
112 72 436
69 71 715
114 126 142
0 18 932
9 112 917
18 32 655
20 37 870
70 65 644
35 27 903
61 109 675
115 6 652
2 78 259
17 98 344
53 60 183
62 0 688
3 59 327
110 48 22
31 1 238
96 49 976
113 41 287
47 113 609
32 13 726
78 88 357
13 97 715
87 80 247
36 126 786
85 117 227
4 110 88
46 23 340
10 101 698
121 64 948
51 17 640
15 53 789
89 128 675
77 47 920
60 128 822
91 82 209
102 117 435
45 114 379
42 30 439
6 74 812
60 20 677
32 28 666
114 5 397
127 13 809
100 90 954
101 66 195
40 96 382
68 48 810
85 36 904
76 87 817
80 107 370
120 14 342
125 68 836
85 79 218
58 106 138
119 52 327
86 81 594
66 117 525
5 15 764
20 113 790
96 48 845
74 33 778
60 6 188
37 109 940
56 83 465
121 116 696
41 119 941
68 71 399
6 110 821
125 49 317
40 73 493
41 99 606
67 7 623
32 26 982
16 0 695
111 99 258
124 12 911
43 21 356
107 12 538
52 62 83
109 68 181
20 43 567
33 100 288
122 127 627
73 93 822
74 100 938
109 66 722
5 90 626
40 82 632
44 68 938
116 21 479
18 0 502
48 78 327
10 52 140
3 128 843
28 44 245
77 70 680
13 98 266
114 105 445
52 13 882
14 12 298
104 18 362
20 128 137
61 101 209
82 72 949
6 52 148
44 3 525
96 84 32
119 127 74
120 18 286
95 65 400
8 24 987
35 84 81
113 73 245
101 88 613
23 16 283
117 4 377
123 124 562
108 34 902
98 127 660
37 91 393
120 125 631
108 82 19
19 10 440
128 75 453
79 28 493
33 68 474
10 74 60
62 121 340
44 6 548
32 35 9
124 19 974
2 69 718
108 125 230
90 100 296
128 10 505
50 115 611
103 32 975
34 118 779
10 56 606
1 19 366
2 24 909
26 68 971
88 82 128
0 83 583
62 118 857
70 101 588
94 116 826
94 19 864
120 109 679
11 39 514
42 45 912
57 2 967
73 33 312
102 62 85
105 64 801
49 56 770
37 15 33
118 96 932
34 82 741
19 87 737
15 22 800
108 107 47
84 29 928
89 9 684
46 14 179
74 122 717
62 120 994
78 123 685
21 5 340
65 85 324
102 6 88
62 97 919
36 13 597
19 118 687
13 69 252
45 93 365
46 123 572
21 82 818
71 65 869
102 129 96
23 61 844
52 51 514
6 40 396
89 120 816
68 94 664
13 46 33
78 48 628
10 40 67
75 119 588
7 48 534
65 39 156
116 124 987
34 11 890
109 110 809
128 105 851
90 12 457
92 96 902
22 61 564
58 94 799
70 126 191
83 12 679
75 128 997
25 72 627
14 52 915
68 127 275
58 34 305
103 73 95
83 77 625
44 32 293
33 84 41
95 51 111
97 121 14
12 4 174
49 118 34
35 30 864
67 51 491
11 71 463
40 102 638
97 71 416
67 111 780
66 2 750
112 83 175
34 79 445
26 67 465
84 48 241
105 45 316
117 62 648
117 57 389
43 47 431
36 70 908
21 109 325
16 6 829
54 114 800
24 1 38
91 101 758
23 40 715
103 0 116
47 75 17
129 125 414
108 103 566
115 1 153
48 36 739
114 110 994
56 68 287
50 111 214
50 95 88
60 15 178
11 100 705
7 33 595
56 7 865
1 38 613
10 118 476
85 19 179
105 93 214
44 62 123
30 117 351
101 16 785
49 40 98
88 20 813
58 25 353
36 91 327
45 96 162
28 78 280
53 86 156
65 24 95
57 22 769
120 43 55
91 75 734
97 92 264
77 85 323
69 31 591
76 20 653
19 29 992
26 49 604
51 108 460
102 6 981
5 52 546
113 126 220
88 33 121
45 111 807
96 128 223
124 66 258
91 45 269
56 120 833
31 22 712
32 124 515
102 52 177
56 32 622
94 91 931
103 65 125
64 34 376
3 5 129
90 28 499
87 4 724
12 30 742
48 58 266
91 78 114
65 55 552
3 23 129
20 126 685
113 16 593
123 114 321
80 53 197
19 114 250
115 111 888
28 4 816
95 108 745
85 34 550
124 80 48
39 80 915
65 52 232
61 11 660
45 105 261
28 113 85
83 104 291
67 55 888
82 98 961
35 41 393
59 35 203
60 74 193
32 62 43
117 2 481
116 55 19
47 54 809
56 34 590
58 8 295
13 111 554
17 0 100
94 19 501
123 15 694
47 106 455
63 30 458
58 38 364
18 75 638
112 55 909
106 53 194
11 70 570
76 0 475
100 54 966
75 58 4
67 124 75
91 20 657
48 81 821
19 94 538
106 98 897
18 112 263
37 85 804
124 91 723
74 61 633
78 127 580
18 69 396
105 37 52
104 24 452
96 68 10
128 101 492
77 23 493
5 53 644
120 44 254
19 59 873
46 10 477
91 12 654
84 85 985
81 39 485
48 100 90
91 54 174
57 34 671
106 10 792
121 109 921
0 16 22
23 125 803
58 115 248
19 99 255
125 97 834
56 18 494
24 25 921
89 2 864
14 95 657
0 79 226
81 33 389
128 10 490
103 117 743
32 19 49
49 109 772
101 105 105
79 125 313
9 46 925
126 51 119
123 5 81
83 99 856
57 17 550
28 63 103
51 94 306
29 83 393
101 110 548
120 20 529
31 118 879
12 94 6
114 19 764
16 42 809
59 93 160
102 107 404
127 46 271
86 82 216
81 43 670
1 94 489
42 19 372
18 89 403
49 58 213
46 3 960
93 15 719
41 24 754
87 15 11
45 96 884
80 58 420
53 64 625
46 39 919
74 9 558
71 88 676
21 2 870
9 39 262
100 75 548
68 16 623
107 47 854
124 97 120
43 82 872
99 103 779
94 88 267
16 5 416
124 109 359
19 76 907
93 43 18
106 78 322
61 72 832
3 97 248
97 24 882
73 87 80
18 59 48
71 51 449
20 11 821
70 69 998
121 77 264
101 43 676
10 20 353
57 0 784
61 24 455
34 120 150
53 109 735
114 59 655
3 61 774
46 127 295
113 34 625
84 114 95
28 117 230
2 121 268
61 73 472
27 32 1000
58 82 447
37 61 801
25 118 755
93 73 79
33 52 43
111 64 442
78 20 179
26 123 960
55 3 736
27 25 773
83 76 179
5 39 219
77 43 283
97 2 479
13 107 244
53 28 200
29 86 607
5 96 873
73 16 214
31 43 848
24 106 142
9 63 518
97 7 730
113 120 665
92 79 839
120 79 539
109 39 284
52 78 198
82 21 294
64 6 562
58 85 758
61 114 865
61 104 812
28 0 36
83 112 673
38 112 200
105 76 393
91 114 539
93 85 934
76 22 542
18 76 830
12 126 684
85 81 629
33 89 610
90 47 92
98 73 181
114 22 585
114 49 937
11 53 752
63 28 542
39 87 735
33 59 300
47 73 836
118 115 659
105 49 51
83 13 885
122 27 472
16 45 622
51 6 563
37 98 40
127 122 980
93 29 85
21 125 137
128 57 901
70 59 222
126 44 86
41 97 939
118 109 978
12 121 308
34 105 190
128 33 73
76 100 399
40 34 911
62 71 202
126 46 700
58 95 825
30 9 35
119 21 692
8 66 941
50 128 312
38 51 110
15 107 574
49 119 849
86 62 933
46 118 947
104 24 20
54 25 950
129 46 892
10 5 610
41 52 891
28 102 930
95 83 592
98 29 816
25 21 567
1 35 290
79 71 900
122 105 86
54 110 674
78 33 66
20 121 694
127 4 400
93 61 145
36 87 869
29 40 942
28 2 898
14 39 224
44 74 402
72 14 557
104 69 650
81 69 21
38 122 793
64 26 578
90 43 366
95 101 281
19 54 274
15 74 6
106 127 801
12 89 818
93 95 177
88 81 671
41 44 30
57 82 150
129 58 751
30 106 226
66 82 440
54 50 42
77 37 768
127 24 875
30 17 37
90 75 112
65 107 589
109 87 471
92 60 207
17 55 870
65 120 269
54 98 145
98 10 862
31 109 387
13 51 157
89 35 81
125 129 179
17 42 716
55 18 753
127 13 345
29 33 940
32 82 356
13 126 294
38 24 434
59 48 192
38 33 9
49 53 822
92 101 164
70 16 528
26 77 163
4 120 367
18 40 514
77 75 248
52 79 551
128 91 210
8 108 208
41 91 55
24 54 939
60 78 802
31 22 499
56 83 586
108 97 392
127 25 741
40 127 95
59 21 652
94 15 138
28 103 578
79 103 820
1 3 128
20 58 208
59 44 291
111 108 69
124 42 322
63 23 856
19 118 839
41 74 624
129 77 260
73 49 289
64 75 509
3 26 59
32 74 653
94 68 954
75 42 260
49 9 255
125 111 437
15 66 590
125 49 871
85 88 124
110 29 363
24 60 857
101 26 541
36 75 505
117 95 952
24 73 243
114 17 535
121 35 582
103 89 101
9 119 495
25 86 539
43 67 16
112 102 768
1 13 360
62 121 749
124 61 600
53 99 285
123 1 344
120 75 36
22 87 497
57 10 855
111 14 453
8 19 170
113 25 236
74 26 487
96 125 153
94 69 820
123 8 337
43 28 100
83 42 477
105 56 555
86 12 242
12 93 564
77 89 326
58 38 46
92 64 203
110 21 991
119 115 556
17 114 934
87 81 736
125 109 69
99 37 766
84 86 688
90 124 649
42 22 965
50 86 321
14 16 668
33 120 201
21 25 492
64 60 404
115 0 281
19 122 405
79 62 574
27 44 502
52 40 365
90 41 666
102 5 731
116 75 110
89 10 172
86 41 455
24 101 96
99 13 92
28 10 259
104 60 761
129 72 531
66 73 86
114 56 320
62 83 757
115 128 986
16 109 62
42 9 161
65 72 184
38 129 673
22 73 214
61 123 791
45 120 354
123 116 654
93 99 590
46 59 951
129 22 953
7 129 116
53 84 341
112 9 444
94 15 377
72 16 688
84 58 828
82 64 683
2 118 400
115 113 259
122 39 33
19 18 315
92 39 568
1 55 708
47 54 871
81 105 544
127 113 677
49 124 273
95 68 379
103 20 884
19 18 686
129 74 683
59 106 602
76 32 505
69 109 704
94 25 707
29 122 998
55 43 647
69 82 797
77 12 77
20 59 152
12 60 365
49 29 652
2 49 591
18 63 777
84 22 463
74 110 481
79 5 566
50 89 881
27 101 548
94 77 301
43 54 990
84 80 537
38 73 665
28 71 440
69 109 876
60 112 100
81 48 959
32 14 386
105 57 826
100 36 809
37 95 597
112 86 689
44 11 598
4 68 556
72 28 234
122 124 244
122 111 631
27 101 106
91 16 538
71 127 174
118 32 981
85 28 964
14 48 380
129 49 373
82 124 748
66 77 75
95 56 93
76 53 74
70 110 349
124 104 195
106 93 491
69 106 787
101 127 561
59 26 971
34 51 449
88 43 572
92 13 875
112 18 809
69 17 875
15 96 540
64 93 761
118 91 259
79 129 751
124 101 851
118 37 599
111 80 48
115 69 784
82 81 296
19 103 384
36 15 822
91 40 206
77 102 88
125 86 682
64 33 181
8 109 934
50 41 490
38 48 458
77 48 716
31 15 82
32 125 362
58 84 561
54 28 364
21 111 567
51 1 49
69 123 497
44 128 135
92 31 384
19 34 20
24 122 30
52 28 320
42 113 631
19 126 442
112 60 139
101 51 920
35 80 92
95 8 419
34 63 765
48 84 104
67 77 448
111 129 802
122 104 244
36 114 666
85 122 988
54 45 399
105 77 404
101 128 292
106 37 1000
7 91 638
49 16 801
67 114 642
10 122 664
90 66 513
62 11 513
50 31 879
92 89 890
99 71 238
118 67 627
3 60 184
41 80 611
75 57 77
112 37 821
20 106 605
96 14 992
17 75 97
22 11 834
35 114 830
63 27 16
98 104 794
78 61 834
96 37 502
43 35 511
64 115 140
27 125 91
31 1 702
46 75 671
81 106 222
27 122 909
57 4 248
105 75 31
15 66 563
56 74 60
81 79 463
4 87 86
86 61 749
86 48 862
32 77 608
115 21 801
70 28 44
85 119 51
43 110 751
70 18 816
21 58 146
15 120 332
14 98 688
128 81 184
54 124 177
61 46 43
99 80 176
55 81 466
31 69 476
69 28 954
123 100 729
116 127 297
64 103 93
114 91 760
9 52 558
47 32 530
29 42 857
107 115 565
56 76 417
29 121 572
35 74 333
98 37 886
63 5 119
53 108 647
2 80 964
119 3 195
5 64 116
122 5 657
66 90 736
55 65 550
115 3 176
76 58 636
93 75 737
100 79 78
45 116 125
29 51 556
82 48 502
106 70 586
53 56 996
29 41 645
20 37 846
47 18 784
57 40 316
85 23 322
73 71 386
25 109 428
24 97 687
17 42 865
7 97 186
20 93 358
74 63 113
18 105 883
74 15 266
121 55 660
55 14 38
29 42 183
25 19 736
89 101 966
24 88 222
34 7 774
102 27 484
8 50 767
93 34 791
120 76 82
91 107 420
54 80 921
36 75 848
56 102 72
36 77 930
91 97 873
12 55 997
7 21 837
79 73 444
124 126 546
79 44 340
33 13 958
91 123 94
58 125 509
84 98 164
13 14 752
84 50 606
72 15 805
24 10 29
15 27 447
16 115 205
35 34 705
16 105 688
86 14 866
44 15 399
104 22 194
117 17 387
55 70 276
60 88 927
14 47 459
122 45 601
38 99 414
19 106 344
77 32 832
27 84 84
18 62 880
17 1 787
107 24 167
43 56 408
115 58 759
75 10 897
70 100 595
87 126 461
20 46 242
33 15 206
70 112 80
38 112 114
100 81 150
122 49 382
67 34 10
23 25 311
87 106 640
32 36 191
43 2 845
97 64 999
60 120 145
84 64 574
124 117 750
69 32 254
70 87 723
122 87 341
10 31 397
26 43 796
20 25 980
32 5 682
87 38 315
70 122 181
18 117 38
31 42 8
122 47 111
32 56 808
2 25 550
97 92 570
28 19 493
115 104 675
128 15 55
64 38 487
19 4 276
106 97 535
11 7 826
42 89 504
48 77 467
100 102 207
59 64 861
70 124 333
64 87 473
44 48 596
116 66 901
47 4 822
8 111 231
1 78 60
63 37 338
55 29 342
32 78 123
48 51 601
80 86 37
93 89 426
85 21 275
5 90 29
32 34 40
55 13 704
30 69 347
7 69 18
5 11 147
1 40 355
72 46 572
21 92 895
53 65 551
96 110 659
62 39 754
42 120 422
106 55 689
5 124 930
7 100 249
18 55 682
112 66 20
107 109 818
75 52 92
124 34 238
72 17 483
86 8 331
44 87 256
25 127 124
93 55 437
83 109 305
111 31 860
10 45 277
53 87 249
57 77 471
100 101 488
45 94 117
53 28 763
22 14 219
7 35 645
124 115 591
78 59 179
93 37 10
106 78 899
99 121 684
12 51 313
34 14 63
2 41 937
121 94 281
122 15 948
71 57 603
36 56 287
49 124 991
73 14 18
26 80 181
124 60 307
51 0 862
54 88 592
36 4 79
66 34 553
5 89 325
33 56 811
63 109 997
39 49 420
12 60 361
14 32 524
39 107 786
8 34 786
32 35 537
10 111 747
84 48 184
55 116 508
97 107 796
129 60 906
115 92 677
29 22 203
74 60 39
52 15 889
51 89 37
6 113 238
35 107 117
55 51 281
20 10 744
101 82 769
27 24 204
38 80 898
119 66 881
126 88 808
25 108 601
107 99 574
72 88 335
119 25 18
21 60 641
51 0 24
82 20 156
112 104 914
56 19 372
127 104 7
76 124 344
39 30 798
48 101 199
126 12 652
7 87 881
36 105 963
5 15 733
69 5 963
114 126 625
97 91 600
44 41 499
30 44 350
103 27 148
54 29 463
17 80 878
48 98 420
70 77 821
95 77 396
125 8 729
51 73 832
51 77 925
45 53 236
60 103 20
101 104 61
116 62 637
121 64 97
17 83 878
97 72 686
50 114 728
19 76 846
2 110 250
89 124 293
71 53 69
57 6 607
9 94 998
21 71 230
71 75 244
23 64 725
83 12 363
127 100 634
88 97 155
111 75 416
19 90 790
129 83 562
50 81 732
102 47 849
31 10 412
120 75 526
7 51 529
12 63 253
79 4 431
15 60 632
89 19 864
6 92 727
97 94 166
58 8 617
1 73 504
112 104 193
87 94 281
62 71 374
9 102 430
49 26 422
79 20 602
90 86 79
84 47 377
46 97 591
111 27 24
8 99 966
96 9 288
77 42 680
66 30 950
115 12 79
2 56 212
22 85 414
102 18 928
125 103 770
74 110 890
116 126 295
33 47 102
88 55 521
85 111 265
100 47 886
126 53 786
97 26 511
40 61 233
91 96 795
39 51 188
114 58 14
125 94 700
69 80 955
23 19 277
82 116 788
110 62 990
122 119 513
2 40 529
10 59 747
11 49 304
64 6 936
76 27 318
92 11 378
90 127 417
47 84 547
48 60 665
2 1 748
114 6 229
114 32 428
113 96 369
81 118 84
100 110 352
6 37 630
129 81 724
124 53 675
24 101 562
98 20 471
94 58 222
111 88 744
34 45 838
100 20 205
21 105 809
22 79 162
92 82 685
114 98 108
97 34 886
85 93 419
94 40 356
51 54 777
42 93 561
77 108 875
55 81 863
84 88 431
80 87 876
115 128 903
60 75 141
15 62 972
12 72 986
33 91 709
114 77 281
64 21 14
30 47 925
17 98 191
33 32 498
93 59 192
107 63 362
94 128 433
104 129 82
24 92 859
37 63 208
7 110 255
25 18 562
67 103 331
117 45 857
61 78 943
29 118 639
5 126 327
75 34 791
15 76 159
51 8 454
118 104 844
116 20 128
18 114 884
108 46 362
43 9 167
16 34 381
97 91 408
23 54 669
30 29 254
64 89 509
44 25 598
101 91 892
68 72 666
42 32 927
3 57 844
38 20 293
66 27 826
68 92 541
16 126 173
57 86 196
91 51 663
92 4 140
95 57 345
56 96 618
16 19 528
25 5 408
40 14 450
100 51 630
127 9 834
24 119 382
92 93 957
90 93 733
22 115 245
58 73 633
46 52 50
77 85 389
28 118 950
41 8 774
54 90 147
25 71 109
39 110 232
17 69 517
128 52 341
51 93 616
129 73 393
123 29 8
11 30 328
60 53 811
35 100 338
55 99 145
79 87 399
123 36 999
98 44 352
94 29 897
38 88 44
58 81 573
40 39 501
89 26 886
125 83 961
66 73 673
50 72 179
87 42 58
66 5 475
120 105 458
27 22 716
70 82 433
69 121 512
105 81 249
50 75 357
112 73 510
42 2 698
40 14 499
106 64 226
97 128 27
105 3 452
79 69 595
74 72 44
65 27 267
80 117 73
77 62 216
67 26 973
44 64 299
69 48 30
68 10 373
127 37 476
122 14 664
115 17 166
2 61 319
70 122 801
22 23 446
44 24 799
28 107 956
51 73 279
111 44 848
126 87 625
124 8 528
97 53 170
12 97 35
1 59 143
26 67 308
98 28 162
40 11 339
97 114 981
10 37 272
99 79 47
21 38 873
33 30 46
89 90 231
73 34 25
14 93 841
84 29 597
94 52 777
96 118 537
95 12 362
122 51 285
124 8 970
88 79 408
38 85 791
12 47 887
57 10 937
42 116 794
75 53 992
87 65 802
58 70 248
88 30 869
101 94 519
17 40 92
26 79 398
25 47 395
87 51 354
46 60 903
92 91 635
44 104 25
54 18 72
78 22 536
48 73 625
52 120 491
75 85 689
28 19 167
122 58 262
100 0 364
125 61 829
68 96 230
39 126 670
19 20 106
112 14 531
49 18 631
31 66 748
47 44 774
110 5 80
85 17 966
118 33 195
44 42 711
109 55 131
106 1 525
88 56 941
73 33 22
5 105 322
43 58 222
129 47 967
93 114 573
8 7 340
119 47 90
60 65 47
7 1 418
122 116 212
31 111 608
98 40 108
58 102 48
28 53 533
94 79 553
62 123 561
118 30 637
54 118 439
103 44 464
56 121 781
58 1 766
124 60 390
84 125 470
83 0 658
40 108 351
75 4 714
20 86 475
27 21 704
106 101 359
70 49 640
70 71 977
46 0 773
7 13 369
20 6 227
120 62 426
107 30 243
36 65 694
17 124 479
91 103 665
51 50 718
122 96 886
51 32 627
62 47 118
123 20 785
15 51 750
113 15 218
40 110 698
23 118 716
107 44 996
104 54 717
53 18 218
48 57 596
47 6 870
42 44 503
113 38 768
41 71 928
80 45 49
114 33 374
56 77 165
6 57 59
44 31 582
41 28 666
59 105 954
40 14 67
33 50 88
102 35 133
50 5 597
27 15 333
32 127 568
114 17 911
49 53 385
94 120 402
114 123 258
116 18 11
16 5 541
72 53 403
63 52 417
121 2 962
16 128 406
18 48 812
16 123 574
115 29 67
54 119 857
107 0 776
27 55 55
118 89 732
23 66 592
86 65 953
25 85 498
110 0 945
108 27 325
52 79 770
92 63 353
26 46 351
35 67 780
3 37 740
90 23 287
99 7 349
28 106 371
93 56 681
105 39 170
119 38 423
8 90 444
105 114 776
6 68 978
19 88 719
57 110 178
17 0 550
74 12 582
11 111 426
80 11 258
61 110 253
53 56 702
108 38 155
7 93 1000
36 114 572
8 115 811
112 92 175
116 110 266
118 21 962
72 7 68
111 75 390
21 38 242
16 81 408
30 20 402
128 4 234
28 97 479
92 4 555
40 29 399
34 121 979
60 0 165
73 16 64
74 8 11
102 89 297
41 74 113
87 7 252
68 92 43
126 67 363
42 66 927
50 9 676
17 45 108
60 89 446
70 13 100
23 105 21
49 83 28
79 129 84
21 119 745
111 85 117
103 129 559
23 105 847
106 43 463
38 36 431
103 41 130
22 78 722
10 24 174
40 47 501
115 38 839
93 95 245
36 35 531
45 10 58
93 14 630
33 35 511
44 84 349
44 41 903
33 52 573
54 30 383
44 0 291
43 16 202
97 28 476
77 128 84
53 78 484
83 78 654
110 86 159
81 61 627
38 52 363
61 125 725
128 79 201
67 44 175
76 99 142
74 111 890
110 41 297
114 8 467
125 73 419
124 21 291
61 44 876
52 112 891
82 112 7
72 103 315
85 53 767
70 33 362
19 114 763
123 25 509
111 92 863
100 17 933
84 103 676
102 55 53
4 28 823
25 85 277
89 45 655
80 105 328
103 129 206
64 38 289
56 127 647
37 67 171
75 14 938
29 45 458
27 107 164
43 32 840
10 94 765
98 85 466
2 4 560
28 33 500
81 48 970
28 24 564
124 47 671
28 123 926
107 2 628
116 7 192
59 121 372
20 57 810
13 30 652
93 76 662
90 13 220
16 99 515
30 125 237
70 120 47
59 121 128
110 18 646
6 14 390
109 121 173
58 61 923
83 109 458
67 98 235
93 110 983
125 67 13
69 113 246
100 42 689
57 18 207
22 48 499
44 125 203
23 91 132
95 98 151
16 113 732
80 123 279
84 126 566
125 93 695
15 113 378
21 81 755
70 95 518
60 23 18
54 123 602
106 128 764
14 63 675
124 4 694
127 120 865
32 29 37
102 107 812
67 37 291
24 113 788
60 55 110
82 89 398
54 40 452
84 124 11
89 15 941
125 20 265
39 36 25
116 3 810
22 119 146
6 97 983
80 86 958
52 55 540
88 111 777
17 48 42
50 36 589
11 85 894
93 124 975
72 27 585
125 57 597
5 63 325
109 112 471
48 32 935
39 96 279
105 29 477
50 88 358
44 49 136
114 18 702
116 81 982
69 114 570
83 41 328
111 47 285
113 30 643
88 8 273
90 55 362
55 86 461
82 120 33
70 65 101
77 73 99
20 123 356
31 11 898
118 55 701
120 121 633
112 5 183
16 67 796
46 29 421
71 124 678
5 16 87
96 73 989
96 48 733
23 103 550
60 52 886
5 115 993
111 84 244
57 102 526
22 113 484
90 74 578
129 99 349
119 69 771
48 27 101
24 101 616
51 29 502
90 13 227
119 52 764
15 122 876
1 114 750
83 106 826
11 55 928
28 21 906
59 46 884
37 104 228
12 13 721
27 30 926
43 35 129
21 90 267
9 67 95
56 66 415
31 74 835
15 13 411
78 47 112
29 105 530
27 34 318
58 119 160
16 70 603
25 32 742
50 69 352
70 73 297
44 124 662
99 75 189
53 2 912
33 59 93
84 66 784
21 113 787
79 70 891
80 74 475
35 2 108
13 57 112
119 31 716
104 44 318
121 96 524
15 110 479
76 93 734
17 84 639
102 116 678
120 2 626
89 60 48
118 1 133
92 105 957
18 71 917
65 119 558
52 78 528
90 104 494
94 105 95
76 33 431
93 111 587
13 129 365
5 91 880
123 50 183
36 50 630
6 92 220
122 30 572
26 102 778
87 107 523
0 128 240
50 85 766
14 91 323
47 125 992
22 85 432
45 33 897
34 46 351
120 98 179
121 120 179
45 103 768
5 118 946
67 43 739
66 12 493
23 48 774
8 2 909
96 66 562
102 18 717
63 114 489
59 44 153
15 50 728
71 81 93
91 44 424
125 41 363
51 107 801
81 39 299
23 76 578
108 97 748
127 126 316
62 14 307
65 104 862
72 89 382
84 41 695
125 107 940
26 103 814
25 74 415
46 87 2
9 76 501
2 78 305
9 101 575
60 118 366
79 70 876
94 32 798
28 69 744
113 1 309
109 19 260
122 86 172
75 22 90
110 77 574
94 3 397
108 54 128
45 5 513
97 23 239
2 51 14
65 80 186
50 77 327
77 101 550
74 38 37
119 87 140
87 97 844
38 108 53
64 115 62
108 94 311
51 25 156
11 70 736
115 37 737
68 124 4
87 36 584
122 24 637
109 41 14
91 45 733
107 21 93
125 99 401
56 85 451
31 73 582
48 70 33
48 127 738
129 127 438
18 108 60
98 6 981
82 19 925
117 5 502
16 68 584
88 8 12
2 36 693
91 38 459
42 8 39
49 52 763
11 116 989
98 67 141
25 82 441
40 82 809
7 83 932
122 73 721
101 39 444
97 63 390
57 114 428
66 1 600
13 100 77
87 108 665
93 14 230
84 14 226
68 81 691
4 92 97
113 22 244
93 44 575
81 4 816
61 106 654
79 30 491
15 30 630
90 85 461
87 15 913
76 94 348
100 116 925
62 47 792
57 77 982
19 3 927
81 105 936
16 76 253
66 124 491
84 112 364
6 84 239
13 11 838
87 3 273
43 125 686
39 94 600
14 70 960
2 30 702
78 18 631
59 9 934
41 95 667
15 22 103
43 77 649
116 47 798
27 12 396
126 107 835
52 17 511
54 60 784
119 98 521
99 112 413
10 92 412
62 5 923
70 122 489
89 9 341
33 48 354
107 101 832
62 50 664
92 14 829
94 85 251
88 68 156
5 99 373
85 90 405
120 64 80
102 113 581
24 18 256
37 125 71
108 18 863
41 53 109
35 52 297
1 61 128
69 50 621
20 27 599
29 115 827
68 100 940
79 110 724
12 94 541
125 91 783
97 22 693
94 66 391
1 32 146
62 31 357
9 25 624
71 14 945
118 106 666
128 53 980
129 4 108
73 45 748
118 11 315
125 74 154
72 110 904
35 88 446
88 30 559
75 9 327
91 107 7
129 24 990
41 127 737
81 36 83
0 6 683
20 108 772
46 53 937
106 53 480
40 66 28
43 31 807
60 41 724
32 14 346
109 128 507
105 23 985
68 2 339
71 41 345
74 26 943
94 53 502
15 24 888
39 118 129
118 39 595
19 60 170
87 108 600
113 123 865
128 82 395
77 39 384
109 6 33
52 61 887
125 96 378
74 40 8
68 37 969
16 15 29
55 106 585
80 119 248
121 71 350
72 80 108
113 3 997
3 23 100
74 8 785
42 38 878
118 103 717
15 94 433
57 112 977
7 89 481
73 32 919
78 13 267
15 31 598
7 50 583
124 35 38
43 20 15
104 34 173
17 22 538
67 34 947
32 9 907
115 61 497
129 39 276
87 21 965
98 116 354
78 47 973
118 48 780
5 79 262
0 23 901
47 83 92
71 50 309
37 91 268
58 23 572
12 0 650
100 18 192
78 22 793
91 15 82
94 55 466
129 25 201
10 20 912
108 79 622
0 34 419
101 119 718
98 75 380
40 31 990
16 106 193
4 58 411
125 13 358
128 39 456
122 73 685
104 82 819
22 86 555
120 68 817
125 88 729
72 30 657
77 25 847
89 21 270
24 88 803
72 102 741
54 121 114
89 94 17
67 103 117
121 82 169
112 39 55
53 48 540
98 93 163
85 1 125
112 70 896
45 39 601
69 114 791
55 106 570
83 95 588
10 55 180
40 120 147
14 58 119
7 19 189
3 40 810
19 90 194
41 78 470
58 125 233
96 66 637
55 100 146
86 58 38
22 89 73
10 47 759
59 111 524
101 103 743
115 120 262
123 11 749
90 51 33
114 42 583
24 55 691
82 58 421
102 91 289
120 121 904
75 47 534
52 80 517
113 59 622
46 64 871
33 55 368
73 15 449
99 69 173
128 103 611
0 11 195
91 98 505
70 79 965
31 16 295
65 80 139
12 74 134
35 55 81
104 44 613
66 74 308
102 7 631
115 21 640
88 93 929
99 5 995
78 24 132
63 33 548
1 19 158
114 32 945
27 62 870
7 117 792
65 45 768
25 71 361
121 23 977
102 35 435
19 102 637
111 13 850
23 76 520
65 28 442
87 79 786
49 105 447
118 80 675
42 79 370
64 34 415
26 97 972
4 81 463
103 86 427
21 96 87
115 105 811
88 105 202
5 41 985
92 74 736
29 68 604
115 30 561
91 77 989
65 120 994
29 89 402
59 98 280
103 105 185
105 42 326
126 31 74
100 62 158
19 98 425
9 88 29
21 125 478
96 35 339
9 30 221
40 96 811
5 55 903
52 14 256
0 79 363
1 87 648
38 0 25
29 83 25
49 15 898
109 0 363
71 43 72
44 89 544
99 27 42
32 83 794
23 40 440
93 37 153
23 93 840
77 17 24
10 106 298
50 20 438
85 97 85
55 65 996
10 102 706
122 70 815
98 75 647
50 103 644
7 74 77
0 89 904
70 59 608
19 29 148
70 61 263
63 85 359
100 71 291
67 12 398
110 38 266
15 60 57
94 99 78
9 5 782
60 39 426
59 112 671
30 119 449
31 115 185
126 38 214
13 88 370
94 95 133
69 110 683
108 31 944
3 111 217
123 59 184
79 102 939
93 127 285
97 120 322
60 120 541
55 90 805
115 50 432
79 45 557
118 29 233
99 122 275
2 34 919
114 43 897
66 9 945
121 45 607
74 69 193
122 110 633
97 31 904
98 54 977
125 20 7
74 20 391
63 100 62
97 92 256
15 36 7
117 62 371
38 105 874
15 100 664
108 14 431
75 94 920
14 115 16
73 127 207
77 25 286
11 18 427
100 9 286
26 117 773
51 98 454
124 79 154
0 117 464
123 110 855
17 15 782
26 51 565
37 39 117
110 3 383
116 40 836
4 54 259
7 72 753
34 39 276
107 20 750
86 90 724
42 88 154
23 110 416
18 70 961
120 115 694
105 91 127
94 87 746
13 83 482
71 105 39
127 109 786
32 77 417
107 123 570
18 88 46
53 122 631
66 70 875
28 0 166
123 18 550
52 125 414
118 94 641
115 43 28
44 36 888
10 127 339
117 53 832
32 23 969
61 106 156
56 27 533
83 109 381
122 66 999
24 34 12
1 19 555
99 98 789
32 24 124
32 29 437
34 52 787
51 94 463
54 101 4
26 20 579
96 100 237
95 123 280
59 58 552
48 46 159
58 121 597
108 29 210
78 81 136
94 39 272
121 1 327
125 32 801
29 44 556
103 90 20
11 117 283
112 87 163
55 67 617
74 87 802
66 11 200
36 35 442
44 64 926
63 98 429
6 88 926
127 124 72
2 37 172
69 126 175
106 69 523
44 12 687
34 44 837
124 0 215
55 40 224
11 125 75
6 79 574
10 17 200
61 9 877
52 76 590
82 116 254
77 122 33
35 104 711
115 56 719
37 21 776
128 41 283
104 1 859
33 69 510
91 20 684
70 35 90
14 78 658
77 37 392
17 83 441
14 90 986
108 14 621
119 101 874
0 13 887
8 106 597
30 96 907
48 119 405
110 112 184
75 32 72
22 21 814
106 93 958
57 86 679
37 96 463
104 55 293
98 113 8
100 129 536
125 52 299
65 66 498
108 13 159
53 47 494
119 19 263
109 34 100
45 73 275
104 56 812
85 64 345
108 56 135
23 3 878
28 128 90
5 71 123
74 35 440
26 114 687
17 2 252
94 59 627
24 44 361
6 33 769
99 6 902
122 117 228
39 55 669
99 82 830
43 54 626
32 82 636
66 94 383
128 51 938
104 109 497
49 40 60
89 116 75
85 63 863
92 79 312
0 74 173
31 51 105
0 114 56
27 123 804
120 52 419
81 20 743
52 61 90
73 63 112
71 19 126
85 72 738
55 126 469
0 103 101
66 126 616
124 11 9
77 67 648
2 83 893
91 12 848
38 102 925
3 31 459
92 94 918
1 77 564
47 84 897
78 117 599
15 25 279
101 109 796
45 109 858
54 108 424
67 17 665
39 90 611
101 10 715
49 101 236
28 65 749
13 125 640
37 95 465
102 73 356
91 89 756
63 114 778
85 106 918
107 102 695
48 26 360
122 121 642
33 57 788
29 4 599
129 93 830
21 118 227
109 14 103
120 23 356
11 92 572
121 109 196
91 102 655
99 43 164
92 98 902
73 7 757
66 26 25
82 112 797
53 7 601
39 36 335
114 24 418
38 16 970
15 63 537
29 87 741
98 68 776
70 112 49
44 80 828
18 62 33
98 118 740
117 27 822
83 105 827
42 53 617
83 103 999
58 86 256
64 66 89
85 126 680
108 2 328
106 40 882
11 86 355
105 49 640
56 58 120
128 117 765
106 67 956
103 8 508
109 36 475
67 13 690
27 58 43
47 93 676
39 65 603
125 11 868
109 123 242
70 86 33
18 24 714
85 2 842
32 52 588
