10 6 741
5 27 373
26 8 247
19 5 276
11 29 74
11 15 223
30 20 451
7 10 75
12 2 472
23 19 204
28 30 918
19 25 14
11 15 657
31 30 841
13 29 211
9 24 460
25 28 199
25 22 415
32 18 833
30 31 631
25 14 216
16 0 916
16 17 473
9 13 244
8 18 216
14 30 167
19 4 470
6 32 463
8 18 686
11 28 382
26 28 46
26 15 2
0 23 350
8 25 565
16 27 995
26 4 890
22 32 847
18 32 249
27 8 502
21 6 946
16 27 274
3 21 408
17 0 109
3 31 926
1 13 79
15 27 740
7 18 368
11 19 653
16 22 632
1 32 727
29 16 688
3 1 60
2 27 240
7 21 936
29 13 883
27 19 982
27 31 443
5 29 57
19 25 11
27 25 55
29 14 188
30 16 187
18 5 149
28 15 105
16 1 400
8 12 46
15 10 254
15 6 110
5 2 801
18 3 43
24 30 360
13 31 886
11 9 551
11 27 878
12 18 278
31 4 43
3 1 524
9 31 425
8 19 4
17 19 959
31 13 224
12 30 239
9 1 581
12 20 122
10 6 284
3 21 479
19 10 726
23 9 90
27 22 404
25 8 115
23 9 289
1 28 264
31 10 202
6 21 994
20 5 291
12 2 429
26 27 32
6 18 965
2 11 392
3 27 687
8 7 997
2 9 666
1 9 866
1 32 466
7 10 856
27 7 100
27 12 233
26 5 831
19 10 378
3 13 371
2 25 140
5 9 517
25 27 734
25 28 557
22 13 537
7 20 888
30 27 354
18 21 900
24 30 650
25 1 933
22 29 394
11 26 947
26 27 53
24 2 511
9 25 672
6 30 292
0 12 108
12 10 609
30 15 937
27 15 743
10 30 71
22 27 866
15 1 291
4 7 677
14 10 377
18 4 102
29 10 606
5 14 128
9 27 122
23 2 561
13 2 659
0 22 172
15 18 751
10 29 193
6 13 874
14 9 194
1 18 85
18 11 93
28 1 405
5 13 519
7 13 360
17 9 50
4 21 697
28 20 133
22 16 486
18 13 8
0 18 780
5 2 421
29 5 381
27 6 220
20 26 152
0 29 543
18 15 790
25 14 934
26 6 413
0 24 60
24 31 496
24 7 326
24 32 308
15 11 221
32 27 281
15 4 704
27 20 198
6 5 3
10 9 39
9 22 617
7 4 924
2 29 183
5 13 391
6 16 877
4 17 668
5 7 82
30 6 286
28 31 930
3 1 91
19 13 907
20 11 875
7 18 274
31 2 837
31 6 744
18 20 692
30 13 362
18 7 229
10 22 624
10 18 9
13 28 214
24 22 653
27 9 9
9 27 869
10 8 79
16 2 336
18 14 390
9 31 412
19 0 897
3 18 463
7 17 889
7 17 47
16 32 217
5 9 532
19 18 902
17 23 552
3 10 52
21 23 963
11 28 694
26 21 178
12 24 630
14 3 556
5 25 811
20 23 806
29 12 163
11 1 446
24 4 20
27 13 688
2 9 7
16 9 389
4 22 133
19 24 355
4 24 526
6 14 34
26 32 241
20 15 74
20 24 627
1 12 841
6 23 3
13 20 611
13 32 526
1 10 673
20 8 30
24 32 395
28 3 833
0 3 740
11 22 803
27 4 680
14 31 286
23 19 887
15 14 119
31 20 354
16 27 480
11 3 179
18 26 23
11 0 908
0 17 716
16 3 73
23 12 34
23 24 895
13 31 578
1 11 739
1 12 929
21 22 582
32 12 301
12 16 886
11 6 805
32 25 60
25 4 35
9 31 398
8 26 909
19 22 274
19 3 442
16 0 458
19 0 882
31 14 365
0 2 403
19 7 786
21 14 337
5 11 544
2 22 347
