13 2 315
4 18 378
18 4 893
14 10 851
19 6 718
12 20 747
11 2 919
22 24 591
18 7 960
5 15 120
4 17 633
13 7 734
24 12 232
21 24 540
15 23 458
14 1 395
7 17 592
9 24 884
16 24 891
10 13 631
2 0 947
2 25 199
2 4 867
7 25 175
9 23 698
21 4 714
14 10 761
13 23 363
5 2 466
16 20 488
1 8 110
11 14 938
7 1 252
16 10 621
12 24 875
25 0 778
6 13 181
3 16 735
19 25 783
9 20 838
8 2 39
20 7 461
20 3 907
23 0 73
25 12 505
20 12 281
1 8 658
0 1 736
5 8 961
22 16 248
14 6 637
24 5 96
11 24 835
21 9 638
0 16 305
6 0 436
13 18 806
24 25 504
10 23 668
10 0 681
19 8 51
20 6 845
12 4 787
15 17 348
3 14 267
19 8 581
7 18 865
20 18 496
10 24 926
7 4 117
25 24 173
24 0 494
5 20 593
2 16 840
17 15 223
20 8 841
23 20 586
18 21 673
15 16 275
21 5 594
18 13 626
14 9 173
25 3 480
18 15 14
14 21 565
17 7 159
11 6 667
17 10 898
1 20 559
18 24 646
4 17 953
7 14 863
18 11 97
2 10 205
5 16 134
11 14 863
5 0 93
5 14 104
2 8 289
22 3 678
23 10 226
20 18 955
18 23 466
12 7 188
12 6 606
13 24 182
17 16 673
11 3 383
24 4 358
24 4 276
9 13 628
18 1 273
9 1 491
11 16 684
16 25 292
15 6 780
13 11 531
5 4 183
15 14 435
21 6 968
11 19 161
25 4 723
13 6 10
12 17 276
11 8 338
8 17 762
25 9 169
24 2 580
12 23 516
1 5 174
19 7 122
10 3 631
6 21 325
21 23 456
15 14 254
10 17 398
16 24 361
0 22 804
2 19 166
22 11 27
8 19 142
5 23 61
21 20 338
17 12 906
15 18 256
8 11 809
14 13 176
17 10 206
19 14 6
19 11 303
8 1 770
7 13 247
14 8 840
1 4 359
12 18 704
0 22 873
23 6 347
8 1 288
2 23 736
5 17 38
8 15 489
15 14 851
12 14 894
3 4 667
24 13 267
14 5 284
15 2 291
9 13 207
20 1 441
2 18 550
21 12 123
1 22 243
13 2 145
