17 0 781
3 37 871
34 21 960
13 7 814
7 37 745
14 7 864
4 35 684
14 37 967
20 15 118
27 21 678
5 20 71
17 37 832
20 19 841
18 19 89
32 36 508
36 14 497
5 37 758
25 30 549
15 33 925
1 15 47
21 6 614
25 6 292
11 33 374
16 6 327
23 30 796
1 29 130
12 16 967
19 5 103
11 24 795
34 28 532
15 10 364
29 31 514
35 5 226
8 27 535
9 10 88
3 16 426
6 3 126
6 26 456
22 1 61
36 30 303
13 12 442
11 30 34
22 16 203
24 28 60
11 13 307
27 14 921
4 1 230
25 18 389
11 25 211
31 9 44
4 33 492
35 11 356
19 23 316
0 4 482
12 21 77
3 6 19
36 25 562
0 9 142
17 7 279
18 4 780
2 19 437
6 26 942
35 30 556
24 25 196
2 17 922
34 32 997
7 34 897
8 25 205
26 23 190
33 10 809
28 0 45
34 31 410
3 22 951
4 20 887
28 1 923
27 1 149
6 26 974
0 3 571
10 7 61
11 15 628
30 34 12
10 13 797
0 18 182
30 34 897
8 33 192
31 17 469
14 29 515
15 9 137
19 24 203
18 31 871
30 8 935
37 5 268
29 37 793
16 20 867
30 20 16
9 1 579
24 16 124
1 12 892
9 26 426
19 25 407
17 6 982
16 31 481
17 12 520
5 20 325
33 29 611
14 26 568
33 12 969
4 32 799
25 10 633
21 30 959
6 35 998
12 36 894
14 2 477
29 25 525
6 20 894
2 19 964
35 16 427
7 37 829
13 4 314
10 19 389
18 8 98
37 34 35
36 6 267
6 34 340
21 28 666
23 19 888
2 6 101
28 35 363
7 11 771
31 18 552
6 19 32
28 17 684
22 18 227
13 36 620
17 2 234
5 10 117
23 7 692
37 2 746
19 32 635
23 1 592
31 2 999
16 30 512
37 25 518
22 37 384
32 24 233
2 8 808
0 1 311
17 18 735
29 33 169
4 21 958
24 8 391
7 25 803
9 24 691
21 11 454
28 19 625
20 15 865
14 2 85
22 29 33
32 14 943
22 17 217
32 16 435
18 17 718
33 28 589
18 14 609
30 37 209
27 36 807
5 13 242
18 2 277
18 15 154
3 13 154
20 5 968
23 24 369
18 23 796
19 8 602
3 37 504
33 12 39
33 9 262
2 0 484
18 16 826
1 0 805
35 17 202
1 13 257
36 1 507
27 26 997
1 24 621
35 0 465
28 35 797
18 21 71
12 20 405
28 8 32
15 24 281
22 8 356
31 36 716
2 6 277
7 31 949
13 23 402
14 8 323
29 31 954
4 2 605
19 0 641
14 34 183
7 22 356
12 18 849
11 29 257
2 19 73
33 14 532
29 17 375
33 6 744
32 10 457
32 10 67
31 16 114
14 12 531
8 6 894
33 16 25
25 20 334
1 27 506
19 22 533
20 17 6
31 6 247
37 13 878
19 15 877
37 21 761
23 14 446
33 36 760
24 7 356
30 4 501
2 1 736
33 37 511
9 6 370
20 13 180
7 28 434
16 15 996
19 28 199
25 24 115
30 27 749
0 12 256
12 17 50
30 17 405
10 0 914
9 21 827
35 1 640
5 17 147
9 20 274
18 33 745
10 15 85
20 33 840
6 22 125
25 36 574
31 37 84
11 28 170
0 19 132
31 17 961
18 10 358
7 11 684
2 35 190
35 28 564
31 7 82
31 6 512
11 19 544
4 37 998
18 28 955
32 37 318
9 6 817
6 11 439
7 20 203
16 13 54
27 17 248
31 26 94
26 21 336
6 9 428
12 21 650
33 24 513
0 35 535
5 17 873
25 27 918
9 11 699
31 0 217
2 13 319
32 30 686
31 6 837
7 19 341
6 33 320
4 2 835
34 3 313
7 9 170
20 11 752
10 18 160
11 31 711
11 27 505
34 25 872
25 15 584
11 32 622
30 16 208
30 27 857
16 13 867
20 22 801
15 4 274
23 27 618
16 31 627
25 26 339
19 0 122
35 24 104
1 13 253
25 10 88
34 3 103
7 14 984
20 3 659
11 8 90
29 7 617
25 11 323
20 36 486
20 31 821
2 14 891
1 20 134
4 1 919
24 30 456
27 16 81
31 3 315
13 15 582
33 15 233
0 24 537
9 37 273
22 0 195
7 36 515
1 31 991
29 9 772
26 34 794
33 8 350
14 33 721
36 34 73
22 25 268
31 11 355
35 17 762
17 32 194
1 12 776
26 3 131
11 28 402
9 22 905
25 15 608
19 3 668
37 27 331
18 36 540
15 12 575
22 15 151
16 2 166
0 29 645
25 8 472
30 11 697
8 33 317
19 11 643
0 7 657
4 0 796
10 15 562
8 9 833
1 33 942
36 32 913
17 23 302
7 35 274
34 28 898
4 26 52
0 12 836
19 9 407
25 26 551
37 9 836
15 37 588
8 31 55
11 28 959
7 33 517
14 33 764
4 34 832
28 27 755
10 19 20
7 14 713
20 4 455
10 21 695
31 30 840
1 12 357
