138 154 564
145 26 661
65 122 145
111 123 138
75 65 146
131 136 346
67 38 454
137 12 172
82 158 324
42 53 596
82 119 372
94 42 418
76 16 518
68 173 265
59 97 755
163 144 348
98 23 902
134 31 54
66 142 594
5 36 644
129 70 849
72 116 348
172 49 897
4 164 564
138 66 555
166 73 389
154 95 922
80 153 848
106 169 507
38 158 677
126 68 260
120 92 292
135 10 609
14 78 148
48 109 493
162 171 392
55 156 37
135 69 800
54 2 299
105 8 959
102 53 13
153 43 864
115 174 190
170 14 703
73 81 130
157 86 308
38 164 380
69 61 427
15 108 272
8 23 849
86 168 441
60 164 747
84 8 841
113 117 681
119 30 378
145 124 588
30 137 845
12 8 903
108 146 646
33 157 20
36 16 408
138 56 264
96 46 265
175 19 254
155 16 151
48 27 651
121 2 990
54 56 585
122 125 984
122 51 158
18 17 133
145 7 456
26 70 226
49 97 516
73 60 987
137 136 925
42 2 176
95 106 307
24 173 818
84 5 814
115 92 197
29 84 572
54 132 796
148 57 284
53 44 340
99 13 243
167 17 664
87 28 841
137 80 227
101 10 372
118 13 244
114 64 509
50 159 334
142 154 431
118 154 325
147 112 532
166 36 696
90 17 529
96 23 146
86 96 767
69 95 563
45 175 478
40 151 279
111 119 348
58 105 241
34 152 350
81 70 541
46 25 428
127 174 411
46 94 603
174 99 872
53 166 528
36 12 166
19 67 676
158 93 242
168 38 216
166 89 301
176 145 866
145 74 411
26 52 161
133 119 128
90 170 908
140 77 338
88 3 890
86 76 628
136 64 705
72 156 230
111 20 370
48 172 836
161 116 402
169 64 549
62 83 984
88 66 813
57 113 586
175 120 639
39 24 31
112 34 431
39 110 995
17 93 155
170 133 197
108 7 806
1 171 638
138 15 775
35 135 520
104 109 768
175 90 799
106 141 142
82 34 877
15 156 729
88 4 978
176 64 330
86 21 822
97 119 738
20 156 918
40 142 850
16 80 198
130 115 1000
21 56 548
110 166 518
60 151 179
116 0 776
74 59 516
148 110 549
159 73 704
174 73 872
83 110 886
0 80 72
81 49 692
76 120 152
35 15 600
66 60 792
40 144 244
63 72 295
171 97 680
2 93 619
145 151 305
57 165 18
102 168 711
45 132 861
61 14 519
97 7 262
58 156 632
42 144 633
33 108 851
94 39 662
90 28 484
94 90 711
6 159 462
4 164 504
162 151 444
81 119 696
137 46 531
121 124 937
104 168 306
11 167 774
136 40 746
146 157 217
14 146 277
69 80 495
33 3 544
25 139 273
10 18 799
146 120 560
97 107 309
26 92 88
60 167 68
149 94 543
78 86 120
144 84 677
173 17 698
88 20 570
35 92 425
84 97 247
3 134 727
142 76 588
165 66 732
58 168 695
168 63 548
18 4 766
48 77 654
10 117 318
66 58 884
131 96 986
18 136 303
96 89 819
134 48 249
125 150 842
25 106 468
62 8 700
73 51 347
72 176 536
166 90 766
4 137 30
134 63 302
33 139 672
113 9 315
128 119 823
103 135 503
43 129 777
28 68 8
97 174 808
24 5 803
157 86 585
87 63 129
102 16 367
99 11 276
75 144 782
75 58 358
167 56 386
161 20 633
77 90 73
53 85 634
147 148 968
143 21 585
55 152 502
161 125 930
58 22 625
57 76 51
126 40 711
125 9 904
104 3 901
79 80 478
87 149 295
163 112 547
16 120 730
119 13 360
132 157 883
61 117 684
73 163 679
136 156 733
13 115 979
60 70 622
154 161 244
46 126 974
133 168 198
16 159 617
78 57 868
71 84 299
126 143 340
110 138 196
175 165 82
82 21 423
91 37 542
47 120 262
38 99 544
0 131 303
19 15 241
171 45 481
171 114 784
175 75 126
39 13 344
38 150 939
62 21 465
88 36 736
92 128 272
166 18 850
6 31 849
90 4 529
21 126 93
73 149 802
116 175 19
64 98 393
141 38 586
164 25 980
105 144 416
49 38 351
70 149 502
26 169 654
98 39 297
5 16 24
146 99 746
175 163 947
6 59 444
10 151 970
15 63 697
156 159 942
63 159 948
139 143 129
22 131 615
56 55 647
142 100 667
129 78 461
53 133 130
53 93 378
85 126 562
70 67 558
48 95 862
91 17 223
94 117 753
101 31 853
128 84 706
163 46 59
128 32 601
164 4 8
166 68 145
17 124 777
11 54 446
29 93 858
157 109 468
44 54 797
79 0 186
57 176 774
52 121 972
164 21 766
1 154 556
145 53 510
12 161 588
9 124 870
168 98 23
111 67 444
169 106 619
41 88 369
134 84 798
19 2 307
52 50 216
87 58 743
99 138 101
72 11 867
48 153 374
7 75 207
72 109 619
94 57 816
68 139 815
136 109 681
29 100 764
59 170 30
84 87 614
132 58 455
159 27 426
43 108 996
77 33 501
7 85 632
78 124 266
123 105 921
38 52 397
20 69 217
170 36 925
57 58 319
142 1 493
93 157 882
64 126 285
98 69 883
56 86 722
77 173 98
44 128 967
24 13 678
97 137 182
136 39 39
12 168 431
167 73 868
132 26 444
158 17 557
32 81 702
119 89 407
12 24 311
164 121 249
34 9 191
158 45 94
139 162 515
59 25 186
97 166 145
91 17 527
8 38 355
6 157 196
113 33 87
122 108 359
129 6 851
6 121 961
119 130 307
133 78 194
108 12 343
35 68 837
154 21 969
62 20 427
27 79 329
39 115 326
112 147 415
62 17 122
148 52 336
34 153 886
135 23 418
152 34 277
173 176 844
147 88 293
108 88 915
102 101 428
66 20 526
62 99 199
173 115 896
167 161 261
90 50 709
57 143 102
42 120 167
151 11 73
7 113 532
131 41 484
172 48 345
106 10 141
5 172 590
74 121 680
149 120 843
138 3 61
107 63 51
82 103 207
162 55 121
149 157 976
70 38 941
151 129 345
121 111 172
124 25 763
132 111 966
50 155 841
129 124 869
170 39 224
55 64 341
14 165 506
81 161 100
41 61 179
47 153 594
23 15 533
134 124 757
166 151 749
13 1 439
60 112 895
49 133 177
76 41 689
102 174 120
15 176 424
69 19 902
28 100 236
138 44 15
142 110 255
6 126 755
108 151 249
127 122 510
15 73 338
148 101 667
145 158 377
30 82 801
108 105 698
139 17 892
125 166 713
166 146 256
45 97 523
83 129 620
140 147 398
90 36 710
100 10 841
12 7 551
84 94 771
146 119 482
1 37 455
99 158 441
112 58 674
126 80 367
158 87 218
129 125 60
101 163 456
36 164 986
21 104 291
77 14 846
150 170 707
19 137 87
73 72 58
111 115 265
47 115 863
60 164 545
107 133 750
68 120 79
8 120 606
26 85 285
83 2 450
171 156 41
95 71 245
176 151 785
77 148 218
135 25 60
135 159 594
92 164 214
115 86 75
51 41 640
71 20 130
1 126 662
86 0 89
73 81 5
127 65 593
10 76 949
68 92 554
46 147 811
113 165 699
7 74 536
122 49 777
38 59 669
126 57 911
166 173 997
83 124 901
142 167 851
49 32 523
37 24 383
131 73 424
12 152 106
88 79 202
31 128 782
133 96 614
49 13 454
127 26 731
124 92 135
129 143 376
52 154 347
24 62 161
7 31 415
108 133 614
93 9 8
49 168 620
172 137 843
63 169 497
63 77 954
169 52 384
60 74 365
11 65 914
155 47 1
150 10 747
137 64 247
109 132 110
28 136 606
147 160 720
113 99 749
111 156 339
0 158 805
46 101 687
130 30 60
107 132 631
169 10 145
121 108 277
26 74 224
126 147 263
168 65 909
143 11 187
163 118 515
82 22 855
146 38 143
61 15 213
9 149 178
58 94 146
57 134 287
10 176 743
73 22 681
37 23 503
175 174 670
104 14 927
47 21 710
110 146 790
66 21 67
88 16 179
124 159 554
157 126 575
52 29 735
80 85 422
9 120 859
153 30 358
168 47 320
0 102 91
49 36 311
125 15 460
93 134 195
27 160 525
4 126 539
1 29 605
47 156 292
111 34 946
69 123 153
154 74 778
148 31 936
62 70 636
33 170 247
7 73 818
163 3 466
115 160 819
137 47 932
37 143 706
142 87 778
20 92 24
107 3 389
128 133 486
166 23 562
155 70 737
142 28 213
175 8 187
60 68 659
98 148 605
156 165 682
43 129 835
148 40 301
120 80 373
175 53 300
67 47 276
59 80 244
12 47 407
152 0 769
5 16 37
14 128 318
109 45 423
4 9 188
46 79 350
8 130 210
131 159 835
166 112 523
17 29 507
5 34 883
56 74 641
21 45 431
87 71 477
78 15 955
158 8 321
8 151 278
75 84 486
139 104 346
96 67 514
35 145 155
130 143 758
52 163 678
76 46 619
173 174 591
30 69 583
134 76 934
23 26 920
135 130 48
48 1 610
116 164 983
148 2 253
49 119 736
151 2 91
123 146 40
36 69 35
131 52 336
132 68 240
152 87 993
99 71 933
106 80 443
14 93 17
1 113 223
125 121 423
3 56 519
5 94 492
53 136 307
47 97 628
16 40 93
98 135 713
121 123 489
126 151 169
54 148 201
126 146 581
147 152 413
86 135 362
27 76 780
116 167 133
134 55 943
118 105 776
172 105 319
3 105 329
129 144 208
139 141 36
131 53 178
122 101 395
3 85 614
65 49 524
103 158 387
165 121 338
136 52 90
119 75 392
124 102 81
108 29 15
156 69 161
176 166 545
67 64 79
91 62 444
119 158 240
89 144 894
129 78 350
85 89 364
12 95 969
136 18 603
121 127 82
73 129 259
145 126 595
74 54 615
110 6 663
28 95 290
60 154 598
139 45 378
131 81 492
162 169 631
173 140 260
104 78 304
42 85 789
158 82 400
34 162 900
40 96 469
148 43 6
33 103 26
69 111 520
14 54 55
45 137 258
26 103 858
175 70 399
88 79 282
144 55 132
114 127 447
73 97 653
143 34 539
127 119 709
169 42 242
65 107 375
114 42 219
32 152 387
7 36 892
146 137 452
10 8 630
100 21 66
169 131 546
3 137 246
23 129 297
22 164 4
123 100 871
114 148 702
128 84 53
98 171 587
105 6 871
51 126 381
163 129 715
94 1 895
51 145 467
126 28 286
50 72 494
102 149 530
45 168 884
35 99 179
38 93 999
44 83 776
45 77 189
52 176 818
133 46 966
153 27 141
42 156 74
130 147 635
57 156 613
76 162 195
138 100 916
69 154 256
167 174 169
4 146 991
23 125 737
170 85 267
52 89 572
143 108 570
15 16 711
149 89 649
111 94 515
137 36 244
64 48 706
54 94 84
153 151 105
165 107 436
159 32 153
52 158 834
31 112 115
93 139 192
163 2 180
8 115 622
140 95 925
64 40 613
58 128 34
8 158 361
49 118 618
37 25 962
64 156 846
104 1 399
134 86 962
86 52 159
166 106 402
145 20 231
116 12 260
109 36 236
163 39 611
151 124 264
80 136 171
75 118 648
32 9 883
58 151 357
159 173 893
97 17 856
31 64 597
56 166 502
84 116 415
131 20 273
103 11 724
124 91 724
150 119 572
131 111 193
176 134 221
18 82 673
127 15 925
129 35 711
58 34 483
117 82 57
32 84 399
150 142 646
133 5 947
55 140 787
118 48 866
142 118 554
8 138 503
77 97 849
60 161 484
91 69 318
140 28 483
101 99 49
105 72 421
122 83 244
95 113 493
9 20 712
10 34 642
60 112 962
93 90 95
24 149 608
169 77 912
157 25 375
142 74 204
75 12 552
60 87 943
166 59 444
55 149 923
57 38 145
108 39 728
89 91 326
0 16 652
55 160 297
147 167 853
9 57 16
169 43 405
124 113 527
150 144 188
127 150 734
176 175 440
55 76 782
161 143 47
88 63 189
99 46 381
64 45 55
97 4 19
166 26 318
150 40 582
67 5 775
157 16 123
76 20 618
125 112 516
28 130 319
157 89 81
53 31 664
102 115 437
33 173 482
100 58 921
55 63 137
139 176 271
170 137 249
64 2 745
70 118 357
62 5 949
138 95 402
116 151 120
160 85 400
141 14 587
90 150 430
159 2 642
71 41 933
134 71 753
136 130 897
33 144 46
42 81 147
122 23 145
9 156 788
152 176 605
18 91 998
55 25 886
52 93 566
58 0 528
4 124 556
91 124 907
44 91 992
130 64 380
132 8 864
140 137 91
164 163 951
96 171 628
137 32 748
17 135 251
160 19 837
71 121 595
0 164 808
59 135 458
172 83 688
31 66 165
151 144 760
33 19 817
61 30 932
154 125 281
124 120 107
139 50 164
7 69 436
29 146 437
30 124 910
133 163 293
150 7 578
124 66 199
128 142 167
113 66 840
66 129 15
15 159 307
50 176 734
139 88 591
0 74 462
36 91 950
104 59 654
17 140 131
7 133 835
52 101 742
49 0 338
60 136 837
88 131 257
96 51 995
71 157 915
140 123 456
170 33 513
57 123 767
114 28 359
37 22 323
163 28 717
27 28 277
149 30 804
22 42 840
40 32 995
102 11 785
90 14 410
33 152 131
151 135 903
127 34 460
160 103 638
40 126 328
42 123 17
160 86 74
173 21 195
156 99 46
67 151 365
126 82 651
152 65 349
147 34 801
45 70 945
53 23 922
34 27 494
3 123 879
42 167 433
133 35 741
62 119 514
10 83 866
83 41 510
121 78 337
62 147 614
143 103 157
148 35 285
115 47 706
63 45 699
117 145 750
54 64 595
173 98 724
23 103 465
32 149 672
21 48 574
123 70 377
42 10 935
110 121 147
169 137 118
86 64 824
151 15 384
153 17 290
103 142 345
1 79 926
114 87 688
132 37 104
63 110 214
141 144 500
33 176 340
75 148 526
144 99 129
157 60 276
78 166 536
130 65 588
63 84 950
63 45 113
66 98 643
173 61 659
8 125 704
49 144 331
108 104 293
104 32 444
160 16 824
159 131 364
15 6 124
117 50 687
67 1 679
137 45 399
72 121 413
132 101 669
34 176 519
113 175 424
157 102 410
29 136 625
32 144 674
151 161 271
154 5 628
39 1 823
80 73 144
8 97 135
102 173 368
103 1 343
59 48 426
6 106 998
172 137 623
20 148 969
66 121 405
172 38 607
43 59 972
159 8 730
56 17 4
170 78 619
64 175 514
117 55 364
83 162 766
132 175 581
130 69 138
176 72 171
67 12 433
38 65 100
9 93 191
16 0 42
132 161 233
20 56 155
19 161 998
4 120 924
72 104 743
24 131 291
108 9 61
10 161 671
118 122 378
117 78 914
176 44 94
113 170 627
1 22 820
91 34 261
124 5 400
42 21 153
166 151 146
15 108 552
26 40 691
77 150 408
29 118 307
140 156 150
148 111 878
77 162 49
132 40 874
136 127 996
56 104 39
70 12 211
100 38 691
174 147 671
158 66 182
20 97 393
14 84 663
116 35 334
88 138 951
162 149 439
176 137 494
115 37 321
88 103 586
102 12 252
176 71 583
158 100 8
85 111 1
150 67 866
125 18 846
10 150 856
98 37 341
130 97 938
121 61 105
112 33 216
14 162 437
109 72 931
48 4 144
16 101 370
103 82 37
30 47 58
26 66 936
32 115 468
4 48 159
114 47 507
42 27 579
33 56 381
84 73 288
9 54 902
42 17 87
171 78 868
26 164 970
173 176 142
18 98 64
117 152 829
173 87 905
150 168 11
10 55 845
29 50 741
25 23 812
1 165 864
30 47 435
120 122 76
95 25 267
117 122 871
12 172 216
90 164 857
12 36 303
46 79 360
2 127 455
31 13 544
165 62 99
123 100 361
91 138 132
105 51 297
43 86 493
51 45 433
94 50 428
51 28 826
30 143 104
96 115 581
67 71 988
159 156 651
40 165 298
86 35 996
80 168 547
120 50 778
159 172 741
130 155 215
64 78 6
163 157 621
86 54 308
49 118 392
81 87 23
115 47 36
152 99 77
146 25 860
64 168 738
8 86 65
159 60 605
101 169 211
110 33 397
154 148 615
26 9 356
118 86 245
152 154 410
148 10 702
118 171 502
108 21 535
83 90 963
2 74 825
19 1 483
69 100 75
24 107 754
170 166 318
107 158 212
52 141 207
4 175 355
115 41 557
46 137 706
56 167 500
151 157 399
40 160 396
74 66 253
83 165 631
21 53 63
82 74 741
170 71 806
48 6 533
108 160 155
26 9 202
31 8 834
80 14 360
142 162 477
136 129 1
132 73 220
57 35 887
137 71 94
126 150 1
100 101 6
108 125 210
160 4 611
176 141 79
77 7 867
167 154 299
158 110 612
80 86 178
36 57 92
110 13 441
168 79 19
78 139 217
165 172 445
55 95 455
94 12 116
56 40 69
88 66 747
8 166 865
22 13 511
107 124 107
19 73 620
19 155 695
20 110 974
119 153 778
55 61 395
27 32 291
84 31 340
74 102 274
113 8 584
23 173 357
97 174 123
157 102 237
36 151 184
99 13 326
157 3 897
3 65 927
13 104 62
21 168 26
137 145 912
126 87 793
136 21 661
26 6 175
112 20 263
97 16 298
78 145 920
97 147 738
130 40 169
172 129 166
1 115 177
160 110 330
63 14 593
143 156 473
47 73 251
169 69 589
26 77 384
63 75 483
166 132 836
28 146 679
82 55 781
134 55 687
55 35 874
108 153 298
34 6 975
55 154 798
122 127 785
81 65 15
101 125 776
165 35 573
154 13 606
120 87 10
135 133 736
169 34 904
136 163 700
24 12 589
102 79 396
131 52 134
52 56 913
85 121 3
72 25 306
163 107 826
130 57 115
150 167 798
83 88 980
20 28 907
104 93 909
170 134 131
175 106 798
155 26 731
68 74 288
66 127 25
61 81 116
139 62 971
148 37 832
167 102 970
49 156 380
159 0 8
119 48 380
41 24 120
147 167 940
38 113 415
58 84 401
48 85 417
22 89 937
96 132 947
102 31 220
21 107 654
125 4 141
176 133 214
161 174 731
130 90 478
0 25 179
174 12 741
95 168 239
0 141 664
109 88 633
61 27 518
33 42 351
10 152 78
74 31 194
123 105 453
74 128 220
100 86 269
85 160 614
27 41 403
17 43 517
157 94 337
109 19 319
151 85 831
93 163 423
103 33 647
70 37 418
23 109 422
96 43 474
158 77 82
54 140 207
59 107 798
114 156 227
121 131 944
94 27 86
99 129 857
151 13 298
92 105 221
51 71 56
41 142 219
77 61 303
139 42 885
93 83 182
101 163 149
119 89 822
14 175 513
57 168 185
145 56 44
28 86 452
176 92 807
145 141 742
18 127 323
86 78 797
79 51 156
127 51 701
168 38 663
111 58 164
134 33 431
74 124 20
121 122 119
161 68 765
140 12 878
168 51 49
67 32 782
159 139 886
122 50 619
55 164 899
62 119 712
31 121 747
57 159 248
94 28 669
161 3 392
102 37 293
26 94 168
6 139 362
87 13 301
84 175 952
76 135 500
154 6 982
66 122 948
5 159 337
140 173 286
89 121 229
17 171 91
92 166 396
144 34 373
155 136 368
67 166 115
143 146 619
47 1 22
143 106 479
154 5 328
110 108 795
106 42 819
94 47 609
48 125 647
166 160 896
62 138 283
164 76 150
144 103 531
37 128 695
9 60 182
52 9 926
83 73 942
166 58 772
88 22 731
25 163 155
103 85 184
70 84 474
109 11 240
74 10 25
36 29 798
99 98 151
93 30 85
87 65 247
163 79 721
99 50 314
76 4 725
63 59 55
95 62 168
117 32 436
73 49 43
154 61 495
70 15 516
141 90 595
23 153 549
150 8 482
32 170 72
44 72 758
131 93 848
114 18 82
3 51 842
139 164 874
100 162 863
125 68 212
112 42 130
54 64 642
169 55 737
78 122 910
152 28 821
45 34 141
23 84 990
115 125 101
57 136 501
91 115 265
161 160 350
95 155 959
169 81 456
102 26 276
94 123 103
142 73 112
160 43 906
135 69 43
146 129 689
36 161 993
33 23 185
49 20 403
31 75 288
21 100 115
54 28 764
147 6 325
68 94 620
61 119 297
82 17 192
5 52 710
74 70 472
69 169 556
76 7 632
68 10 292
157 162 86
32 104 41
23 12 888
50 119 300
28 93 668
13 172 902
79 17 749
59 81 88
130 144 53
132 104 106
105 157 747
175 17 934
151 168 286
86 113 706
66 64 980
43 5 203
13 8 764
93 113 704
54 12 65
127 166 886
7 61 143
76 175 871
53 135 943
56 92 232
127 104 981
58 48 578
104 105 361
118 148 713
150 109 885
46 82 34
147 30 125
53 90 477
173 18 134
102 152 919
82 42 812
82 120 773
12 91 692
39 63 895
30 101 723
172 51 226
155 102 382
148 83 114
75 129 664
153 91 332
105 60 415
173 50 791
13 44 418
56 159 289
41 122 680
87 101 800
0 131 225
119 136 160
9 76 582
96 46 65
21 27 622
112 151 388
58 71 94
59 87 606
42 176 40
118 18 229
87 44 633
35 49 792
84 82 70
0 71 107
13 117 981
165 29 797
122 119 518
33 126 377
78 80 455
52 15 186
126 43 245
148 78 303
138 54 992
2 150 33
108 168 191
166 14 507
174 82 406
126 168 253
52 74 157
159 92 843
3 171 17
104 170 704
122 145 672
75 28 905
146 2 532
10 93 434
175 19 382
54 28 946
77 117 590
100 117 490
75 69 316
39 113 170
142 19 233
71 5 221
102 4 802
46 43 566
18 34 810
119 140 295
75 136 28
115 123 503
15 105 446
23 113 18
73 148 269
82 176 791
63 58 325
62 28 746
45 86 55
33 113 907
159 89 343
84 117 788
67 0 284
6 138 588
173 55 556
124 31 290
10 129 801
9 117 272
35 43 490
164 157 990
66 67 701
46 134 648
18 149 620
148 137 772
93 81 429
95 121 89
127 161 455
130 101 905
15 1 446
27 15 305
157 59 365
159 154 454
24 10 454
98 39 140
127 80 568
142 63 364
138 49 952
164 67 39
50 93 411
102 85 347
162 17 582
164 68 44
78 157 438
166 62 696
114 160 923
12 29 419
119 98 744
172 64 842
168 80 384
93 53 666
144 117 712
36 175 504
116 90 547
146 140 905
86 53 29
117 46 245
77 51 110
101 145 449
62 43 466
52 78 263
142 88 572
77 12 995
32 92 290
85 157 88
40 129 404
169 90 992
169 141 659
30 78 668
167 145 331
28 53 530
7 63 802
19 5 800
101 131 95
118 84 698
58 128 469
26 166 161
114 47 661
167 31 586
118 142 654
149 47 898
64 37 534
68 52 635
84 76 309
91 59 708
108 77 717
155 104 188
47 100 264
134 141 801
162 90 271
97 119 843
122 63 985
30 172 369
47 170 142
40 1 680
152 48 356
112 115 438
42 114 235
31 171 92
125 57 316
168 108 524
86 65 655
152 115 8
90 136 985
118 37 232
103 125 989
11 116 673
44 66 776
149 19 946
150 64 606
69 159 874
67 116 191
83 148 374
81 77 674
19 10 129
157 94 476
73 72 605
76 83 863
143 145 747
120 80 849
35 128 105
24 89 320
170 26 851
70 7 462
72 137 134
111 73 437
1 51 13
67 151 988
136 144 396
133 23 426
36 54 569
168 28 449
95 136 681
140 130 374
69 119 434
104 135 36
138 41 916
74 68 330
54 71 110
114 158 687
171 105 796
7 123 570
40 105 87
84 25 668
61 161 960
8 45 916
144 7 8
80 104 366
161 129 49
160 163 427
29 0 387
17 141 166
91 97 914
129 127 784
138 135 694
159 108 582
165 14 912
95 87 765
126 107 142
169 160 541
156 92 749
115 24 750
109 63 219
44 20 271
167 117 415
5 3 22
129 41 899
15 8 233
56 154 238
123 132 266
11 163 458
60 27 598
47 86 875
103 84 445
17 100 183
34 41 265
25 155 972
29 141 616
65 80 361
126 69 280
49 83 748
175 12 789
115 113 176
65 158 73
95 130 896
47 74 352
126 81 176
104 151 396
116 151 573
47 128 122
29 0 879
65 148 676
24 106 454
83 167 666
8 61 271
25 63 75
121 23 418
142 42 689
125 167 271
57 119 681
63 76 147
162 120 282
150 24 450
83 67 354
32 38 977
42 108 268
85 19 39
82 96 241
133 61 719
162 53 819
76 69 945
37 73 718
141 109 725
104 37 803
9 175 782
79 56 929
49 129 889
79 3 99
38 34 581
117 63 782
125 10 177
72 77 361
43 106 702
0 16 907
80 50 655
57 95 790
50 94 654
144 155 977
99 133 838
96 69 430
71 133 282
172 138 963
163 16 705
151 148 83
88 58 350
61 23 925
81 101 959
52 33 290
27 62 225
155 146 723
26 94 861
105 154 22
145 176 513
47 144 505
73 12 280
49 150 625
108 131 70
147 76 906
149 61 629
4 31 498
20 169 908
87 170 298
130 141 495
12 20 184
97 26 634
107 46 718
173 129 76
38 168 581
104 175 569
11 25 195
18 105 413
14 51 278
29 17 122
96 133 796
94 58 16
151 146 607
110 84 720
21 9 564
152 3 604
154 17 957
152 108 238
63 90 787
85 106 944
85 0 276
26 154 637
87 34 37
176 111 89
33 93 479
50 105 798
54 91 885
37 166 318
75 42 422
107 119 216
109 31 17
150 83 57
150 19 666
17 130 365
33 60 654
74 39 709
169 155 876
15 46 838
110 164 580
123 121 591
144 27 493
40 0 865
54 150 724
116 30 699
19 22 711
53 175 516
95 11 221
42 103 243
30 127 128
79 78 567
139 44 758
166 70 430
34 77 264
9 147 835
133 10 533
17 68 515
165 167 377
15 83 410
65 172 837
50 161 233
169 127 651
44 121 779
95 53 86
9 155 453
98 165 178
176 118 892
130 34 839
5 122 495
2 40 560
37 128 331
90 173 550
103 141 649
143 52 205
25 161 914
122 92 951
70 163 524
0 167 773
62 25 317
29 118 216
56 40 355
74 55 252
2 14 343
153 10 725
145 40 3
146 45 167
154 58 508
99 47 675
56 39 892
172 168 324
84 130 577
42 115 342
2 155 34
37 43 234
110 160 59
25 57 430
115 20 552
111 102 458
9 63 645
98 111 820
115 144 27
6 167 681
66 158 860
36 92 213
117 157 1000
73 133 119
120 152 44
171 38 627
60 4 277
144 92 719
76 37 538
131 28 867
164 145 981
150 9 99
19 9 196
38 66 80
124 139 380
161 154 35
5 8 771
151 31 539
4 51 739
84 165 531
100 65 929
118 164 300
164 26 237
54 176 438
129 89 670
10 147 632
122 146 271
84 133 723
30 151 197
121 133 272
41 101 78
135 32 442
44 100 356
80 156 451
110 161 745
117 133 827
54 149 769
92 43 232
76 104 1000
58 149 155
61 50 776
173 35 15
82 38 939
134 127 795
6 11 400
10 149 359
51 94 628
111 168 832
0 117 748
102 13 135
175 61 745
119 0 158
153 18 848
61 10 424
33 16 91
121 33 569
65 172 545
96 93 336
61 98 150
152 79 174
83 121 460
133 35 31
51 64 587
161 167 614
138 116 126
36 127 694
133 19 23
94 170 302
163 37 457
103 168 699
21 138 295
148 20 411
141 96 158
76 34 663
95 105 550
97 18 715
108 72 802
66 176 969
36 19 707
107 10 358
27 72 527
60 112 92
28 84 347
75 41 123
75 157 264
11 49 156
51 0 399
112 51 343
167 176 464
4 63 423
11 63 810
63 37 455
85 170 640
38 132 911
153 39 395
35 3 575
117 22 891
82 138 163
75 141 802
70 42 978
153 149 984
174 38 854
2 43 210
75 53 993
13 59 58
3 176 856
170 36 259
115 75 57
99 140 24
159 64 401
166 98 666
25 58 812
142 0 181
130 34 933
92 44 182
21 130 513
173 49 659
42 115 529
35 92 696
37 10 487
112 85 449
2 93 132
69 152 423
18 160 92
98 91 326
17 29 674
122 37 71
131 159 308
98 99 265
97 173 194
94 72 701
66 11 157
167 86 830
52 166 496
79 167 784
82 95 911
104 21 823
3 0 597
4 99 351
99 145 568
43 45 461
80 113 539
136 123 234
136 110 933
159 0 898
52 6 117
129 100 391
95 157 916
126 81 709
94 131 299
76 126 803
50 115 414
114 85 856
161 99 620
41 103 761
118 77 298
15 30 609
8 163 621
10 129 979
30 158 316
45 145 484
127 59 262
138 162 644
20 40 523
32 7 914
39 12 101
124 133 638
54 10 226
70 62 792
67 63 187
8 47 574
1 134 878
130 50 670
63 56 674
15 44 593
77 152 166
122 63 194
86 50 800
139 112 826
58 19 240
118 133 937
68 141 870
9 105 35
75 160 823
95 142 378
137 104 370
159 143 44
19 142 419
89 44 367
20 141 387
99 146 812
87 53 185
90 146 960
18 53 716
32 48 34
131 111 177
171 109 582
102 9 344
18 20 703
2 13 221
97 67 433
52 25 916
148 169 484
10 122 438
101 172 839
170 77 923
112 37 355
135 171 954
146 93 786
126 103 347
154 72 331
15 8 906
133 53 148
166 55 253
32 156 252
97 2 439
0 49 554
151 49 338
14 127 660
12 121 348
18 132 330
88 17 554
118 14 477
112 54 599
39 47 306
73 12 383
49 144 516
66 47 185
132 164 430
81 175 366
70 75 616
29 1 268
106 145 566
36 139 622
154 50 564
127 25 780
38 156 171
62 56 986
141 136 138
67 48 661
151 63 588
12 77 65
30 74 542
19 143 956
144 123 57
155 23 485
10 7 859
65 125 538
82 19 123
100 36 113
70 74 117
53 118 642
117 54 438
152 30 740
55 174 722
53 55 651
169 146 965
87 82 451
22 156 695
149 43 272
17 140 720
23 16 427
155 21 516
45 98 293
129 21 684
56 99 580
110 65 372
155 85 684
60 89 879
72 163 2
176 98 437
116 27 869
64 24 542
28 43 878
98 113 943
26 55 915
164 135 389
157 152 410
89 22 171
67 97 419
106 175 987
20 19 490
22 111 218
102 10 639
117 133 200
96 117 718
98 133 968
127 73 504
163 113 125
156 123 836
5 115 677
166 154 42
126 128 862
133 120 707
5 140 416
150 82 489
46 157 501
136 78 75
46 64 175
115 44 137
105 73 382
19 99 289
25 115 421
27 170 955
58 22 435
8 17 110
171 152 793
24 115 931
149 104 356
8 165 752
37 150 681
101 174 574
156 25 357
91 122 585
56 48 473
166 16 40
75 44 388
75 122 420
57 143 395
141 78 307
69 71 534
96 123 567
39 36 507
169 173 29
142 73 536
121 71 879
112 30 742
51 169 805
8 16 164
6 74 651
73 101 648
5 150 649
7 25 909
67 128 411
164 157 705
91 156 69
59 148 284
50 37 225
22 103 811
101 94 287
111 163 320
175 133 931
81 78 592
12 75 50
28 124 270
52 122 807
119 125 680
18 70 304
29 80 351
34 46 578
118 125 473
17 25 204
98 21 167
18 131 523
23 141 991
152 162 859
103 75 326
73 48 703
77 153 220
147 168 933
14 87 94
131 44 145
121 166 553
165 71 789
174 140 764
120 16 784
14 175 987
112 5 74
171 72 844
67 93 733
83 7 217
10 19 208
168 137 501
128 67 888
143 1 866
43 123 40
0 121 875
6 171 574
112 3 69
144 175 808
104 48 18
10 118 297
60 142 856
92 75 558
11 39 367
28 69 292
167 97 627
18 77 655
20 130 819
11 66 210
167 73 765
96 78 152
164 142 321
39 59 346
170 122 740
115 171 455
34 82 381
121 4 56
100 152 883
164 21 56
66 59 875
41 145 997
97 151 825
9 47 1000
121 98 807
71 57 18
21 140 816
48 95 41
26 173 804
140 42 970
2 94 677
38 62 722
168 34 932
145 62 404
122 55 69
83 92 304
108 24 302
126 45 613
122 100 65
116 44 92
171 64 414
101 27 927
48 121 953
60 168 461
74 159 816
62 31 934
144 14 357
9 92 73
21 102 284
4 46 168
57 6 738
98 24 487
8 18 697
0 133 703
26 106 271
126 24 426
137 118 135
76 173 989
101 32 485
122 33 652
127 120 628
83 66 556
142 145 334
84 155 932
97 119 521
174 21 552
57 104 79
167 133 453
1 83 718
140 145 499
20 13 447
39 161 822
96 155 856
174 93 748
128 44 377
91 123 328
51 139 196
143 84 683
66 94 861
111 32 999
62 55 691
174 150 949
50 94 226
33 108 455
167 162 126
176 170 791
46 141 344
53 68 162
74 139 356
67 83 906
89 35 425
123 85 845
157 118 887
87 31 395
58 124 504
101 90 52
104 125 166
143 175 437
58 116 473
39 87 192
16 123 371
146 176 964
100 7 511
98 102 796
29 137 445
31 55 720
114 154 157
71 104 438
167 88 456
131 58 379
12 84 379
72 96 936
110 68 321
12 132 584
132 112 450
164 107 387
158 32 878
98 45 385
8 78 306
67 27 149
123 51 619
8 13 156
110 0 256
147 52 344
157 82 952
40 3 979
111 95 373
122 92 254
121 110 350
159 120 589
68 148 857
162 168 196
28 5 401
8 105 950
80 0 487
76 10 578
141 158 768
50 147 799
101 71 209
150 92 645
62 78 936
22 28 610
48 176 451
111 168 434
1 53 15
80 36 805
171 96 669
8 132 334
128 56 702
1 15 425
158 123 722
59 38 479
118 7 646
73 161 439
140 150 141
153 46 817
99 82 979
144 79 880
171 66 43
96 164 598
27 159 478
37 74 303
147 127 779
100 44 597
128 111 173
20 134 507
154 77 513
73 7 510
11 76 206
83 158 270
174 85 34
88 51 583
51 36 657
172 166 252
86 115 593
16 136 966
97 75 860
51 112 233
18 56 8
68 117 229
37 138 920
48 53 147
64 152 498
117 75 635
112 139 274
109 162 736
131 139 765
141 154 116
132 64 508
154 135 38
82 163 917
143 119 287
108 156 362
95 46 364
146 112 210
116 151 810
105 75 761
49 125 383
97 44 144
45 35 698
155 136 516
171 52 289
131 76 702
172 151 33
25 161 421
64 14 579
4 70 984
75 82 833
22 72 405
0 128 134
148 90 481
175 151 421
46 136 536
123 19 323
88 30 104
173 84 701
11 9 408
169 90 565
23 139 991
93 129 370
81 52 487
82 75 91
30 122 897
114 98 473
141 74 489
57 12 75
96 2 544
167 83 477
120 56 948
27 89 866
23 32 385
55 78 156
125 142 13
130 132 185
175 71 806
28 87 931
39 7 88
166 101 443
143 162 632
143 124 741
169 132 364
13 72 418
5 104 334
140 10 198
82 1 369
1 155 536
122 150 605
117 12 21
130 5 983
168 163 121
129 169 884
73 89 928
70 56 236
78 137 742
90 115 115
42 137 369
75 33 642
45 102 917
49 155 953
54 87 526
124 47 170
52 151 412
107 44 465
7 75 510
41 44 441
60 154 373
33 45 688
19 101 670
8 153 158
128 47 164
91 78 420
97 156 411
75 52 893
142 32 188
89 92 11
63 47 666
102 58 972
5 25 624
41 79 926
95 25 211
163 74 703
3 105 655
25 5 1
87 118 180
8 53 642
136 113 303
70 135 905
117 128 1
166 84 665
94 68 671
56 94 222
22 4 775
175 93 716
59 85 692
133 77 678
162 142 809
17 169 391
145 102 731
96 159 377
125 71 684
166 20 674
48 169 550
32 0 2
14 30 346
70 75 560
35 114 750
34 16 728
117 98 309
18 4 332
50 35 55
33 2 768
109 133 384
118 119 104
50 102 200
174 76 599
50 151 720
130 97 477
131 68 302
122 49 567
159 86 181
3 43 14
50 139 916
103 156 826
96 108 234
22 86 750
89 157 345
123 132 267
14 56 829
168 80 18
54 9 158
7 26 731
22 32 237
79 111 818
75 27 643
23 69 999
175 164 719
80 52 752
72 138 197
88 23 943
12 115 243
150 19 514
26 39 14
86 33 426
12 71 473
166 13 476
48 0 568
119 153 478
91 54 667
78 6 885
172 21 200
30 58 380
76 140 967
140 15 148
30 44 164
149 17 208
78 9 314
148 142 644
158 9 8
129 142 614
173 54 491
11 65 633
176 59 491
48 129 873
123 126 282
40 150 334
23 85 824
132 162 830
165 166 620
16 49 287
66 130 628
103 52 677
107 122 381
138 38 609
122 32 484
78 9 105
13 169 761
114 112 873
60 93 184
66 50 638
94 97 521
71 64 113
150 123 704
115 24 375
144 82 582
14 131 687
128 97 490
36 71 162
29 83 220
168 169 383
145 59 957
92 134 843
73 155 445
168 69 713
95 71 213
52 19 206
32 55 479
135 93 237
106 64 195
65 144 897
121 40 572
56 43 345
42 41 360
164 127 759
157 105 510
37 123 637
94 117 975
132 170 463
165 150 261
94 149 869
96 28 84
71 135 627
94 65 541
94 65 69
8 0 789
27 77 478
55 171 199
86 112 779
173 35 243
32 36 557
90 134 683
143 33 822
26 51 652
143 29 607
176 139 448
59 18 852
73 170 985
144 168 39
101 19 705
51 163 736
110 23 711
149 69 910
18 125 525
81 117 626
131 103 461
37 11 631
109 147 386
54 13 721
87 128 481
39 151 819
132 119 215
12 66 315
75 50 919
14 25 139
154 85 52
115 174 356
141 7 920
8 62 348
52 10 38
78 131 940
145 132 714
72 131 133
144 64 948
135 43 43
17 55 946
164 99 420
122 6 712
92 116 383
58 93 514
91 170 368
63 5 212
36 163 334
134 18 521
164 149 776
114 5 450
8 71 558
125 135 166
166 132 297
17 89 606
131 106 761
24 113 992
140 25 118
145 111 508
35 44 926
38 7 262
3 126 288
25 73 745
128 3 267
75 164 846
157 47 453
78 28 591
76 154 702
154 17 900
122 55 13
173 53 186
34 31 650
158 16 721
116 62 128
101 65 377
9 107 830
87 163 246
127 3 853
5 175 986
76 125 969
169 176 979
0 135 220
122 106 958
107 120 809
89 123 600
125 102 587
175 102 813
135 87 834
18 89 103
171 161 614
49 85 319
94 52 132
105 128 869
104 164 951
66 150 640
176 6 757
87 47 852
32 109 318
111 120 694
150 115 653
46 21 429
33 141 515
163 161 337
67 140 464
84 172 439
157 118 783
162 74 375
158 117 462
86 124 223
33 141 513
108 145 785
22 117 821
108 98 635
112 85 901
124 167 447
56 166 872
154 94 623
82 141 335
157 170 68
20 58 608
101 158 851
156 50 854
36 73 574
168 77 248
27 89 447
119 9 780
90 98 510
92 146 326
72 134 788
51 22 50
154 151 767
164 151 878
137 60 169
170 133 649
78 157 902
139 27 320
25 39 335
107 143 891
126 143 765
176 144 89
137 171 825
54 14 561
47 113 381
43 110 247
16 157 371
18 169 255
18 68 495
95 157 189
129 44 38
48 122 834
63 137 438
68 155 190
98 31 542
164 176 778
174 134 764
92 48 846
114 171 737
118 120 34
106 107 70
121 171 420
63 70 100
44 168 453
142 113 494
78 127 603
29 127 875
123 156 940
172 36 284
17 99 631
5 25 357
69 78 82
79 140 705
11 33 36
15 165 977
95 168 657
161 121 297
116 82 698
149 168 985
13 83 598
27 132 19
46 119 61
96 45 762
22 76 424
83 94 215
45 20 233
46 2 326
104 33 854
173 38 492
153 89 746
149 25 502
154 55 815
78 75 989
150 157 376
151 162 919
119 63 491
44 4 358
58 60 433
115 127 240
155 12 584
123 18 904
168 138 49
117 22 165
101 69 951
20 128 589
165 59 100
79 20 819
175 43 541
5 144 817
155 9 963
125 66 808
38 172 375
108 121 919
81 172 204
95 33 167
42 121 532
33 52 596
12 136 116
41 81 237
52 63 599
91 16 284
159 146 32
25 76 20
165 151 925
170 22 846
49 31 129
109 126 41
111 56 857
84 86 229
52 23 788
111 52 851
169 126 552
41 174 805
45 125 297
84 107 867
137 76 399
133 85 775
57 34 579
128 41 907
85 102 849
92 48 610
90 72 870
155 6 173
154 36 300
16 168 959
48 62 975
56 143 680
53 71 804
7 173 929
59 160 444
112 24 41
46 95 728
51 33 350
0 55 212
152 148 348
134 4 249
2 80 613
176 47 168
168 30 846
86 92 482
61 157 910
24 63 41
110 40 498
13 115 521
29 93 327
0 32 699
39 144 116
167 50 373
33 65 993
139 102 230
39 97 284
124 113 952
106 51 199
59 60 758
49 109 682
114 70 836
70 15 479
30 94 248
104 32 506
88 27 490
92 108 184
117 49 676
72 42 957
50 132 582
3 81 735
84 102 641
49 24 525
97 141 591
165 34 607
17 64 316
104 34 523
172 68 858
29 70 260
18 154 98
62 89 326
125 84 279
124 87 387
6 77 876
50 91 402
11 158 453
11 176 824
47 53 586
115 25 675
105 49 279
129 159 589
146 53 967
49 125 45
31 140 792
109 73 467
158 151 908
33 134 305
24 1 171
8 90 55
93 77 609
53 82 718
126 84 643
80 76 476
81 58 389
47 88 113
28 125 970
72 31 383
143 131 631
165 70 810
174 104 654
103 163 60
17 121 740
19 150 462
4 48 238
60 0 708
26 70 840
14 121 83
39 140 563
64 142 513
152 149 785
174 90 139
43 105 714
144 86 679
134 117 615
13 78 640
135 139 550
22 36 111
68 136 512
43 142 992
33 118 35
84 112 402
87 139 398
1 127 382
31 99 277
132 88 615
57 113 123
154 143 805
134 26 312
52 125 866
170 89 605
153 88 881
97 50 321
27 105 850
126 150 404
32 56 364
7 151 906
158 70 15
8 157 850
66 144 290
46 156 803
10 79 358
41 90 833
6 21 666
138 163 421
32 121 1
149 37 143
58 47 537
26 158 73
49 16 414
106 80 150
98 155 500
93 47 301
43 154 548
27 57 840
22 160 202
124 29 559
1 132 701
48 116 144
29 120 492
126 122 363
104 102 883
105 67 795
159 34 683
156 35 927
123 116 922
50 53 900
138 47 701
77 92 462
11 49 879
142 103 839
71 83 403
175 22 354
40 152 284
16 80 13
91 48 465
131 145 395
174 167 136
130 3 645
47 60 651
22 46 405
175 160 406
21 60 972
24 76 361
174 90 95
169 58 169
135 66 267
29 79 767
73 157 30
79 140 842
76 172 214
66 6 796
119 33 768
68 97 359
92 30 900
135 67 52
52 42 460
114 116 416
130 141 162
135 30 612
51 8 463
139 133 936
7 150 74
31 76 298
131 135 91
86 22 742
48 140 136
28 163 207
75 14 609
70 99 687
141 133 125
87 17 242
73 158 375
46 97 241
134 9 828
6 120 546
27 51 755
139 116 213
70 10 386
81 130 192
107 63 133
93 51 777
75 119 762
19 60 782
13 167 274
73 56 937
45 160 612
138 135 246
155 153 769
116 112 485
168 43 96
138 72 788
73 113 303
51 144 668
61 36 976
169 158 543
67 3 583
27 25 683
154 96 2
169 89 890
92 39 849
10 93 241
20 67 75
73 66 534
141 30 325
70 101 209
2 174 668
68 61 475
115 65 612
76 165 778
92 137 848
93 97 618
110 27 621
24 27 135
125 145 771
87 159 127
56 157 488
78 159 769
115 92 42
158 155 309
50 81 371
6 38 976
56 156 82
61 8 873
138 37 319
2 6 49
100 18 231
130 161 831
92 158 238
176 67 689
113 66 971
18 54 627
149 13 659
66 91 976
127 120 592
176 13 239
102 99 782
123 103 483
82 85 27
3 22 699
88 92 435
77 46 160
26 43 445
19 86 979
15 10 126
93 150 197
17 118 953
68 96 241
109 17 581
92 21 290
35 40 247
80 122 529
35 129 862
12 38 345
24 2 233
32 144 806
151 108 325
170 8 452
62 132 741
46 85 989
148 44 786
25 37 170
137 122 928
77 123 471
103 44 317
167 104 530
39 114 571
34 128 434
48 92 360
5 123 979
40 109 209
174 49 212
65 91 61
84 8 771
159 15 678
37 142 544
83 133 795
57 59 239
140 121 648
49 104 515
22 71 522
121 32 420
122 47 387
4 159 75
65 143 821
16 17 585
12 169 789
168 38 315
65 13 583
165 74 335
61 50 969
77 89 662
144 122 221
55 19 199
163 144 327
105 72 567
72 136 899
109 172 807
85 134 618
2 68 562
67 53 126
17 115 276
107 113 934
153 161 911
123 171 634
125 22 347
49 124 701
141 23 346
141 133 622
72 135 399
54 78 846
81 110 799
57 29 872
142 73 644
19 154 1
159 164 489
49 125 755
149 159 732
94 124 881
68 81 649
65 53 953
126 47 376
3 13 135
4 159 743
8 160 826
32 99 319
139 160 579
46 93 513
109 112 653
86 101 559
90 58 143
167 138 794
142 45 89
34 149 336
29 60 426
13 166 365
132 146 944
82 15 132
54 0 94
47 51 671
35 97 568
99 38 765
17 163 655
66 13 882
4 12 686
25 33 239
5 80 921
27 100 366
160 114 9
5 118 884
171 132 165
51 111 475
84 87 911
158 142 78
136 53 559
5 96 786
147 81 567
106 153 782
91 164 278
17 125 562
174 68 875
103 119 963
30 106 593
141 24 751
31 146 304
157 154 999
67 104 875
53 84 749
122 74 333
26 101 403
16 68 668
137 133 107
97 20 821
146 96 961
30 73 20
160 154 939
110 68 602
129 32 281
108 160 108
102 104 270
5 123 864
136 137 405
76 105 19
34 67 14
46 90 522
82 136 447
19 119 361
47 157 323
27 112 844
154 107 234
167 60 995
133 28 415
93 131 829
91 61 990
33 44 693
53 32 214
8 14 663
39 171 108
82 166 605
115 129 837
7 135 934
171 1 241
65 173 706
143 140 180
26 87 42
158 119 71
92 173 496
126 86 367
41 117 769
83 35 815
52 171 606
119 105 310
78 31 781
142 168 675
111 60 15
105 30 125
60 154 671
143 109 183
31 117 98
1 137 559
104 156 974
175 139 742
123 22 182
135 18 828
15 100 607
83 66 498
141 126 965
105 28 561
39 142 114
5 19 565
54 163 268
139 46 751
114 97 165
139 48 980
75 120 788
32 18 957
12 31 657
136 32 708
23 56 128
33 84 32
144 32 558
104 91 60
145 44 644
91 39 481
35 99 676
69 151 985
86 24 607
120 110 477
99 141 433
175 18 849
92 104 340
68 151 576
127 23 105
150 42 462
30 150 939
76 36 44
162 149 798
150 116 771
74 80 279
0 95 335
104 150 476
94 92 965
171 11 67
120 117 264
58 133 233
47 97 520
90 105 294
132 0 658
47 128 487
124 109 458
155 126 168
22 50 394
157 109 510
109 65 77
107 67 305
11 145 379
4 63 673
9 117 117
39 100 205
133 30 146
163 77 852
84 65 25
125 114 165
43 100 580
119 33 401
59 117 510
99 113 501
140 10 516
96 140 741
100 134 62
156 104 781
168 34 169
146 130 955
149 23 792
96 23 463
9 134 772
132 165 651
56 31 792
38 87 421
142 166 176
65 136 679
114 21 719
6 136 340
162 146 731
70 14 980
134 160 165
56 106 32
34 159 673
126 4 528
39 175 146
73 43 237
25 23 800
38 21 77
32 151 268
19 18 776
87 90 190
30 23 922
103 87 122
94 175 600
45 114 1000
32 113 353
145 140 919
161 141 165
170 107 525
1 114 145
54 36 489
39 51 715
93 28 351
20 157 74
83 27 473
13 0 11
170 17 994
67 167 263
6 142 901
90 101 431
139 45 173
141 2 444
24 79 121
151 94 607
155 45 622
69 68 509
141 109 700
66 52 245
36 75 419
26 111 752
70 173 886
77 23 145
159 160 579
174 51 207
125 41 982
111 4 354
37 122 667
130 121 621
95 70 569
59 126 546
91 66 550
149 94 980
130 159 270
77 134 372
125 44 268
64 15 199
145 99 951
132 129 494
80 37 612
23 121 178
146 89 322
164 136 669
82 3 626
39 76 59
171 0 84
116 53 156
138 66 705
21 84 629
122 6 673
42 78 484
70 134 600
73 146 581
152 170 889
130 134 801
63 102 415
32 52 267
49 11 903
115 38 923
168 67 320
15 55 3
76 132 51
114 44 102
150 151 993
119 98 50
39 167 745
49 28 406
144 71 238
41 39 373
154 83 251
73 25 57
115 174 858
100 118 866
68 44 815
3 51 982
122 166 570
125 98 582
6 102 701
153 118 427
8 163 487
106 2 597
84 65 192
157 38 35
88 111 134
166 100 673
112 86 47
87 56 166
100 111 501
164 147 611
99 143 129
10 64 530
94 107 668
23 67 173
93 81 330
147 165 495
24 6 38
44 59 137
121 162 821
161 158 89
164 143 491
137 102 266
166 173 519
137 138 342
108 4 187
99 85 777
162 163 861
55 50 238
3 171 337
146 15 451
13 122 850
119 168 738
80 49 322
4 42 550
128 82 472
79 95 732
11 118 873
171 96 331
114 37 937
26 83 486
105 54 760
128 9 533
84 54 482
22 135 71
22 57 965
156 135 280
86 70 421
151 139 63
168 117 318
83 75 806
42 153 880
165 134 163
58 52 987
90 109 507
2 109 142
61 155 787
108 92 527
4 148 377
75 4 984
132 47 913
144 16 122
21 46 582
139 60 433
117 113 300
42 67 295
140 157 674
125 49 412
120 63 539
127 160 197
153 112 126
116 53 659
18 136 316
27 62 644
173 175 214
111 45 559
37 113 955
30 10 533
91 67 911
90 129 470
109 15 136
41 143 558
125 54 228
63 58 525
141 105 393
56 61 58
24 132 675
51 61 482
36 165 814
28 154 97
90 71 326
63 118 149
19 18 898
17 16 585
86 111 964
24 14 244
63 112 463
11 41 769
9 100 302
97 128 569
37 172 930
53 100 254
169 106 142
109 14 577
163 64 302
1 25 140
16 160 82
12 136 771
158 150 892
169 139 858
13 2 303
21 70 330
126 150 599
48 136 994
7 137 689
173 128 792
72 160 582
14 120 940
146 53 943
121 127 937
104 99 762
88 68 518
17 121 123
5 111 848
157 99 918
9 118 307
7 26 288
94 102 672
74 23 886
71 116 309
122 154 958
103 125 578
22 165 448
18 29 808
151 148 440
68 40 711
97 163 511
128 164 165
29 115 108
4 64 594
10 90 774
140 55 711
126 133 707
37 103 797
3 29 1
131 55 413
14 38 95
125 83 998
50 44 126
77 174 517
153 65 458
176 117 677
62 48 522
143 149 402
168 54 70
175 176 267
36 19 945
27 47 594
74 43 479
47 29 913
79 36 845
96 83 367
73 56 237
142 125 83
82 91 23
96 112 535
147 138 318
72 89 913
93 85 434
116 60 970
78 57 42
58 142 793
127 5 7
27 111 157
0 101 754
164 169 510
156 53 80
159 173 721
119 3 237
52 28 343
105 10 112
142 52 101
102 58 315
77 75 389
167 68 587
104 15 446
117 168 178
2 17 930
72 105 719
71 96 670
30 88 583
145 156 936
62 68 194
48 44 737
149 48 672
123 25 263
7 85 43
136 41 661
136 161 277
48 9 272
114 163 553
90 81 470
30 74 119
3 114 808
132 1 865
81 36 444
11 92 825
175 142 420
146 167 763
172 114 307
122 96 770
61 78 517
35 33 20
156 90 614
97 166 948
74 168 665
99 16 407
92 68 744
139 34 863
115 116 918
150 74 461
100 168 504
141 66 718
109 96 748
65 154 5
14 32 23
72 149 731
77 125 862
157 144 893
119 142 328
167 43 662
110 4 4
85 148 950
148 165 692
156 145 295
7 61 168
171 3 950
116 5 192
27 26 421
140 130 203
143 16 944
84 92 61
51 89 590
100 176 268
45 110 471
21 158 162
158 48 335
155 114 173
56 12 520
146 14 665
157 138 614
24 134 898
17 129 765
0 120 44
73 95 785
6 70 590
93 13 150
115 27 131
82 122 371
38 80 596
134 94 691
37 33 836
21 147 421
57 146 135
65 68 381
153 103 863
74 59 47
49 172 638
52 55 972
28 19 628
74 118 954
0 100 178
58 120 664
45 137 577
18 175 573
5 147 556
91 147 202
99 170 125
101 66 337
123 3 920
99 22 843
16 94 719
36 46 192
45 84 668
143 133 806
115 89 999
170 102 239
140 4 57
35 13 750
39 68 657
31 104 645
114 73 82
68 46 897
47 157 678
29 144 55
22 2 360
162 167 535
99 96 211
116 18 823
110 52 154
135 66 22
146 175 313
29 168 761
112 130 178
143 170 21
158 162 44
3 138 939
11 13 179
38 110 451
175 48 424
66 72 711
133 105 486
16 78 604
43 102 358
86 81 175
24 34 339
36 169 752
76 93 597
32 8 836
20 171 948
1 36 816
18 30 899
104 36 925
137 102 501
131 1 630
122 125 716
45 134 720
76 7 455
18 136 815
109 105 650
121 24 231
73 80 963
161 164 208
48 99 371
129 12 121
80 87 731
93 73 899
29 15 521
24 104 419
23 22 877
144 156 124
127 45 131
169 32 978
148 21 776
104 44 732
169 132 33
33 2 975
10 37 513
142 51 728
140 135 989
125 128 871
116 67 287
31 91 728
163 63 94
12 150 157
22 120 257
37 159 648
49 67 286
73 117 853
141 83 273
17 57 813
44 126 396
83 17 798
46 48 361
82 160 630
36 52 141
151 78 341
99 40 251
20 36 460
38 65 427
23 132 481
176 67 86
24 74 471
18 176 104
77 157 376
169 161 60
168 108 574
19 135 645
114 173 365
110 60 721
133 78 155
78 31 459
169 120 578
35 113 190
34 89 233
37 62 28
94 102 249
41 86 178
80 110 700
87 30 226
69 61 218
14 62 817
140 65 131
69 125 109
79 132 497
11 141 671
42 137 956
68 88 835
22 108 903
33 27 488
159 42 466
81 172 46
25 65 246
81 98 999
24 120 338
11 106 274
104 78 779
130 99 516
138 14 23
157 160 362
147 37 978
84 31 326
15 174 801
164 97 405
37 39 855
14 102 830
35 144 978
65 39 621
127 113 224
159 89 92
149 10 755
21 5 21
34 111 406
145 38 292
38 157 266
144 74 539
64 133 41
115 88 596
95 172 480
134 47 390
17 27 569
39 116 132
78 127 375
92 139 172
4 64 118
108 28 513
24 165 920
139 98 531
28 124 449
80 175 615
172 91 649
29 23 474
54 162 453
176 82 730
127 58 669
70 64 980
26 163 718
105 37 753
38 7 406
16 162 568
29 59 50
38 41 575
21 94 301
96 107 448
37 118 734
99 168 926
75 166 930
120 21 660
141 39 495
18 41 265
152 65 487
56 151 274
42 128 729
171 63 189
123 120 358
24 134 668
48 164 390
73 104 429
130 87 986
5 100 503
160 7 772
4 111 31
71 1 986
53 100 587
48 174 745
2 100 751
110 167 761
69 93 340
0 124 748
16 54 695
85 67 667
31 36 636
26 116 97
137 151 873
159 92 810
124 135 410
41 167 311
94 155 363
101 68 318
72 16 100
95 33 773
158 24 868
18 128 226
123 10 445
19 2 135
128 49 464
154 91 43
8 116 355
39 1 943
135 85 309
84 51 523
115 121 95
17 47 951
66 1 976
76 41 180
150 14 290
92 166 75
66 112 632
69 143 312
105 8 88
162 20 196
33 16 725
100 171 604
162 120 292
98 109 464
171 26 646
63 156 364
133 60 577
103 52 462
112 36 894
44 112 961
79 24 352
153 102 654
174 108 90
39 138 87
70 175 226
0 37 245
167 143 384
60 73 507
173 107 116
164 87 487
56 145 790
124 97 609
162 69 762
148 144 117
62 18 677
141 47 619
163 139 9
139 60 302
111 100 113
106 27 318
19 120 430
58 108 827
155 5 431
130 68 46
118 32 44
135 97 828
64 69 674
39 74 41
133 32 486
127 18 94
83 72 987
15 147 952
120 159 98
0 96 774
25 31 525
82 90 969
153 75 254
137 109 216
18 156 921
49 86 978
47 37 714
9 59 937
9 101 500
101 134 887
57 139 890
81 21 267
157 102 498
9 30 932
64 143 926
88 54 303
110 143 45
51 33 574
51 1 959
80 132 981
73 88 71
82 49 300
47 50 193
164 123 231
73 89 233
37 62 51
22 157 976
87 147 13
66 70 799
7 162 838
7 52 752
48 154 482
47 129 138
14 166 52
115 46 861
159 162 356
81 40 464
138 122 475
117 118 971
23 160 97
72 171 562
43 100 649
53 34 491
133 21 261
21 71 723
4 129 35
56 23 788
140 71 136
13 14 362
43 86 726
140 145 762
65 118 662
0 18 308
154 15 307
90 74 397
160 118 559
63 158 439
145 73 986
7 11 231
122 153 27
29 88 836
119 133 649
116 165 149
24 18 517
116 74 65
6 41 980
34 9 762
100 121 991
122 6 881
97 143 599
122 2 605
68 160 276
90 4 989
8 2 566
100 19 601
103 158 162
16 1 134
124 25 254
10 47 901
64 61 898
142 50 961
159 141 189
102 11 522
35 161 915
54 16 338
63 21 415
43 0 317
73 74 945
46 134 853
117 45 999
36 109 245
64 47 23
6 7 527
72 113 31
144 113 933
80 175 174
95 12 60
110 13 949
90 152 658
158 132 129
69 123 267
125 55 699
74 144 712
95 59 639
143 121 692
124 125 635
103 26 22
77 52 196
64 8 706
39 133 108
153 20 946
113 146 717
53 121 180
15 96 229
176 1 695
69 22 894
167 124 30
9 129 348
79 87 515
43 23 834
171 140 173
153 149 242
69 101 340
67 117 966
71 65 200
138 37 638
171 49 530
14 76 210
159 154 795
80 45 771
172 114 823
123 149 933
21 52 45
81 130 960
9 151 491
90 46 708
35 92 897
150 56 99
21 71 204
1 4 119
73 84 371
100 34 10
8 88 506
73 124 600
122 28 225
78 5 7
142 26 664
78 141 713
128 45 729
97 95 150
145 99 165
4 57 529
56 152 474
121 153 374
70 20 603
132 169 235
150 174 483
17 150 305
122 76 687
107 51 227
54 158 185
68 73 961
153 24 78
163 9 534
105 153 837
154 60 176
107 106 16
3 59 237
15 81 674
137 135 898
127 78 30
58 95 69
117 91 196
71 55 386
138 67 127
75 102 438
140 164 548
9 130 39
107 97 688
4 58 615
143 97 456
116 173 27
12 5 929
110 168 787
82 79 353
22 146 71
98 81 956
61 68 826
6 51 981
131 83 781
78 8 680
165 79 310
140 164 595
77 138 115
54 23 859
53 95 624
131 48 510
155 29 824
56 123 301
108 86 238
176 125 97
63 100 37
62 81 881
59 91 516
173 152 409
26 125 586
167 64 302
115 14 12
67 128 992
90 42 794
168 103 868
59 122 516
80 104 630
36 145 853
89 55 634
121 94 379
36 83 571
46 158 778
61 13 451
66 106 631
169 31 809
24 82 927
73 158 528
151 153 974
76 143 949
30 150 685
78 157 552
173 9 191
17 49 420
30 11 948
12 117 357
28 161 452
96 111 498
57 144 47
15 33 472
149 43 62
86 165 990
143 60 420
60 108 52
63 83 846
133 42 595
38 164 156
74 9 151
33 138 196
80 150 552
130 131 386
113 87 251
50 126 622
95 8 111
167 86 779
72 132 437
126 133 38
108 32 555
162 58 553
158 86 93
78 27 8
50 66 275
2 98 732
13 71 28
175 148 807
23 53 851
167 11 767
144 120 859
104 76 771
6 168 387
175 9 788
57 150 648
148 149 313
156 33 184
10 152 845
78 73 547
37 171 392
68 53 239
50 7 63
11 107 973
162 77 355
163 3 280
135 169 220
131 59 674
24 129 888
154 140 160
23 160 100
76 120 173
33 47 12
67 98 303
79 52 488
133 105 522
18 163 64
83 103 504
121 140 700
31 95 329
151 169 308
108 128 480
80 4 463
106 74 293
132 154 143
165 106 878
132 44 945
93 91 204
69 33 840
16 91 994
126 132 545
88 26 160
145 92 461
17 49 897
162 64 562
118 104 396
109 98 278
138 90 756
12 59 480
16 78 538
153 53 684
19 79 521
152 30 667
86 11 160
163 127 899
156 107 138
129 94 112
109 72 691
51 133 249
128 93 986
129 116 520
130 140 155
148 0 507
166 9 390
49 85 975
128 2 638
105 111 667
164 134 208
162 142 914
145 127 776
132 22 672
152 27 656
84 44 188
10 165 552
16 58 873
54 45 500
116 59 614
87 163 573
127 135 375
83 121 968
133 97 906
70 92 791
57 55 479
78 22 191
130 124 708
25 149 322
85 84 497
36 74 543
85 17 285
59 23 180
166 128 248
163 77 843
1 12 740
111 39 751
106 23 111
121 137 818
128 140 442
134 9 778
70 51 340
5 108 517
76 77 145
9 115 354
29 21 699
52 80 559
10 161 938
138 167 717
68 12 2
101 52 326
128 142 681
174 123 319
23 99 788
107 143 342
174 122 94
165 109 69
72 163 333
169 158 478
170 173 818
30 0 254
21 57 417
152 86 802
138 149 747
114 60 353
128 116 313
40 88 583
93 164 741
111 150 505
57 97 27
141 147 982
114 118 790
52 123 565
70 88 117
30 77 249
137 51 13
108 46 204
165 32 623
88 22 618
104 30 159
136 19 597
24 114 346
92 95 841
87 20 710
92 138 108
162 93 176
105 102 556
157 5 64
91 97 759
149 118 625
176 157 585
19 77 449
150 163 864
153 135 543
7 150 591
146 170 742
94 128 214
139 6 79
25 146 372
0 165 750
132 43 28
32 75 821
39 155 816
81 119 413
144 145 954
71 161 147
122 17 879
151 157 55
142 21 186
16 77 686
30 92 917
75 66 446
40 102 826
65 100 485
159 45 418
21 166 538
98 168 712
39 62 975
60 104 973
156 27 276
96 62 227
57 126 944
24 134 21
43 21 422
167 70 246
105 99 199
100 18 459
18 30 337
145 109 719
70 73 847
15 34 197
146 106 115
57 87 117
71 16 89
37 27 372
141 51 476
40 53 983
137 48 970
113 12 965
31 30 229
169 42 257
78 116 6
38 147 306
155 95 247
103 140 451
30 39 632
3 61 35
62 2 865
42 150 326
152 3 490
45 169 455
37 147 821
148 84 588
71 7 317
118 123 476
92 174 371
100 14 324
143 5 601
173 152 935
167 2 445
148 62 732
108 64 29
159 169 136
40 61 901
96 104 882
137 60 495
37 157 641
31 100 925
52 96 48
125 157 171
159 8 660
97 102 753
109 81 674
134 115 201
126 112 608
117 71 279
9 63 430
25 61 433
102 4 895
126 165 855
117 124 680
135 24 761
98 162 447
95 39 943
27 161 305
116 148 687
143 116 916
63 104 246
113 80 275
38 145 82
146 102 687
60 168 600
82 137 834
94 127 378
91 147 765
161 31 305
138 110 233
88 8 783
25 171 406
91 20 699
120 41 327
17 106 398
21 125 273
169 144 779
108 22 438
12 160 592
75 98 816
154 159 480
120 31 15
12 19 861
160 171 997
133 0 652
55 12 4
91 29 429
96 149 809
100 11 156
102 50 978
136 151 807
32 165 173
86 98 146
86 97 98
171 14 889
70 117 527
98 99 658
145 10 132
96 61 847
73 145 939
77 129 825
12 42 960
113 48 721
130 60 467
154 60 770
98 160 105
94 32 821
98 11 349
162 37 876
36 1 23
105 96 940
146 45 960
0 164 670
109 155 625
52 103 335
12 143 481
101 106 267
109 142 540
132 109 929
68 27 473
151 98 657
29 171 420
43 134 335
172 14 195
97 170 747
172 7 677
134 55 180
168 69 173
65 9 879
41 139 389
99 61 178
100 65 629
95 10 730
168 76 937
124 13 450
18 153 564
21 30 408
131 84 953
13 159 627
48 44 36
120 107 1000
6 144 986
8 38 992
128 103 866
4 38 165
150 145 408
107 76 92
19 88 976
113 155 680
30 72 749
1 168 977
48 84 466
110 89 145
129 83 194
142 172 262
67 52 914
8 89 389
50 125 415
90 126 366
68 62 602
40 74 514
81 17 41
125 33 708
15 56 191
124 5 415
52 26 553
91 102 116
28 93 581
143 168 959
90 31 268
90 149 293
112 32 546
52 137 324
56 94 748
159 19 722
169 111 738
18 25 896
141 176 281
92 85 296
152 84 460
151 45 119
117 19 43
171 118 145
0 65 936
47 159 402
118 81 936
82 88 94
132 49 583
0 63 445
152 87 806
18 116 35
119 106 509
41 136 665
73 24 757
144 143 515
133 63 525
73 76 84
47 172 4
148 95 884
143 134 113
115 76 164
32 116 805
50 2 734
44 153 508
85 154 326
153 106 143
97 101 544
2 143 346
169 82 983
74 35 836
147 32 148
39 172 723
78 73 782
101 70 35
131 162 945
150 62 921
63 21 697
80 42 522
20 176 317
62 72 886
147 7 83
165 120 572
171 23 560
92 29 289
167 139 3
97 104 153
111 60 941
102 50 901
22 145 544
73 32 67
64 14 330
89 60 547
60 136 779
140 7 292
9 42 977
94 37 279
32 136 313
176 16 540
151 40 626
24 118 607
69 173 396
65 34 775
19 91 119
40 129 663
74 40 397
69 141 59
7 51 386
66 129 138
129 149 673
0 93 495
145 158 965
21 129 619
116 64 13
140 41 696
94 53 750
21 64 242
113 38 503
147 67 606
29 39 7
145 170 841
103 138 538
26 149 236
176 73 39
154 6 213
34 141 933
120 98 132
19 105 839
59 90 473
78 32 233
105 83 193
170 114 420
133 5 86
148 55 310
79 150 439
46 74 77
28 104 911
137 162 490
70 167 806
156 112 265
120 139 392
67 95 405
74 57 165
118 137 448
78 107 214
13 156 955
164 81 522
166 72 739
40 108 178
22 126 662
4 118 637
134 132 1
173 150 639
77 74 631
158 55 269
3 157 385
81 66 2
146 159 330
76 42 19
170 29 14
174 137 312
17 48 316
41 168 98
78 35 83
111 153 722
166 174 154
7 18 833
63 23 43
135 6 557
28 112 878
135 113 832
84 37 804
5 143 975
104 37 321
146 43 191
164 22 9
121 138 852
73 66 200
110 27 997
175 2 738
11 20 517
19 119 884
11 30 364
164 129 898
8 130 569
56 148 395
15 102 258
136 38 236
28 10 845
24 39 180
67 79 699
131 86 962
58 47 23
170 7 699
151 161 155
69 76 826
47 27 280
82 110 682
90 5 256
36 127 38
135 21 783
3 160 944
142 7 269
145 46 215
60 161 82
164 96 929
7 27 649
96 75 958
117 62 263
129 37 553
146 152 614
111 170 504
149 130 200
79 130 270
68 40 231
105 130 309
48 35 461
169 69 569
72 111 529
107 68 309
159 39 899
89 28 145
135 103 498
132 6 342
48 176 41
90 48 677
103 29 440
92 73 701
151 150 763
3 65 524
67 107 385
121 62 40
99 31 152
79 78 810
81 31 368
41 2 301
124 78 390
95 121 873
128 85 952
174 101 762
106 166 388
134 162 730
11 59 33
116 82 656
77 76 863
161 30 167
85 164 360
41 140 614
7 65 917
65 164 150
167 2 532
3 47 871
130 19 351
56 156 956
166 107 452
102 97 792
172 13 548
3 64 796
161 43 84
42 12 57
62 121 72
131 116 522
154 69 79
3 152 662
153 28 795
52 150 881
147 143 654
54 106 218
144 69 702
49 131 333
12 15 807
44 156 160
147 62 231
140 126 262
49 165 50
115 119 815
54 78 397
128 87 202
73 120 781
116 75 424
124 135 887
63 127 398
24 107 160
46 50 750
144 72 926
94 66 305
43 93 627
156 50 450
47 73 659
95 107 389
3 103 404
155 68 81
120 119 835
148 55 170
173 143 517
156 106 356
43 67 902
80 112 625
22 157 171
130 145 923
130 59 30
175 18 874
32 11 802
86 167 189
108 4 517
57 48 882
36 35 493
3 131 152
99 29 311
53 100 14
69 116 121
147 135 729
52 34 326
16 173 588
111 22 705
83 13 415
127 122 499
166 117 156
20 15 581
173 169 433
103 39 674
95 67 963
70 121 636
162 9 314
1 124 310
74 4 543
167 23 50
44 89 630
92 32 572
75 71 725
117 47 579
71 36 667
106 92 227
109 141 411
136 160 734
114 37 814
84 149 8
25 59 594
123 21 573
171 84 943
5 46 8
121 19 228
76 173 233
75 2 427
18 140 205
8 26 869
123 139 643
95 31 133
145 64 115
119 144 249
0 161 573
54 84 930
29 134 76
26 107 779
131 26 920
66 75 135
59 95 584
119 60 214
107 42 551
10 80 856
6 132 808
166 4 650
82 25 586
41 156 182
133 113 49
47 138 924
80 153 149
127 54 453
4 120 37
61 11 410
131 98 519
128 79 649
115 176 36
48 87 145
160 69 751
33 45 139
48 1 434
2 90 269
109 114 713
62 124 317
144 137 282
68 139 157
106 98 864
129 74 831
146 5 607
70 32 233
19 149 3
39 59 276
20 30 11
125 167 369
115 170 442
162 152 29
153 159 808
164 9 179
113 118 747
116 99 969
105 62 291
52 155 513
110 80 989
10 40 487
151 85 713
7 133 461
50 70 959
116 115 345
163 11 849
173 0 601
29 158 657
16 75 629
3 145 64
61 169 863
107 44 824
138 14 58
66 145 499
112 37 771
118 158 416
105 50 173
145 150 846
136 165 776
72 159 915
161 32 422
153 96 67
127 61 374
33 50 678
51 110 771
169 19 679
102 51 109
112 28 139
77 72 272
25 135 486
46 155 382
117 16 146
38 33 360
39 153 22
96 86 439
123 170 825
121 117 684
72 111 712
175 94 953
35 160 531
86 100 517
11 167 299
82 142 280
124 159 844
37 129 681
174 112 10
5 19 974
65 126 627
129 106 40
82 83 277
140 18 885
173 100 282
163 83 368
54 79 861
120 165 311
163 10 640
154 43 332
173 83 697
126 87 860
31 139 398
49 34 101
13 121 133
159 55 407
153 34 414
9 55 236
141 56 449
109 34 526
44 4 176
104 42 501
96 132 416
139 102 596
57 31 679
162 70 127
131 22 902
85 141 828
63 32 329
94 143 541
154 0 308
82 74 228
24 103 572
26 106 403
153 158 344
22 114 84
115 45 565
84 41 567
45 154 821
66 94 82
139 115 50
82 44 198
53 131 993
43 13 204
164 105 152
175 26 7
98 124 437
15 55 505
139 31 663
23 176 918
15 19 727
8 82 700
174 18 193
85 117 248
84 8 899
156 103 662
130 81 91
132 7 679
4 99 759
18 46 902
127 12 139
159 6 138
26 108 45
33 88 280
172 117 872
126 143 596
18 130 267
70 12 848
161 68 175
43 96 750
141 119 566
167 35 594
23 11 90
0 148 227
118 117 837
1 47 8
172 25 188
26 3 183
100 21 521
92 33 175
12 151 800
85 29 900
158 91 26
51 4 837
156 85 864
55 49 426
13 151 85
120 163 363
55 146 146
153 40 745
92 57 777
122 68 371
147 77 525
151 71 237
159 16 808
170 76 311
70 8 370
71 70 198
174 92 218
153 173 622
65 25 326
21 134 418
136 92 845
0 81 339
77 158 539
23 155 912
163 5 752
86 3 341
15 71 479
59 24 331
20 123 374
137 174 732
148 170 14
126 33 617
98 170 360
76 131 543
14 46 417
92 150 654
13 96 403
14 166 935
54 104 840
150 76 569
51 151 536
99 120 535
64 8 924
50 172 297
140 0 898
3 45 35
149 22 302
146 53 668
147 149 425
100 24 122
111 59 188
47 56 166
12 40 469
0 12 770
95 176 818
125 30 714
81 38 6
30 61 998
137 57 405
3 71 206
135 34 288
141 166 534
112 168 587
67 103 664
48 62 587
48 78 652
128 66 800
119 25 224
66 57 984
59 110 991
174 37 434
48 123 946
102 125 208
68 78 117
77 1 164
129 118 747
57 74 910
14 22 946
83 21 944
166 163 100
22 154 340
61 60 583
29 12 414
167 162 582
63 61 146
33 160 409
45 140 2
42 139 507
115 64 811
124 125 984
170 110 426
9 67 621
11 141 194
152 146 833
144 146 509
129 99 855
6 61 873
118 24 344
115 109 680
47 73 645
80 19 17
98 103 341
77 114 427
107 55 506
81 20 533
0 98 482
159 97 265
54 21 734
129 132 545
59 131 586
170 166 738
166 131 237
72 113 834
140 37 845
85 54 217
57 99 227
28 126 107
100 154 752
51 47 665
162 169 119
8 35 534
98 10 80
45 23 750
69 162 271
62 139 914
11 149 927
69 55 689
35 113 484
168 161 510
23 144 624
67 100 445
23 1 97
127 73 657
145 50 87
92 32 561
150 53 29
130 34 400
60 87 134
108 66 445
10 92 468
103 59 443
34 15 460
112 138 836
64 143 999
41 50 791
138 125 405
18 20 293
123 134 534
67 106 537
163 41 894
65 12 968
142 110 499
126 108 434
144 167 684
154 141 524
75 175 691
152 16 390
91 169 134
14 164 959
53 162 969
65 7 967
37 30 321
99 95 694
52 92 65
27 95 695
122 78 839
108 137 235
165 32 335
74 136 203
160 12 96
113 65 432
120 59 466
128 138 418
138 60 781
111 115 368
22 11 190
122 89 889
43 123 298
138 160 153
60 101 789
144 150 999
41 123 425
13 78 669
94 86 236
47 46 778
109 88 329
135 6 902
82 12 771
112 89 256
115 23 141
14 47 667
113 61 38
119 172 988
62 11 268
145 111 283
52 1 897
39 175 236
167 71 89
20 121 644
42 45 610
173 161 425
65 157 476
131 87 735
85 154 440
35 154 418
96 17 560
80 148 899
39 170 281
93 16 285
19 51 876
148 156 51
171 101 104
23 8 803
54 147 494
161 26 14
97 107 813
86 76 47
89 85 841
100 148 794
71 139 975
9 107 915
109 2 176
70 59 997
3 73 628
36 107 320
109 170 395
134 26 809
55 29 568
115 119 55
126 0 39
41 43 755
133 173 963
154 155 185
27 176 259
129 143 487
176 115 965
28 27 639
38 31 22
42 171 635
32 44 196
137 172 623
2 32 260
121 62 165
13 37 790
50 125 388
96 41 608
44 68 667
122 87 241
27 136 881
50 82 980
82 65 502
97 151 983
136 88 658
111 124 867
41 58 186
162 26 999
100 115 422
122 152 569
130 120 846
71 19 23
99 112 357
51 12 417
92 50 876
54 69 877
14 74 11
148 131 596
132 44 781
16 61 572
90 1 766
112 162 242
45 114 892
107 161 955
132 54 706
61 33 1
66 126 572
75 36 689
140 110 198
33 14 451
158 70 751
44 93 844
105 46 187
135 97 397
122 52 85
6 133 648
142 105 553
86 50 451
13 72 886
29 21 349
4 132 848
137 53 194
118 128 998
21 82 292
114 20 24
10 1 554
3 128 151
29 146 352
70 36 787
100 106 866
122 29 456
105 165 738
130 109 856
78 34 167
84 142 475
124 93 287
125 41 150
41 125 538
149 161 410
116 71 350
174 165 740
45 121 309
85 157 405
175 66 209
169 147 230
129 146 609
144 94 658
69 40 315
176 147 835
135 119 421
35 123 280
97 166 891
63 73 755
165 140 829
22 108 484
122 161 340
2 161 822
130 123 229
82 131 445
123 143 638
19 73 447
166 44 481
150 149 587
65 87 542
136 6 207
148 123 178
174 7 586
49 172 199
15 13 141
124 170 783
70 28 902
46 66 979
94 23 594
20 46 85
139 137 679
9 97 257
94 48 363
71 41 365
151 80 140
15 158 356
5 128 576
115 57 681
83 4 677
18 127 556
82 10 769
46 173 186
166 168 977
75 120 980
82 142 240
11 169 10
83 52 430
99 145 297
23 99 977
166 78 865
60 29 847
19 90 707
166 84 949
97 7 262
70 134 825
28 167 34
59 16 101
142 88 420
117 133 142
170 144 495
22 111 179
50 163 214
175 137 467
174 152 821
145 165 652
63 99 544
45 41 262
82 45 410
77 23 114
136 32 732
77 21 983
29 82 335
82 123 470
10 160 638
162 47 912
143 173 946
160 102 794
31 108 981
153 127 927
140 78 660
32 114 52
34 117 870
71 167 73
146 72 803
79 115 749
3 142 470
23 160 554
148 30 244
67 50 729
146 136 757
27 72 887
134 14 565
131 132 522
175 88 170
119 38 389
54 164 838
124 57 645
24 7 687
168 64 858
28 39 171
122 95 125
41 54 673
172 157 946
125 53 160
88 48 493
70 104 915
6 7 261
126 2 808
9 127 72
120 167 161
10 50 284
73 43 603
72 119 92
39 152 469
29 106 732
155 128 515
139 32 221
99 136 175
14 113 385
170 20 90
18 10 486
42 56 622
42 46 404
3 85 203
114 63 514
16 70 229
84 100 776
175 40 826
173 126 633
12 72 380
47 88 110
34 104 242
24 8 973
99 162 453
66 98 618
151 144 410
31 114 355
107 67 967
72 12 501
168 35 500
165 28 974
163 117 51
154 45 817
2 1 843
85 157 351
81 41 784
68 101 964
115 110 711
90 129 448
65 20 981
108 42 604
109 96 175
135 169 848
13 66 867
139 114 601
8 161 43
63 43 289
158 168 741
163 134 793
154 42 965
79 169 516
88 144 165
29 47 534
86 138 706
174 96 30
31 137 364
38 91 698
149 87 641
114 92 211
110 79 133
142 163 635
50 6 880
69 80 648
140 77 470
73 24 794
58 90 543
11 142 990
79 93 61
105 120 597
21 24 627
6 152 466
126 75 68
82 66 205
116 16 320
34 61 754
151 93 337
17 146 387
169 90 690
102 148 857
101 98 428
57 112 356
11 51 601
33 121 947
111 7 205
69 75 908
163 115 304
24 29 740
157 103 649
116 137 527
126 174 442
34 31 898
63 27 857
87 118 891
142 129 713
48 123 258
66 16 688
110 121 378
172 156 19
57 19 72
113 162 879
21 176 948
16 26 58
39 58 631
79 11 479
33 2 561
20 163 944
77 103 200
133 50 826
39 32 109
158 151 276
129 74 360
84 104 238
171 38 877
75 159 109
143 149 802
140 31 552
167 13 910
58 119 128
16 115 139
136 113 849
128 89 901
70 85 888
123 175 963
12 9 551
144 136 993
69 113 283
138 131 912
34 80 659
111 4 878
47 62 404
109 46 638
115 159 770
4 95 764
75 48 218
135 50 364
111 118 10
116 75 108
112 55 27
41 79 375
106 50 492
19 60 635
106 0 29
170 42 705
140 122 169
94 171 215
36 78 434
176 103 564
17 132 882
32 49 847
67 75 55
106 148 767
14 120 127
34 57 944
129 27 608
75 155 515
84 27 460
9 39 346
155 73 994
72 62 15
26 166 499
145 103 250
7 98 998
52 27 359
162 166 450
43 107 9
6 62 230
120 84 187
52 111 115
165 2 658
43 56 934
11 2 755
166 139 730
3 135 697
59 61 985
50 164 984
68 158 166
167 11 216
101 125 22
29 66 925
106 176 415
55 104 339
26 41 271
23 54 684
87 116 409
72 168 284
104 91 797
141 63 525
19 156 82
13 148 329
42 171 386
14 101 73
52 90 254
129 13 90
105 68 227
113 50 805
150 39 788
122 145 623
107 142 289
96 129 497
117 165 276
73 66 271
133 67 812
126 110 167
144 117 448
92 46 988
172 31 372
67 97 816
152 43 236
37 85 226
93 88 133
29 107 298
1 150 68
99 29 159
124 11 77
96 8 526
93 157 368
135 55 284
166 146 955
98 137 598
60 137 23
38 138 491
38 36 191
144 164 43
34 106 525
113 66 697
132 72 761
3 26 212
79 15 218
33 157 939
64 119 241
109 67 274
36 162 642
33 163 918
122 14 154
132 90 984
136 95 330
8 11 463
111 0 10
96 62 823
125 55 453
151 48 722
100 32 105
53 62 487
101 10 675
106 122 606
48 155 484
34 19 73
15 33 771
161 16 213
56 87 463
115 175 730
110 74 214
160 55 514
58 79 564
148 35 314
162 80 831
9 73 332
171 116 820
11 175 953
33 92 250
128 17 16
73 103 96
163 129 522
50 70 480
118 151 300
168 129 691
56 79 225
120 133 733
160 122 862
99 126 30
61 161 896
168 163 886
51 90 859
103 87 801
52 105 87
136 141 970
159 150 396
86 6 386
70 88 154
64 44 12
154 118 779
3 105 284
145 26 291
87 176 971
122 105 308
11 137 543
138 100 688
1 35 870
121 170 431
80 4 935
2 159 247
134 61 7
88 69 522
38 35 451
37 131 653
118 123 595
102 126 749
150 29 283
157 160 847
94 26 867
163 68 214
39 72 966
33 173 207
88 11 779
126 62 779
173 161 686
92 123 639
32 135 108
11 107 845
62 15 874
80 17 651
133 16 824
138 129 658
110 48 751
124 47 120
97 151 314
139 12 812
105 150 787
117 84 306
151 86 335
105 76 718
79 41 262
67 45 699
142 104 381
15 62 758
82 150 494
129 126 656
78 5 751
0 50 44
153 61 15
70 73 829
19 145 970
69 88 369
168 8 988
153 170 704
50 154 991
18 152 45
99 127 122
39 84 493
79 82 443
53 81 970
122 63 267
102 141 408
108 138 262
3 138 328
44 118 766
66 153 3
163 94 184
86 170 271
162 94 729
38 151 583
165 76 883
86 15 403
28 26 963
71 29 622
54 129 819
115 176 818
68 138 280
1 110 263
157 66 304
161 112 763
42 144 922
85 175 993
134 64 469
34 49 320
152 23 762
129 171 902
136 36 469
15 106 632
133 171 453
17 26 311
0 46 197
15 43 435
19 127 531
84 54 631
79 87 852
146 51 739
41 13 929
168 149 550
2 32 446
116 139 460
32 167 62
135 71 899
1 163 792
148 127 47
140 131 259
137 157 214
164 90 109
77 112 729
67 77 580
157 64 368
116 69 967
96 40 11
78 27 876
83 106 625
60 61 129
66 0 437
89 121 118
53 23 997
150 32 744
100 33 741
130 41 678
21 41 762
58 70 554
99 45 454
95 53 878
59 168 298
133 45 70
131 72 887
95 162 405
121 144 841
13 29 563
20 32 649
32 20 59
82 151 419
114 133 821
146 6 548
131 5 336
42 117 164
119 35 617
31 35 567
103 128 2
90 86 660
40 36 809
145 164 42
0 13 901
41 18 294
131 119 154
128 119 866
17 6 398
162 171 877
17 105 410
105 82 944
58 14 137
126 105 2
128 146 663
109 71 991
104 85 19
33 55 193
95 64 264
18 97 793
20 110 553
19 90 879
148 12 399
146 87 667
90 56 478
149 119 762
77 22 314
44 100 618
175 125 822
47 170 132
24 30 291
65 100 250
69 153 871
44 173 708
148 166 55
108 30 792
71 106 555
164 29 574
3 171 67
152 129 971
131 137 464
70 60 500
74 137 642
41 134 463
154 24 907
114 137 105
38 69 466
37 118 65
1 86 21
164 146 775
7 10 651
141 63 657
83 172 816
74 140 362
13 76 167
107 54 526
20 172 999
128 16 984
110 59 245
110 28 937
160 161 270
110 122 705
66 74 63
145 134 24
11 152 857
136 117 23
108 143 244
80 44 225
121 128 528
130 27 978
5 90 281
11 22 584
133 47 391
10 91 203
108 14 624
89 43 751
150 152 307
140 133 290
102 119 843
117 114 128
10 33 648
48 141 431
65 3 355
164 0 96
79 33 432
151 24 962
83 80 897
135 97 91
65 104 949
173 134 119
9 92 198
5 165 335
95 65 999
75 7 130
59 95 399
115 106 551
90 89 881
172 115 298
94 141 880
145 57 54
26 50 150
1 98 149
90 162 874
71 141 300
123 160 296
64 153 545
94 93 16
122 162 329
158 88 64
50 46 602
42 3 91
99 33 621
102 83 305
141 88 429
6 3 439
108 82 25
34 119 270
151 83 752
61 166 453
7 128 429
80 38 284
16 78 516
59 96 888
20 21 597
111 87 866
139 127 896
17 132 155
62 20 945
137 13 236
64 5 163
42 122 423
165 30 913
131 62 719
91 93 749
141 9 996
170 173 987
91 120 79
50 140 395
145 153 566
117 73 882
87 130 412
171 90 246
79 148 879
105 33 660
125 111 98
102 54 902
151 76 204
15 164 999
123 137 927
7 91 801
90 41 112
138 58 535
79 0 575
156 29 690
138 82 285
30 176 728
82 150 426
3 65 439
101 136 817
109 104 348
39 101 271
14 44 612
126 67 781
130 5 64
159 44 314
32 64 405
165 0 298
103 99 665
72 30 408
163 4 572
166 22 429
154 153 693
164 168 819
172 109 712
106 142 186
111 92 313
143 64 353
27 76 582
52 81 750
5 106 422
37 89 502
38 8 343
145 15 180
42 13 247
91 12 689
21 113 742
97 123 745
66 148 779
103 149 236
77 107 876
174 64 652
164 120 394
44 163 429
75 91 713
11 144 174
144 90 999
89 34 697
65 50 425
59 76 704
65 77 753
107 23 287
171 145 985
112 40 522
36 77 967
144 170 834
21 127 334
163 34 248
19 63 111
121 92 152
114 151 136
16 176 400
0 17 819
155 77 952
159 53 808
123 132 135
60 106 912
103 55 688
38 50 347
100 70 162
137 24 754
92 35 443
121 3 481
10 28 321
174 114 888
20 104 481
143 81 951
13 99 781
151 75 753
108 141 649
29 14 678
3 25 803
88 157 993
68 98 185
147 111 446
123 96 377
135 82 27
154 4 549
167 27 362
155 168 438
10 148 412
65 154 981
152 64 434
80 33 719
108 58 417
155 48 832
159 54 207
101 86 44
9 143 509
74 68 607
55 169 870
110 88 258
84 16 2
3 32 732
141 43 508
57 60 506
145 175 58
94 8 185
158 33 10
124 99 496
120 133 658
121 47 269
127 98 926
61 136 446
48 130 323
139 98 416
74 51 215
152 51 230
132 159 982
129 77 223
16 32 234
147 61 903
168 25 627
175 143 818
154 112 373
166 43 999
170 161 924
50 55 811
116 36 904
97 10 544
134 27 132
31 130 289
42 67 419
114 28 7
151 116 822
25 136 811
97 153 440
83 154 581
12 31 180
28 80 887
146 170 902
0 121 161
4 78 503
84 103 289
37 176 687
62 109 397
134 172 437
80 117 273
127 8 447
29 4 741
86 96 635
21 23 229
27 6 601
94 55 199
80 88 839
104 71 277
99 106 464
52 150 396
160 7 785
116 128 629
136 35 103
108 79 638
56 101 855
30 127 220
46 33 117
85 128 722
132 45 211
104 81 955
39 11 697
123 98 574
119 139 434
19 57 561
135 103 126
36 78 676
119 66 907
121 74 882
41 92 539
73 159 484
65 86 345
156 128 928
3 33 442
56 172 873
84 111 30
152 166 506
9 79 363
139 127 386
4 144 277
90 63 193
109 148 205
167 175 186
154 176 571
11 126 824
55 131 768
89 162 978
18 28 435
42 134 475
43 88 801
114 157 42
153 146 468
65 36 560
0 79 539
173 125 111
126 147 16
19 54 378
114 93 527
31 52 831
41 67 626
30 170 196
122 42 200
102 5 728
16 79 508
48 61 266
162 34 670
103 73 703
90 153 948
48 145 522
117 77 709
15 4 653
54 57 242
17 3 257
69 31 568
52 14 668
25 167 391
159 64 267
23 49 560
4 24 392
99 136 932
66 137 842
150 49 283
98 146 226
28 81 941
24 146 287
117 75 195
93 103 446
157 83 946
145 10 357
166 58 292
175 76 644
116 176 129
119 89 18
172 55 161
84 9 396
164 58 738
98 14 897
149 116 477
145 151 571
164 25 216
114 136 619
37 106 265
14 149 571
37 114 944
171 113 163
61 77 695
135 152 304
137 99 712
70 85 800
20 13 609
133 98 301
41 33 918
119 59 709
43 52 686
167 19 637
79 101 43
46 90 859
133 156 299
15 100 494
172 134 19
148 35 432
166 23 483
6 157 496
17 122 932
87 135 649
149 168 739
78 84 92
113 153 71
151 162 754
99 137 579
131 86 921
159 130 790
118 153 150
144 130 741
64 38 360
22 5 212
66 81 378
79 37 516
102 78 272
26 152 627
91 31 819
86 171 89
85 6 140
117 25 909
164 43 472
90 113 351
96 126 256
159 96 289
89 4 921
54 34 673
75 147 675
163 126 616
44 112 758
76 36 735
47 106 617
106 16 631
64 61 877
58 48 664
39 0 40
121 1 504
112 163 125
93 40 528
19 126 849
160 25 245
101 76 840
164 155 627
78 108 804
162 163 169
19 158 209
168 164 351
160 65 762
155 17 456
45 130 472
142 77 58
96 40 369
29 109 482
170 126 117
175 98 863
163 113 481
172 121 22
147 105 870
150 89 115
0 171 71
126 112 897
148 131 14
155 10 174
137 147 20
121 116 678
121 29 898
57 124 381
111 91 490
144 161 331
20 83 857
53 97 523
72 99 593
124 149 778
24 101 734
84 131 670
17 87 931
168 70 255
5 83 494
100 91 59
61 46 371
130 88 737
130 98 108
69 86 981
56 95 496
23 153 787
81 62 543
36 85 46
158 148 307
147 46 875
127 0 545
117 137 954
49 106 40
31 130 201
66 167 245
158 39 493
43 123 401
153 5 426
64 14 449
155 24 894
107 95 149
79 176 249
23 65 340
116 135 32
12 82 519
82 43 847
95 6 667
124 79 589
169 113 426
87 57 751
116 145 59
130 49 462
120 159 538
46 170 544
12 77 483
15 64 882
27 34 142
48 100 880
72 134 147
18 46 641
47 163 177
155 80 101
98 113 33
160 98 939
151 30 185
153 76 354
88 24 562
89 140 613
49 34 727
88 153 961
28 135 585
132 133 944
12 0 472
88 124 100
21 10 187
132 80 25
84 7 545
9 158 121
131 72 139
31 5 534
14 173 119
34 133 39
75 8 282
108 146 695
30 105 331
146 161 235
22 113 470
119 123 966
142 101 794
166 21 804
86 106 220
71 20 474
9 55 182
108 107 337
151 93 291
9 125 470
61 90 862
161 141 756
62 40 367
101 1 119
50 104 94
46 54 391
145 121 719
175 141 890
134 42 748
124 96 508
92 126 876
101 107 92
18 117 463
55 123 658
80 0 614
23 96 228
142 17 205
79 114 187
148 132 876
150 73 347
125 147 296
83 61 899
176 26 560
17 42 765
1 9 845
6 169 347
130 78 901
75 133 824
138 119 955
29 129 914
117 176 423
43 56 330
47 89 931
133 47 61
164 98 917
74 14 687
143 43 497
87 106 957
140 168 621
135 159 456
93 18 854
61 77 150
112 111 485
95 107 240
8 164 704
176 105 967
67 162 505
105 84 785
138 127 888
88 49 700
11 2 365
25 13 28
127 44 583
160 147 98
170 42 857
33 142 741
98 2 222
79 136 418
22 39 148
83 27 6
44 46 391
20 85 910
125 76 704
58 67 235
114 25 348
153 139 625
161 121 936
10 110 683
42 91 939
19 136 207
145 75 1000
89 13 622
119 43 451
138 103 517
136 82 921
88 31 738
21 39 760
119 115 188
26 75 53
127 132 456
75 20 318
43 31 457
31 165 618
65 175 454
74 124 100
144 100 755
175 18 784
31 134 718
1 110 937
45 38 337
128 66 612
46 117 818
54 116 8
17 71 190
51 134 406
56 134 904
15 64 790
110 82 972
16 92 806
160 106 107
147 6 811
117 135 86
2 79 350
166 174 760
66 136 248
133 106 185
126 121 32
137 104 722
3 23 991
85 111 47
16 108 743
86 116 267
23 172 897
153 31 921
60 27 186
162 137 727
102 118 289
96 111 168
80 131 764
87 121 494
67 143 918
118 36 919
152 171 937
62 119 14
158 32 895
2 29 496
65 96 427
42 143 379
147 86 231
160 133 640
32 135 746
31 158 260
153 155 481
141 103 689
83 111 81
41 80 683
144 164 101
174 17 108
155 33 205
94 71 296
148 129 872
27 98 935
129 5 649
19 57 796
138 92 395
18 165 641
90 126 260
100 51 117
81 109 235
38 81 953
59 119 531
106 99 507
17 162 79
125 76 277
163 72 522
132 112 262
69 17 766
146 112 469
54 172 437
22 23 385
73 38 846
75 102 868
12 62 933
69 159 487
99 73 409
12 151 54
92 67 918
112 89 192
43 57 155
20 110 684
85 139 221
149 120 817
71 85 839
1 70 173
55 110 29
28 31 476
35 116 190
101 154 768
70 105 490
72 146 795
163 132 39
76 151 386
81 5 794
139 144 156
156 0 306
142 165 364
109 122 489
55 8 786
143 61 582
25 144 790
107 165 155
164 57 982
101 140 717
146 98 867
48 23 955
15 50 733
175 172 362
98 122 299
140 50 153
84 119 883
175 43 209
49 120 147
83 7 655
114 20 878
31 118 457
88 131 951
25 39 896
162 15 135
142 122 336
67 105 367
19 34 516
41 124 794
54 112 771
55 96 856
35 118 787
96 101 383
12 88 264
86 117 818
130 149 836
78 43 464
101 26 75
116 112 336
38 82 106
149 65 115
18 168 513
50 169 366
53 50 299
100 96 225
93 115 653
171 139 771
124 83 262
130 111 12
100 105 165
83 60 749
45 34 120
50 35 55
61 140 399
143 12 836
175 48 961
76 7 287
16 148 30
87 139 279
106 35 769
14 13 95
164 4 219
63 85 180
26 172 594
152 115 25
165 146 922
109 51 460
156 8 721
5 174 208
159 23 322
117 54 299
7 76 734
67 43 161
96 90 680
69 128 166
58 37 116
15 119 258
100 176 929
2 18 422
83 25 750
20 55 930
7 48 146
30 86 937
165 33 712
89 56 824
172 116 806
7 6 936
74 55 878
161 19 367
169 66 492
23 85 27
144 159 853
141 31 662
171 85 458
78 110 993
67 100 851
53 140 542
169 60 250
101 41 253
71 167 20
79 33 388
103 142 832
3 147 67
131 74 83
121 72 7
77 149 252
82 10 353
155 81 514
36 15 626
31 143 819
126 147 945
9 119 527
157 175 994
111 174 293
55 171 514
100 41 460
139 20 515
98 90 138
83 51 623
4 67 835
7 67 413
172 83 190
45 16 160
23 27 883
95 40 364
44 79 237
73 56 885
81 12 451
77 166 99
49 22 245
122 171 57
41 129 625
73 109 770
110 133 376
37 59 868
135 38 870
43 68 614
111 59 739
58 161 410
2 80 584
17 45 847
67 97 6
25 1 959
163 8 445
93 110 31
59 160 872
160 95 740
172 152 248
15 155 382
169 139 494
11 146 564
164 143 883
98 45 250
80 171 624
145 140 488
63 131 201
159 143 835
32 175 232
167 2 522
67 13 941
111 67 188
94 55 224
124 28 245
152 163 963
18 93 885
90 82 695
128 94 873
77 73 618
3 62 397
146 130 80
120 83 621
94 176 740
108 168 844
99 12 23
84 103 326
58 48 610
164 153 614
151 85 425
78 66 884
158 111 752
59 13 395
83 172 895
168 0 916
152 46 554
95 153 708
156 139 990
99 59 257
130 71 985
93 63 600
140 10 87
81 102 884
80 132 405
160 15 212
58 136 990
63 39 428
67 27 840
144 103 400
116 92 529
168 87 127
106 13 763
65 117 630
7 82 263
128 106 134
96 62 392
141 176 405
36 16 562
58 130 960
60 107 253
77 97 747
170 76 923
32 90 549
26 144 152
6 11 888
16 105 32
64 153 947
143 87 165
71 15 311
166 82 125
27 171 398
81 109 249
162 128 991
7 88 429
60 148 481
31 166 336
3 99 1000
21 29 547
164 131 882
15 100 26
136 122 865
21 3 817
165 39 418
126 53 758
96 10 981
173 108 604
90 110 962
58 54 858
117 126 453
119 18 18
66 9 354
50 17 679
63 30 441
64 73 154
93 127 99
78 107 428
116 114 672
19 42 687
130 175 989
35 62 335
69 112 62
129 62 848
17 79 364
86 50 139
161 171 381
41 95 726
85 155 907
75 145 449
100 161 811
76 89 867
157 123 971
13 16 583
106 16 923
64 146 524
162 41 678
126 12 86
128 145 199
78 5 347
120 75 124
92 149 844
103 144 442
86 8 332
67 93 63
164 118 142
58 8 4
168 149 658
60 59 619
23 61 856
156 0 351
131 160 853
22 135 838
142 124 732
136 111 590
152 160 939
164 84 581
98 8 508
43 149 916
165 14 288
16 76 687
105 165 29
49 46 626
133 156 130
81 27 268
110 58 113
9 61 385
63 54 262
111 174 918
53 140 928
163 133 855
106 29 337
138 79 785
119 120 163
156 158 559
69 126 636
21 122 565
5 145 966
170 105 921
101 43 648
44 104 208
142 42 904
159 75 816
6 65 241
140 21 57
13 63 513
143 77 730
76 123 50
17 35 415
125 61 848
120 158 105
98 110 61
121 20 921
123 162 215
101 91 688
113 138 93
51 138 136
76 89 693
31 97 169
148 173 314
56 87 695
162 12 495
65 142 490
56 156 937
23 33 51
5 79 971
150 119 704
17 100 86
8 112 62
135 133 890
131 176 147
34 153 942
32 131 758
94 42 976
70 60 937
13 133 829
63 130 27
12 5 378
14 156 191
19 75 545
37 161 878
16 83 251
108 21 313
130 127 266
67 132 565
139 104 580
3 68 217
76 127 335
0 36 899
113 125 423
123 88 102
135 59 461
102 89 981
32 75 960
90 146 388
55 23 686
2 134 728
153 138 288
50 91 577
130 67 741
148 159 847
75 4 958
124 23 295
114 166 314
107 164 345
42 30 499
102 57 557
30 29 390
115 112 432
10 73 689
133 118 696
5 146 852
165 169 956
166 6 625
138 28 454
73 14 418
102 70 942
47 120 351
19 152 731
71 56 99
166 123 66
117 78 907
22 6 356
170 172 907
157 27 932
9 8 54
140 158 880
68 86 966
125 114 12
153 27 158
31 136 998
0 86 853
68 93 908
164 129 270
120 5 825
100 171 311
6 113 414
112 19 270
175 15 672
75 96 887
95 63 660
107 9 916
48 65 634
122 64 224
54 176 231
22 96 582
124 16 254
98 84 906
113 131 874
62 6 700
30 151 936
57 112 903
138 10 712
175 96 581
162 73 454
13 104 119
169 4 584
74 95 853
161 109 874
94 108 972
120 121 433
0 47 568
11 113 523
11 101 684
9 133 257
119 38 520
68 100 918
117 12 222
172 119 589
33 57 415
144 101 582
108 44 284
73 85 759
77 1 95
70 100 937
163 3 970
31 41 864
89 61 938
154 99 749
12 66 295
169 45 539
35 79 615
75 41 715
2 83 287
134 146 401
0 106 576
131 33 321
64 65 493
118 158 605
119 153 517
33 159 361
120 12 903
53 140 342
97 14 447
103 31 885
44 31 882
7 14 24
55 64 103
105 0 948
38 80 870
100 60 391
67 56 438
46 156 972
176 130 684
71 171 929
175 132 214
129 142 269
64 76 571
133 74 272
67 141 926
31 107 671
108 114 82
152 37 89
147 33 475
164 145 57
62 115 367
0 136 548
95 60 90
106 176 670
62 171 621
89 168 304
36 151 282
53 52 869
85 16 28
150 147 193
21 6 623
34 8 932
30 5 171
115 130 649
2 112 811
13 151 721
176 138 520
44 154 225
157 13 118
33 114 725
81 72 559
55 93 859
23 67 932
88 133 447
160 4 376
165 57 846
64 134 910
4 147 530
8 107 419
170 125 885
48 93 113
174 103 827
100 55 311
100 39 44
15 135 203
91 131 803
172 122 551
78 85 847
115 160 901
153 40 20
122 99 237
48 145 321
132 12 699
176 37 770
145 54 144
96 151 599
130 138 343
149 154 944
79 13 56
51 155 239
84 109 283
122 27 613
47 73 499
104 165 520
68 131 334
62 84 970
87 151 415
104 23 143
144 23 111
166 5 3
160 76 351
58 148 915
155 44 702
53 56 303
123 52 282
13 63 269
109 74 568
147 61 796
160 0 927
92 73 584
32 154 721
102 82 179
127 37 461
148 159 858
60 23 157
68 65 476
173 125 686
164 26 676
22 47 399
90 157 846
115 106 938
96 173 452
57 38 195
128 160 31
130 68 985
64 108 604
61 102 239
120 173 892
4 14 51
116 2 686
82 142 813
84 156 604
58 75 409
100 125 831
131 31 588
41 53 623
36 119 62
51 35 829
64 43 333
58 124 461
128 134 472
85 21 646
54 149 274
68 176 549
147 148 687
31 109 647
77 113 289
90 162 285
119 33 968
7 30 862
47 81 103
98 149 968
13 57 99
23 1 636
173 39 8
128 94 527
162 146 551
60 129 131
154 38 756
129 69 159
69 93 791
57 13 800
102 169 667
113 40 420
111 137 262
112 166 501
8 136 570
55 85 528
139 23 46
143 128 990
33 45 870
34 58 348
176 134 646
63 1 22
152 79 29
102 163 384
133 120 49
82 156 805
54 43 429
81 60 529
8 42 850
100 12 424
86 101 532
164 117 384
141 162 45
153 111 917
112 157 151
14 110 226
57 54 9
12 89 881
25 140 7
78 172 584
88 35 969
111 87 961
106 139 871
120 34 253
123 154 178
121 5 930
148 123 41
83 106 854
81 169 878
137 105 765
38 166 534
149 86 946
67 92 542
153 41 482
149 127 221
165 103 847
83 120 278
155 105 575
152 13 507
45 100 789
101 5 482
62 42 430
127 94 281
7 154 483
28 42 165
85 154 817
127 32 932
3 121 715
1 75 842
105 171 715
144 70 846
35 144 908
43 159 340
56 123 476
129 148 235
90 67 859
145 113 944
155 128 848
41 147 167
29 136 781
44 124 498
173 133 749
128 176 603
173 146 861
162 92 899
5 150 840
43 120 702
109 154 582
140 173 761
31 161 266
68 75 232
42 107 860
18 46 553
136 116 780
50 66 362
172 12 117
111 106 1000
66 169 29
113 98 131
66 161 871
90 101 455
130 3 659
25 118 981
55 96 189
19 0 372
107 127 742
53 80 20
126 23 362
42 98 252
176 9 493
82 29 646
51 29 137
164 55 838
155 62 435
84 98 647
133 96 664
73 102 658
59 81 762
173 135 180
128 1 64
144 75 80
83 58 186
159 155 888
27 161 403
99 1 534
49 73 751
31 84 324
27 167 658
61 62 840
48 14 332
168 101 751
57 58 513
26 138 43
102 17 887
11 52 382
81 48 592
6 48 285
103 134 179
140 19 238
25 143 455
77 121 779
36 100 996
0 46 837
4 35 102
89 172 326
48 106 451
176 137 863
134 9 952
172 134 223
59 37 214
144 121 644
4 55 11
49 35 30
57 5 11
76 165 511
134 156 997
11 40 906
128 143 593
9 76 570
27 54 837
137 56 819
67 122 827
103 107 590
91 94 645
78 172 675
122 4 274
101 8 167
137 6 793
139 124 538
68 127 446
121 158 604
6 172 725
157 54 81
124 19 609
101 111 61
49 119 672
150 65 702
106 4 160
76 31 358
81 48 72
133 82 317
122 10 511
50 56 993
31 89 793
150 67 127
163 48 392
174 2 632
10 84 175
168 44 612
133 118 408
77 121 144
27 138 788
161 99 27
78 60 318
89 69 962
9 136 752
90 83 938
96 55 440
111 132 699
7 45 243
100 82 17
157 14 580
10 86 852
146 114 473
97 116 649
39 145 840
85 88 404
51 85 226
162 107 162
7 103 247
89 168 98
60 40 124
126 171 905
134 110 593
105 6 519
173 19 575
29 141 63
95 19 518
47 1 993
171 105 732
51 1 862
21 51 15
133 119 602
45 21 514
145 164 550
54 70 64
113 111 712
91 139 565
144 164 205
99 156 502
101 114 278
68 108 540
43 12 773
69 139 817
4 125 560
70 125 358
13 19 319
114 146 126
82 104 973
121 50 42
11 134 166
47 32 364
126 29 581
81 49 281
109 26 646
82 62 321
115 147 523
65 30 625
6 153 122
18 12 744
34 161 910
131 14 236
7 31 426
65 22 492
8 47 437
110 38 83
3 152 403
20 65 769
81 160 761
3 117 981
94 173 651
28 50 185
138 82 488
33 126 537
50 138 755
60 11 872
79 97 750
15 151 86
116 114 319
135 172 702
64 36 339
147 91 241
166 96 146
16 171 300
25 62 447
2 129 388
117 83 647
161 122 680
49 131 503
44 41 80
140 16 694
145 37 954
93 46 860
7 29 238
141 164 803
144 152 289
30 131 760
160 150 282
130 115 262
92 105 895
41 106 358
145 48 148
83 111 976
157 62 468
14 140 988
52 100 232
62 53 396
119 124 914
126 120 281
48 89 1
7 168 792
148 19 165
36 15 800
111 90 533
153 157 640
172 9 550
66 158 781
176 46 295
52 63 843
63 141 300
95 49 945
97 59 139
7 87 117
107 39 678
161 104 153
26 84 498
104 89 852
69 141 488
112 118 26
138 170 802
65 80 863
146 58 913
69 34 305
115 117 480
73 68 96
78 77 254
11 80 711
70 0 150
115 104 59
52 115 557
150 84 281
50 155 932
158 54 424
106 155 489
100 122 725
106 23 244
10 151 307
19 59 166
107 74 552
173 47 5
135 66 19
144 150 554
125 24 580
9 91 83
84 30 503
176 97 439
148 16 871
175 69 74
27 171 685
14 67 72
68 45 142
83 135 926
158 165 469
31 104 782
22 91 96
16 8 25
30 170 555
81 71 887
131 152 22
143 145 400
29 111 875
12 149 812
116 147 159
119 131 914
66 31 493
75 77 188
57 24 842
43 28 861
99 41 776
11 67 297
56 170 301
31 130 303
98 139 252
84 108 653
15 17 97
84 4 206
174 21 392
136 65 962
174 105 584
128 72 269
152 104 362
32 86 372
136 50 855
156 130 156
76 58 509
79 28 788
72 35 173
164 7 106
140 15 749
134 125 59
26 168 541
165 120 570
53 155 375
95 127 849
45 1 927
23 19 824
59 62 237
137 53 400
2 49 730
134 122 838
161 47 61
126 155 233
173 134 438
48 169 927
104 140 65
78 46 306
97 8 438
1 128 191
71 49 298
37 26 521
38 120 370
109 83 461
9 107 783
18 0 824
93 172 265
148 165 839
10 123 842
66 101 542
37 140 917
32 79 944
56 152 306
114 118 487
172 107 665
156 115 329
85 40 291
53 23 409
156 123 797
64 154 937
1 5 906
70 129 747
32 29 690
166 101 370
115 14 749
84 86 171
