10 50 413
150 72 919
55 136 926
1 138 345
34 114 637
36 75 882
105 56 363
44 123 38
63 88 750
92 136 852
133 128 594
118 94 946
73 72 312
20 41 487
76 71 442
6 63 180
0 115 443
99 55 100
43 145 668
91 124 817
102 76 95
148 9 872
83 85 113
68 37 531
98 128 86
73 83 134
59 101 896
3 111 802
118 84 740
17 111 462
37 105 451
129 124 509
101 64 663
14 42 541
43 29 925
36 74 675
5 145 487
30 69 358
93 15 858
116 29 963
93 99 628
90 71 678
26 86 451
93 100 706
51 45 824
147 4 30
127 93 876
87 132 59
118 104 962
125 135 64
78 51 689
59 128 684
134 139 966
99 146 833
50 143 292
140 71 278
47 135 288
129 42 264
5 109 467
27 9 879
1 68 331
93 17 898
38 120 951
21 37 470
148 71 125
34 26 911
45 100 999
23 91 596
144 29 36
118 115 92
142 0 886
136 131 711
128 96 474
43 49 700
90 83 127
101 20 401
61 121 2
68 39 387
134 92 204
56 16 518
119 59 243
86 137 417
51 114 212
77 93 97
13 18 737
113 29 262
37 53 874
122 23 379
53 46 108
34 136 831
48 47 674
41 97 143
23 22 153
86 5 412
53 131 814
68 59 237
3 108 389
109 10 820
51 65 701
37 151 776
75 42 96
112 13 440
24 75 485
64 76 910
75 136 654
0 124 512
31 135 519
62 76 996
60 58 938
85 89 940
93 105 696
104 65 564
96 25 628
32 83 930
93 12 321
117 130 60
135 101 290
134 89 632
114 117 499
90 125 636
71 37 659
18 26 597
18 12 277
100 5 564
114 53 38
101 48 146
48 120 226
44 147 591
145 26 650
149 146 240
27 134 907
63 129 24
110 67 184
31 24 685
26 142 292
136 18 632
127 22 475
131 72 64
26 98 202
19 118 673
38 21 288
83 103 982
103 4 905
96 42 410
5 53 689
150 67 815
78 84 323
97 140 728
46 114 955
127 77 993
12 147 676
25 133 173
8 82 160
118 108 391
112 22 690
146 64 8
134 139 872
80 76 6
68 130 433
10 127 41
129 43 329
8 116 534
121 104 524
67 14 79
61 115 774
145 31 601
112 86 704
92 32 416
121 56 300
70 26 522
6 34 803
144 150 549
31 127 992
81 36 724
24 3 977
2 102 487
131 106 973
4 92 877
52 102 542
43 24 137
72 77 986
104 147 734
113 3 751
2 67 740
61 119 817
72 57 665
133 98 594
102 143 305
79 111 658
121 45 502
148 109 494
9 109 215
112 76 382
80 94 603
106 18 253
3 90 258
148 23 184
120 110 654
62 109 174
105 34 387
148 8 47
63 22 514
55 105 910
97 127 682
43 27 983
3 124 307
147 73 110
44 65 269
85 134 301
47 81 855
51 32 543
41 23 644
151 9 594
148 127 219
83 137 137
89 100 539
42 137 16
22 71 357
29 83 148
123 118 306
73 122 808
100 136 868
6 101 573
45 105 853
81 89 301
59 75 465
105 138 218
28 105 363
143 66 770
104 58 58
96 145 840
74 132 581
109 131 454
129 81 635
73 68 520
18 118 246
6 61 632
79 37 256
110 34 490
74 87 401
120 123 950
33 16 737
125 68 538
13 128 203
97 90 72
56 30 787
7 81 127
35 109 179
13 41 612
145 112 782
94 17 799
73 143 281
58 142 671
128 52 597
14 49 380
93 141 770
117 88 941
46 142 987
57 68 451
118 151 683
17 77 928
23 6 626
5 34 140
91 81 528
77 53 57
61 88 338
14 36 152
8 90 509
82 150 824
48 132 884
3 114 760
37 14 353
54 64 609
116 135 737
6 73 21
142 131 202
125 149 249
147 75 801
96 90 476
37 138 658
149 25 508
59 104 408
47 23 909
20 68 369
35 97 876
18 116 452
84 144 319
23 134 604
46 95 457
45 29 722
30 28 922
127 91 475
62 1 256
0 49 591
149 43 658
18 20 344
2 129 953
87 95 603
92 39 501
134 110 314
21 24 857
59 126 504
22 26 32
126 81 793
44 140 200
80 7 104
4 19 643
52 113 955
69 1 568
83 40 93
120 74 447
68 99 613
102 117 715
89 119 586
33 82 592
90 69 590
0 76 472
146 15 144
132 133 572
146 98 325
15 35 298
75 43 612
59 75 582
14 81 258
80 104 421
122 30 324
149 148 577
69 122 81
30 95 198
148 76 73
18 85 341
23 140 850
82 88 734
146 113 766
33 23 848
78 6 638
135 52 219
106 51 903
104 98 388
63 96 667
118 7 507
66 116 86
71 24 200
150 20 824
124 71 573
103 129 192
145 117 157
104 7 692
125 92 934
147 105 812
41 28 166
27 38 424
3 1 565
20 36 868
77 117 203
96 112 485
33 7 156
120 89 205
57 27 51
105 118 328
13 97 924
118 83 968
115 49 350
62 73 89
78 34 620
120 81 676
151 51 363
82 120 803
68 67 886
53 119 219
54 66 252
27 132 629
21 49 725
59 69 969
120 41 867
15 99 398
43 108 311
137 10 548
43 61 328
42 117 871
119 115 123
57 126 30
15 33 249
132 118 378
128 28 271
12 19 238
47 84 929
89 95 702
0 136 800
62 108 567
82 53 946
77 103 980
28 103 916
63 28 397
32 121 351
103 138 974
58 102 931
105 59 229
92 141 525
148 43 968
102 132 542
151 78 781
89 54 964
105 4 895
133 59 651
69 65 800
10 132 122
33 67 143
40 114 171
104 19 107
150 108 892
139 18 834
136 18 82
122 127 987
113 25 332
14 6 49
10 34 519
140 118 704
141 135 781
41 15 145
41 127 355
89 24 776
135 149 242
59 29 501
131 68 686
44 66 986
117 85 957
68 124 443
101 25 317
23 50 613
45 3 651
14 53 852
81 19 695
48 62 125
72 63 285
116 38 588
86 145 854
65 68 769
134 32 539
45 84 92
23 118 906
28 107 4
131 70 186
5 108 464
44 72 72
72 142 871
6 19 660
1 40 558
76 96 29
73 94 211
86 102 414
22 79 471
59 78 327
76 31 997
53 45 964
45 27 37
46 90 488
142 149 326
62 28 955
72 81 143
97 137 863
100 123 394
64 8 202
20 126 992
95 124 799
15 122 223
92 59 928
46 83 914
146 21 175
124 128 585
59 117 322
21 92 685
77 135 501
93 146 337
75 142 960
22 110 509
129 46 279
14 87 54
139 105 740
6 60 355
32 21 783
10 147 43
47 51 80
145 30 874
137 15 585
28 55 362
138 66 171
38 129 458
92 139 387
141 91 711
65 39 892
54 33 307
13 129 870
45 78 330
96 2 948
75 70 844
27 100 733
84 125 944
81 72 40
135 16 340
80 62 519
105 110 873
126 90 266
119 124 668
57 131 64
58 10 559
135 22 942
1 53 513
43 30 835
34 138 677
96 98 283
112 109 555
49 14 326
112 2 813
63 45 382
87 16 518
96 69 941
2 146 943
59 76 105
23 143 626
57 108 757
53 84 339
105 62 146
14 107 928
133 21 545
55 111 819
80 13 776
109 72 780
95 70 42
139 89 207
21 146 120
85 81 881
98 94 135
49 10 892
82 140 390
38 83 22
3 118 861
88 61 323
88 68 78
125 107 587
9 118 488
25 82 483
116 88 170
0 33 104
88 129 432
10 94 268
30 106 565
112 118 355
133 151 328
83 43 720
140 92 533
76 130 483
68 127 216
72 147 711
110 51 224
141 46 342
28 7 187
28 96 374
68 142 644
98 122 796
44 8 467
22 63 556
90 49 90
25 112 886
102 10 969
19 50 466
44 146 13
31 53 326
41 72 801
48 20 93
60 79 540
109 104 212
141 96 866
74 15 419
73 146 855
16 52 514
14 3 76
36 49 135
67 122 397
141 96 6
19 100 315
108 101 722
42 31 19
47 38 946
0 128 705
107 93 95
149 83 800
117 33 865
87 1 456
40 61 777
150 16 773
44 120 696
38 96 741
39 58 780
59 41 210
77 31 398
17 141 392
3 129 206
104 145 660
4 62 82
7 86 257
29 68 898
89 138 882
54 66 448
122 41 165
32 46 728
108 59 566
100 64 639
127 6 438
91 80 427
59 114 688
81 144 514
46 94 922
58 92 624
0 121 950
37 14 97
75 57 690
114 134 526
129 32 943
21 45 204
130 32 188
103 33 824
116 143 191
40 101 332
33 79 243
107 31 931
13 135 572
24 148 526
150 13 58
85 139 813
2 36 654
114 105 332
105 10 720
28 96 356
137 41 246
26 52 626
5 109 565
55 148 303
64 40 956
24 66 34
31 145 963
75 46 916
138 148 724
120 108 772
9 146 681
104 83 310
146 85 563
122 128 974
88 112 177
24 25 602
48 128 858
22 16 636
72 120 698
133 130 165
33 20 331
30 140 490
43 72 759
34 28 197
117 51 684
50 72 187
141 128 7
67 73 8
88 143 534
139 73 60
131 17 818
125 151 770
144 65 385
50 109 26
56 92 468
75 50 170
149 148 24
69 54 907
45 85 136
96 37 493
38 98 152
151 55 953
148 114 483
128 136 253
88 12 811
150 35 939
1 121 115
90 108 541
14 114 855
13 92 247
53 23 927
3 150 658
96 50 479
55 20 787
135 98 564
134 77 452
65 37 597
78 107 2
48 1 905
7 65 979
17 77 962
136 22 163
122 26 776
126 9 949
36 50 762
49 105 460
22 66 386
48 15 964
141 19 272
47 81 430
24 2 405
129 52 437
131 58 738
150 73 201
0 60 701
6 51 60
118 63 538
92 22 728
23 70 492
94 140 811
22 15 306
80 33 544
147 119 944
104 22 850
112 45 809
100 137 353
80 45 224
55 49 1
6 102 72
122 82 286
12 39 810
66 111 9
99 34 898
116 135 737
6 127 324
104 21 841
103 21 61
11 95 63
131 104 476
32 2 404
13 133 195
18 39 723
5 85 959
38 140 912
95 78 692
124 132 822
42 83 139
121 3 107
66 145 555
120 139 619
38 109 154
145 27 615
116 106 555
93 31 856
86 38 507
149 43 397
55 8 69
145 94 856
1 92 638
34 52 454
56 104 999
60 81 734
91 136 949
96 63 44
17 146 668
146 110 355
104 3 625
22 31 32
23 53 779
87 92 424
19 50 496
77 7 5
17 37 398
27 34 39
1 51 129
130 8 258
78 25 777
5 60 867
22 120 898
69 19 582
121 11 524
140 28 824
107 49 15
150 111 741
100 129 822
113 65 109
137 95 782
54 86 311
23 25 959
41 31 340
110 116 92
83 73 176
35 64 201
71 59 452
34 46 486
13 134 698
120 66 795
127 89 406
134 130 973
101 90 967
111 109 434
6 131 739
33 134 729
101 112 700
68 120 46
22 56 454
135 23 976
34 134 847
124 145 133
37 95 397
128 74 36
6 111 194
31 44 264
21 95 731
1 135 255
145 10 376
74 151 671
47 149 128
66 72 188
15 53 564
45 1 35
42 32 522
20 87 835
141 14 282
59 74 791
32 92 876
29 150 73
93 103 582
67 150 570
15 50 892
75 137 826
32 60 530
107 75 877
102 113 523
83 102 739
90 75 443
75 49 581
134 52 268
124 13 296
89 56 963
133 129 325
137 111 911
3 83 695
31 12 529
7 118 522
143 127 464
109 105 935
88 57 869
35 111 396
11 108 719
35 99 265
4 75 273
132 150 420
54 150 364
150 27 954
93 61 642
45 90 975
106 66 147
121 148 66
36 38 597
71 97 903
142 63 771
116 2 84
92 8 236
111 121 753
50 130 100
91 71 738
106 124 328
138 29 328
17 18 774
75 10 292
116 36 529
22 109 716
60 25 390
101 144 302
14 45 753
78 29 872
22 96 586
130 125 467
4 144 184
58 119 862
34 29 46
146 93 146
129 21 329
49 36 728
113 35 759
57 59 443
14 124 642
140 61 677
89 87 829
135 147 229
38 16 513
112 39 580
80 139 37
44 124 176
77 113 195
63 85 169
70 33 211
38 149 283
136 94 470
76 144 571
65 86 30
0 57 313
111 92 342
122 48 199
98 144 709
120 69 669
70 63 574
56 86 460
85 70 719
52 55 807
108 91 45
43 97 835
119 42 481
25 10 257
58 102 800
151 30 433
105 45 304
16 68 91
13 5 495
3 125 187
57 32 501
142 41 751
135 80 992
49 94 278
72 26 351
88 144 914
150 92 41
8 122 506
143 123 508
145 92 880
47 13 106
62 4 586
27 108 953
16 142 307
117 149 982
93 120 65
8 33 777
50 142 472
67 141 602
48 148 651
2 149 946
112 41 686
97 118 127
2 27 238
94 104 58
45 101 324
116 146 739
108 9 628
96 23 881
88 32 405
29 68 289
95 47 856
24 126 234
32 122 860
35 5 960
7 128 132
97 101 348
108 133 612
70 98 509
43 38 936
76 137 391
119 142 254
30 93 309
24 55 331
113 83 447
5 108 907
59 36 884
56 6 601
136 132 110
23 18 691
19 114 924
68 112 64
81 86 610
121 20 883
60 91 532
88 27 645
51 103 51
139 116 618
78 116 195
16 140 364
21 142 701
109 5 188
128 135 72
40 140 607
124 136 685
109 12 527
148 52 15
72 96 254
10 75 130
35 150 394
137 19 578
38 67 237
151 137 931
11 26 982
28 79 618
22 34 77
136 16 456
59 123 540
50 150 961
60 34 329
0 85 727
27 42 782
110 148 454
2 9 666
151 90 965
50 126 729
83 93 491
12 127 732
94 36 277
137 1 87
6 25 518
136 24 727
59 94 761
39 81 147
146 114 411
34 127 715
80 147 899
11 16 149
64 2 635
77 129 715
59 22 296
121 33 93
98 145 555
14 125 195
129 102 746
116 47 83
131 147 379
58 5 644
148 117 839
123 51 709
118 110 801
104 27 493
142 87 962
7 1 714
33 137 818
113 105 604
33 15 837
40 96 91
61 1 301
58 45 938
6 116 64
144 37 160
116 118 203
124 145 46
102 98 826
48 92 672
103 2 951
147 28 352
23 117 866
56 18 602
106 130 567
114 103 950
135 145 817
2 57 512
45 150 596
39 7 485
134 116 912
134 49 403
96 99 571
17 147 317
11 28 944
89 95 17
35 73 249
56 74 559
142 109 987
47 37 427
65 79 157
141 84 387
77 74 910
128 134 411
40 138 404
56 146 91
6 36 736
95 133 778
15 5 30
49 51 68
40 24 291
30 25 478
139 35 617
5 14 795
46 34 236
150 78 690
22 97 39
25 54 101
9 111 58
3 123 768
70 71 465
141 6 479
33 97 384
5 108 705
31 77 8
127 121 492
88 91 752
9 28 557
85 139 131
136 37 269
99 147 6
143 17 501
33 65 346
3 62 436
102 15 805
93 92 965
142 126 294
49 26 505
115 56 632
89 91 31
88 4 283
50 36 406
103 66 608
84 132 738
33 65 76
134 105 471
81 77 807
42 81 241
17 9 233
49 18 74
48 110 334
71 99 160
137 64 743
123 61 253
119 38 144
52 29 841
58 52 972
7 52 717
96 84 331
144 134 868
144 55 917
92 24 362
18 86 494
106 97 252
102 131 910
135 50 329
1 18 93
139 45 926
132 63 526
97 111 674
73 123 102
25 53 44
45 127 685
12 103 944
118 134 470
119 83 800
71 96 227
16 10 920
131 19 709
112 134 572
6 88 63
52 142 994
85 137 929
107 92 485
33 133 488
7 112 451
28 42 947
104 38 7
24 125 11
78 54 595
53 85 643
49 88 915
63 51 298
144 46 715
55 114 889
13 114 341
66 34 501
36 126 470
24 151 619
143 126 937
135 66 760
44 119 561
83 89 205
108 117 734
49 128 985
146 112 494
73 135 897
73 88 451
87 43 796
137 68 419
113 128 787
139 81 661
26 66 733
94 80 208
69 115 744
97 12 778
4 49 666
44 20 846
115 63 44
125 22 987
10 137 392
108 10 430
129 141 898
47 44 257
49 117 409
51 26 510
138 113 789
6 129 37
1 130 400
52 48 305
19 1 341
66 83 10
131 8 823
102 26 599
23 95 287
9 62 610
149 146 930
2 35 141
56 82 505
128 86 248
55 114 780
91 98 200
118 124 618
102 120 761
9 8 173
66 25 286
114 85 144
36 99 893
49 55 335
28 88 938
9 127 624
149 116 791
33 84 80
122 144 315
11 103 835
38 70 126
30 132 377
60 77 346
83 27 116
131 127 54
108 2 92
57 75 679
8 93 743
22 71 576
69 138 156
87 2 335
129 27 531
36 124 265
17 69 510
75 124 388
31 90 881
22 8 850
0 17 229
124 131 817
92 94 309
17 131 997
11 28 498
9 136 698
127 16 228
125 47 218
37 65 198
120 58 54
115 73 227
148 0 431
63 97 949
8 26 34
27 50 963
83 51 791
27 132 629
7 127 793
132 21 124
83 59 928
81 53 843
27 125 84
139 81 591
146 68 319
147 135 471
12 7 227
101 6 523
81 43 345
62 49 462
141 139 520
9 147 608
44 10 219
126 142 324
58 121 597
148 121 719
146 35 4
12 98 507
60 49 317
40 25 132
100 39 998
151 97 19
71 1 567
17 88 705
34 2 980
61 66 239
62 96 199
93 92 984
56 14 829
109 112 32
101 26 710
102 32 365
7 2 832
122 24 666
68 17 361
70 42 934
136 78 209
29 150 201
84 148 128
119 12 377
139 85 736
64 129 678
10 142 252
77 39 744
77 143 233
11 143 635
9 54 147
33 52 99
71 24 270
94 99 656
85 102 24
61 53 73
27 97 865
145 34 976
59 123 642
142 41 37
122 34 303
147 85 140
29 81 246
2 13 546
104 114 343
37 144 283
9 143 873
70 30 634
144 69 32
58 65 388
50 54 173
83 4 113
60 24 25
94 28 857
14 105 268
6 57 217
60 82 346
64 34 928
79 26 386
98 15 842
88 18 920
102 74 888
86 58 108
131 40 512
80 48 983
60 15 974
130 147 327
72 120 113
23 17 721
8 25 522
79 107 523
54 85 49
120 148 587
140 71 106
98 95 621
101 32 796
40 107 591
97 81 426
138 42 713
124 87 892
96 115 598
75 116 577
56 41 902
19 11 708
93 49 906
109 67 440
116 83 199
32 112 155
87 74 395
64 128 944
18 116 747
24 114 497
120 75 259
27 150 502
42 131 702
34 67 32
54 25 659
43 96 382
122 140 753
110 117 765
84 39 504
48 28 161
47 20 398
75 58 585
91 35 686
11 115 378
95 118 435
145 122 589
133 9 213
5 38 522
118 106 849
141 64 475
16 112 311
59 128 484
44 141 289
139 41 233
91 57 972
149 108 499
103 58 948
111 122 480
135 31 515
54 33 169
50 64 844
20 142 162
36 56 980
21 114 89
58 117 755
62 121 795
86 114 806
50 140 828
49 119 231
44 68 550
3 97 138
4 26 218
112 131 656
117 93 335
19 142 939
30 100 838
78 87 679
60 73 656
84 50 108
145 96 301
88 25 571
63 1 332
80 25 164
44 43 976
44 26 290
1 103 672
84 58 199
9 39 613
119 101 961
48 92 66
111 43 68
41 81 5
70 72 842
65 120 706
12 2 599
6 87 598
133 149 257
88 29 100
45 54 34
32 92 297
74 146 529
45 32 607
149 76 333
17 129 975
141 4 136
16 149 175
33 102 456
107 105 221
7 67 989
38 125 470
12 135 649
130 0 207
44 30 211
148 15 593
37 82 678
19 32 193
118 62 845
64 17 399
142 129 721
107 145 552
47 7 164
72 17 548
90 98 171
116 59 784
43 18 272
10 45 466
147 44 934
33 10 520
72 136 602
36 3 985
86 95 787
107 94 393
99 137 867
69 6 141
133 2 740
35 85 572
128 131 860
48 78 301
88 31 928
151 7 505
30 69 282
9 138 28
8 42 529
98 100 996
93 51 821
89 93 176
18 39 140
124 133 738
5 27 836
84 58 143
99 66 108
96 37 546
12 109 576
27 110 1
36 48 227
27 147 104
83 129 3
140 129 577
20 107 815
74 142 820
86 74 915
133 64 636
22 140 820
140 100 727
55 40 360
96 122 212
15 81 652
62 65 966
142 99 759
1 148 125
53 150 256
22 16 879
63 91 985
100 116 814
126 88 449
14 39 321
120 124 732
2 127 259
139 93 224
2 116 241
37 31 805
66 87 879
96 40 318
84 47 79
42 122 632
61 5 975
82 66 353
140 68 663
124 81 645
58 119 449
45 91 428
133 88 572
108 126 968
0 118 891
104 150 282
9 60 552
58 36 268
51 23 455
38 147 295
15 97 311
98 41 108
151 124 684
59 78 51
91 73 483
38 16 663
24 46 375
128 133 396
35 22 616
128 22 622
98 49 984
77 103 902
89 131 440
2 116 92
141 44 337
137 9 586
140 20 521
124 99 906
81 20 753
135 131 433
56 36 875
89 70 349
8 132 806
144 88 427
46 75 822
150 113 229
25 99 33
32 2 929
62 120 208
48 151 636
33 66 66
112 84 763
16 2 326
2 136 616
21 96 828
119 11 214
74 126 264
8 144 871
131 125 755
140 52 510
11 4 927
90 116 493
111 119 74
147 137 684
142 108 108
48 0 404
9 132 401
18 127 636
18 104 830
143 84 824
84 77 435
80 63 422
30 109 206
110 84 332
66 123 125
34 53 575
105 147 38
136 22 622
44 138 369
43 101 284
111 134 347
62 134 35
46 110 914
119 130 987
30 71 868
47 53 600
64 30 154
115 17 197
16 147 516
103 143 197
128 52 144
132 91 723
76 38 194
130 3 759
131 86 972
137 16 68
85 12 960
100 6 633
19 148 140
55 39 913
59 30 553
127 32 959
122 134 784
64 2 341
24 69 996
23 31 88
69 26 729
64 143 149
98 109 246
85 138 231
37 119 353
13 147 288
126 120 493
54 109 997
47 9 971
40 127 234
110 100 263
80 67 238
60 113 899
14 53 691
113 19 57
129 41 238
11 0 783
53 76 871
72 79 772
52 95 350
147 41 724
140 39 747
41 39 698
9 121 688
133 32 413
36 21 995
132 74 719
7 27 443
7 122 246
148 97 386
98 118 363
1 27 437
28 91 423
36 50 543
21 148 124
42 80 547
103 14 124
96 6 888
50 99 985
142 72 87
31 61 816
0 144 470
58 14 10
23 39 439
44 13 977
97 138 117
120 84 396
57 26 925
73 5 158
147 92 863
117 131 529
67 131 815
42 3 957
104 58 964
15 65 980
59 23 868
141 131 121
108 20 928
7 144 738
84 2 472
22 6 672
126 151 856
137 93 405
70 44 558
139 130 595
43 138 83
86 21 947
50 5 776
31 52 413
114 148 361
29 51 652
41 35 773
98 134 702
89 41 67
48 72 249
1 52 431
38 7 289
98 76 127
106 9 56
27 63 622
108 62 977
58 47 94
93 63 709
140 36 446
150 74 851
104 53 564
66 46 939
54 3 665
47 98 140
109 9 675
122 29 672
121 137 234
93 76 866
85 121 204
16 102 487
92 15 695
14 108 152
49 131 163
97 43 551
82 4 625
145 67 2
23 56 335
139 140 994
99 91 753
28 74 800
104 86 83
98 87 601
1 127 554
36 113 168
45 55 260
138 61 11
75 122 334
83 88 428
46 48 271
86 94 428
10 69 911
145 57 378
40 13 662
14 50 331
94 41 108
45 25 969
49 40 712
151 141 380
116 139 109
70 17 120
18 41 714
116 13 541
126 150 764
42 101 226
41 40 485
74 2 381
70 130 449
25 129 590
106 86 6
73 89 391
112 58 810
138 42 363
137 58 68
46 4 781
139 130 396
41 23 366
0 56 590
117 110 647
56 120 944
15 72 948
20 87 412
29 146 715
66 45 673
125 140 125
37 15 866
33 78 568
36 96 598
107 60 855
149 42 285
43 138 576
37 84 495
114 85 980
117 116 82
86 10 681
150 9 707
113 109 330
126 51 30
47 143 755
147 92 651
105 148 488
115 80 164
120 13 62
37 112 304
69 137 617
147 47 87
66 0 671
85 23 576
9 94 679
122 129 15
54 88 71
141 136 103
22 126 829
15 115 976
55 108 665
72 70 600
144 25 306
49 139 701
135 12 582
138 81 883
61 26 831
140 63 300
27 15 943
34 148 609
114 31 125
120 65 131
117 131 727
83 100 268
83 7 813
121 11 871
21 147 490
26 25 434
47 74 788
130 116 157
124 43 61
129 51 696
125 89 665
83 28 369
150 72 235
129 27 68
135 6 38
57 97 739
2 12 538
61 108 516
122 63 256
69 103 665
96 6 416
3 132 563
40 3 316
86 85 687
127 86 302
118 117 570
90 22 639
144 90 267
18 118 407
135 82 699
45 73 305
95 140 796
93 100 37
73 39 152
112 146 246
37 129 811
129 109 129
67 25 403
111 3 778
55 140 321
0 76 452
104 37 200
47 62 344
102 85 519
46 89 831
10 137 438
134 149 598
2 37 221
38 142 419
69 5 467
23 39 871
122 93 562
133 82 350
134 109 877
23 14 198
6 123 506
47 41 539
100 5 717
151 141 35
86 72 572
11 75 972
151 48 639
31 135 756
28 40 82
124 97 183
21 86 637
123 107 843
125 31 812
94 96 395
139 129 442
93 115 590
14 5 485
34 12 470
87 139 203
39 147 784
50 30 495
119 126 740
84 95 496
51 45 467
80 97 706
14 25 974
143 9 776
24 75 464
65 27 894
17 62 420
78 4 531
115 62 180
120 143 970
129 0 697
64 95 298
136 99 375
18 52 965
82 3 34
7 116 642
44 21 515
142 90 641
124 54 898
97 54 630
25 29 230
79 91 367
16 0 317
14 13 258
53 54 973
92 11 277
36 31 207
147 144 69
88 4 271
105 44 108
132 91 609
100 15 815
136 76 2
119 16 925
70 98 583
112 28 512
58 150 453
119 43 131
49 125 697
15 52 9
79 47 218
101 133 604
34 113 500
118 54 316
145 27 623
88 146 145
20 121 268
34 48 624
25 127 1
70 6 140
123 79 593
58 138 496
62 45 580
149 104 496
36 65 851
7 9 953
76 40 523
52 97 604
115 80 259
78 25 554
103 150 919
136 81 177
18 85 384
142 118 486
98 141 982
123 31 555
50 85 690
117 8 830
57 5 739
72 67 196
8 116 319
131 146 715
127 61 981
107 138 571
111 46 696
90 87 16
93 98 135
44 110 251
108 57 287
125 17 892
24 74 346
73 47 528
27 63 696
77 30 925
86 54 2
100 98 660
133 40 296
146 72 201
37 101 610
50 52 879
91 36 494
38 25 751
127 141 221
107 19 428
52 38 469
93 128 995
14 35 468
65 146 544
142 46 244
80 20 711
72 12 646
80 14 501
139 126 859
41 91 244
16 92 449
116 58 324
10 100 857
24 29 337
73 43 619
113 108 129
7 79 662
11 115 811
119 120 715
44 26 88
89 43 907
68 151 132
76 53 58
103 85 221
48 23 497
132 64 319
92 145 849
3 136 217
89 15 485
117 12 735
5 148 150
46 28 544
94 53 278
134 105 800
87 124 535
124 68 727
149 104 87
30 105 101
108 30 747
75 16 450
20 143 496
59 25 74
132 136 137
63 9 371
80 39 676
4 5 883
0 11 166
68 72 950
56 112 903
145 122 433
73 94 664
58 59 337
105 47 102
85 113 326
141 77 441
92 85 713
144 69 722
137 60 662
69 8 489
10 88 791
134 13 746
25 151 318
85 79 68
5 138 913
53 59 117
60 101 386
129 19 916
48 2 76
45 120 145
148 101 86
97 144 795
28 126 351
122 131 19
37 17 799
1 85 457
53 10 691
45 131 356
106 42 10
63 30 646
113 47 38
60 87 259
35 122 514
58 128 363
32 61 934
7 78 861
146 30 224
60 99 66
85 78 114
57 139 622
36 127 76
52 6 8
99 73 268
137 121 587
125 109 97
19 115 852
43 73 714
92 142 110
43 72 205
16 108 126
106 16 828
64 18 317
100 93 467
141 100 33
66 23 943
71 79 53
39 87 43
8 85 133
114 119 437
123 84 839
72 18 667
14 108 301
67 3 118
32 64 869
23 145 655
19 98 706
37 83 1000
86 92 58
77 62 375
114 2 256
101 52 537
127 1 219
119 122 782
31 80 363
55 108 766
129 146 757
3 74 787
132 65 70
83 112 321
73 134 994
86 91 321
106 32 294
105 50 733
122 150 893
80 142 629
1 139 36
122 128 287
14 113 909
103 47 228
67 74 584
37 6 148
124 146 253
132 72 14
146 119 113
130 29 931
40 130 129
125 28 299
57 24 146
119 77 782
17 135 485
47 13 384
151 134 111
5 78 305
76 17 391
118 111 582
55 136 741
22 4 7
63 101 445
4 63 200
61 32 200
85 16 373
112 25 176
66 140 735
51 57 950
114 131 684
116 147 767
56 126 907
138 99 505
145 37 279
132 61 993
84 36 777
107 91 307
102 75 830
98 73 233
57 135 148
108 35 915
55 142 741
10 13 253
135 117 433
151 26 445
142 56 878
84 123 610
26 17 59
94 73 646
90 17 831
118 80 94
65 46 176
115 98 269
113 96 640
32 24 993
36 123 430
27 14 189
60 61 933
71 42 373
146 121 717
130 115 479
110 2 115
123 109 281
45 144 563
121 31 518
91 90 650
117 63 917
100 120 38
116 133 347
74 33 614
9 125 104
4 12 722
16 146 7
22 122 211
98 36 277
51 129 711
146 123 175
15 144 811
115 3 699
25 77 893
106 86 370
24 147 902
74 91 659
100 139 336
125 43 567
52 67 951
87 53 228
0 123 2
17 110 739
18 3 86
107 150 331
49 47 929
131 29 364
125 45 638
34 141 582
104 102 142
101 52 997
51 11 15
26 85 915
64 71 36
91 50 525
125 65 445
123 43 161
25 2 172
129 8 701
101 69 573
52 75 148
4 23 829
104 84 582
63 106 515
19 117 418
69 1 296
146 38 420
71 98 404
6 2 364
121 113 139
150 31 630
114 117 11
2 75 780
146 15 605
91 27 718
126 114 824
137 93 355
41 21 843
140 77 219
101 0 236
52 120 549
67 138 712
119 90 393
132 1 891
27 151 122
136 104 787
130 102 322
106 3 898
21 65 331
45 59 10
108 140 156
11 75 902
9 125 205
89 87 867
84 137 886
100 79 613
64 141 822
141 116 683
42 56 296
72 16 198
116 81 619
13 137 800
47 49 159
73 122 468
81 107 235
28 66 200
99 4 497
18 40 689
143 66 947
93 95 564
130 34 331
73 63 397
25 87 494
92 83 191
66 67 885
145 86 254
78 85 87
43 46 479
101 98 230
133 120 779
81 150 181
89 80 30
31 85 282
144 39 721
143 80 388
37 98 778
28 26 884
25 119 55
20 53 395
121 58 72
80 99 122
124 83 285
66 73 398
43 59 223
3 11 820
11 143 808
80 103 57
37 103 728
0 48 145
115 50 345
35 20 350
85 50 955
106 65 662
138 46 284
92 45 245
135 45 292
58 42 331
110 22 909
70 148 591
46 148 461
121 43 900
105 108 572
146 52 974
147 28 780
94 24 193
120 78 850
25 13 691
125 12 660
67 9 244
74 140 413
69 91 748
70 23 626
97 114 205
150 128 438
28 121 825
71 124 221
69 46 562
68 33 474
138 115 763
82 138 24
87 69 664
109 124 694
10 112 776
118 131 756
95 29 953
95 17 580
33 5 543
72 12 686
108 77 865
127 134 955
40 63 476
30 54 319
33 92 138
91 147 883
44 80 351
117 84 674
92 41 23
15 131 862
75 11 79
131 74 447
109 100 433
148 131 451
118 66 589
143 78 366
137 51 236
49 26 708
69 131 415
140 150 439
10 112 317
137 12 280
83 10 467
70 68 925
5 66 205
91 26 17
82 36 853
132 114 998
42 86 618
147 137 486
85 54 645
67 134 259
62 65 642
2 91 640
99 146 749
88 17 978
82 88 351
81 17 916
23 21 127
76 144 1000
124 54 370
35 95 268
3 131 900
102 133 408
119 63 972
8 75 924
5 114 826
68 30 749
48 116 732
45 82 707
91 85 785
15 134 110
60 112 439
140 43 169
114 63 982
0 66 628
117 54 941
2 52 825
5 88 683
43 91 546
148 149 120
66 113 459
32 112 183
79 138 209
138 97 719
76 115 322
107 135 928
110 90 15
71 39 24
130 94 213
107 78 936
23 30 218
108 109 243
17 35 180
84 117 188
94 67 453
28 139 531
87 108 937
74 136 511
77 144 119
37 50 40
94 7 472
38 119 782
130 90 627
110 112 79
13 138 140
22 34 677
108 100 609
105 30 370
142 14 96
141 63 295
131 42 144
88 46 972
56 143 47
138 1 492
131 118 301
68 84 812
11 95 393
28 110 747
13 83 732
65 8 986
138 35 146
18 124 967
138 143 9
30 141 240
113 85 720
23 127 198
5 150 826
25 9 327
100 145 498
84 43 397
20 105 868
16 50 370
113 117 64
112 82 200
43 132 567
18 49 887
58 8 699
98 121 255
126 70 776
93 78 225
34 36 961
95 93 371
144 147 683
89 120 882
123 142 573
7 36 150
28 30 282
66 47 302
0 10 969
81 3 721
88 90 877
51 80 770
93 76 977
102 75 455
113 70 127
6 132 291
40 74 646
59 23 975
111 105 298
129 141 339
99 22 827
55 62 144
70 58 503
11 70 525
48 88 720
84 64 549
46 130 749
133 15 722
9 81 809
122 128 528
49 109 661
140 122 948
90 66 849
143 118 572
14 35 271
99 45 671
93 139 233
91 134 627
62 109 44
134 68 295
105 40 95
119 49 471
58 38 931
66 99 303
47 108 670
136 123 664
96 16 489
76 120 306
85 47 363
144 106 881
55 56 609
147 27 569
119 120 408
29 17 584
58 37 652
68 70 587
140 10 232
150 118 249
94 89 483
109 92 718
96 9 499
34 4 986
29 51 220
94 127 964
29 67 369
133 77 763
108 0 604
146 142 844
106 14 795
18 45 142
87 21 670
121 27 450
110 102 786
38 112 386
46 45 297
115 98 196
54 65 610
94 98 594
65 114 121
27 77 858
2 49 393
149 100 630
118 107 292
6 20 271
15 78 665
29 24 955
51 50 285
119 130 209
22 14 949
144 123 820
142 56 350
104 82 506
18 33 879
91 135 453
41 31 983
7 48 826
16 109 320
24 67 975
131 115 412
98 12 794
15 58 520
69 11 653
73 92 4
57 97 6
119 68 685
13 113 26
84 3 884
31 58 311
102 19 713
65 150 732
67 104 402
124 46 316
70 49 539
44 146 905
97 77 86
26 114 908
59 151 671
137 15 37
145 131 27
139 60 793
129 132 65
2 45 302
117 126 436
123 72 363
19 108 508
104 46 460
38 94 266
23 43 591
119 97 192
113 90 681
92 11 314
2 60 100
110 33 673
130 46 984
119 69 828
48 18 401
127 3 349
65 14 413
134 62 31
145 144 438
43 151 477
142 51 769
117 94 305
83 61 452
140 41 676
63 150 112
59 139 755
109 72 618
151 42 422
62 74 562
105 2 722
28 0 758
41 107 855
48 24 882
126 53 648
20 121 598
71 7 820
148 109 246
135 74 145
52 74 313
118 116 86
77 78 932
124 13 290
94 131 558
26 141 345
93 44 893
36 74 300
146 84 352
90 88 133
103 44 16
34 2 407
6 0 635
1 47 388
120 69 398
73 120 122
85 7 159
120 125 561
99 13 294
138 144 56
81 51 271
87 48 890
111 38 965
126 108 509
94 106 629
67 93 316
54 146 292
143 84 230
28 26 557
18 4 380
35 102 669
120 48 815
121 2 332
2 105 893
32 19 795
29 124 726
89 77 372
8 148 285
59 33 62
117 32 446
139 129 558
93 150 625
44 100 584
3 130 847
114 13 163
27 137 193
76 81 671
3 10 169
84 105 968
6 43 262
68 35 543
65 0 512
35 94 357
15 6 871
48 118 467
141 120 550
150 120 91
151 138 81
5 7 820
60 138 387
110 124 472
9 7 163
55 85 240
76 96 275
136 58 631
101 73 231
13 60 941
141 19 249
53 64 109
129 102 520
63 111 942
107 102 617
15 70 460
50 117 379
77 55 134
114 42 1
124 113 47
104 150 46
10 118 617
144 48 127
85 11 980
53 13 215
67 94 517
120 134 495
94 48 771
137 120 455
62 142 595
25 33 823
120 46 163
20 72 338
70 146 231
4 72 369
130 129 908
49 99 582
35 52 782
67 26 892
38 25 47
28 87 764
87 58 663
123 23 632
64 42 675
0 27 143
20 133 602
127 98 484
32 111 393
16 79 959
18 11 668
151 30 278
64 115 23
0 131 305
60 50 805
85 87 815
129 77 379
127 101 510
11 10 920
100 16 256
151 46 822
19 99 501
3 54 929
28 114 413
92 89 80
114 88 824
17 46 404
133 29 916
2 7 699
56 12 975
103 44 658
47 88 482
90 101 824
18 139 396
38 137 390
2 115 618
137 59 366
141 55 59
139 124 173
112 68 115
74 139 850
116 97 373
62 47 988
52 39 782
133 68 248
85 138 97
60 70 755
55 40 688
137 63 504
0 29 326
60 118 399
18 106 93
50 132 867
123 31 584
28 131 931
137 50 215
93 78 819
63 68 11
25 16 470
117 22 282
26 144 915
116 11 686
90 52 789
93 54 519
65 84 979
120 114 535
134 31 432
141 115 429
81 114 278
142 58 650
0 115 51
33 128 464
119 88 90
72 96 71
119 72 831
128 51 330
120 21 372
71 121 958
125 126 177
148 8 622
140 62 231
10 50 38
130 133 237
150 42 770
144 138 170
29 146 513
20 40 872
56 70 660
127 26 116
0 126 629
86 144 952
2 71 860
29 104 109
136 104 740
90 117 73
150 120 249
106 145 273
83 36 468
84 38 686
96 41 688
94 109 883
28 0 345
76 49 417
125 33 550
38 92 613
127 142 663
136 22 417
133 92 174
26 91 88
134 104 908
108 13 70
44 98 374
113 148 92
41 87 650
135 88 531
27 36 340
83 117 661
91 66 579
67 75 471
76 100 630
146 135 384
16 55 861
145 143 193
26 7 486
94 7 73
116 136 774
71 78 399
111 42 411
42 98 827
24 116 506
127 24 138
16 126 909
95 114 35
29 16 903
45 83 1
52 97 776
124 14 505
34 129 154
116 89 975
35 76 417
120 30 268
138 8 555
102 107 203
129 34 710
37 52 337
126 146 365
143 35 228
90 108 927
65 119 48
26 122 336
53 111 718
32 22 378
115 130 164
11 132 135
134 1 868
104 77 116
111 129 605
13 39 54
142 43 211
52 120 435
96 60 83
50 48 460
51 127 775
74 15 152
136 125 513
38 86 648
20 61 515
125 113 559
92 122 104
47 69 442
125 149 630
22 36 845
10 101 618
102 71 362
147 139 386
149 151 660
35 18 137
117 97 223
146 43 882
29 77 366
117 39 847
78 149 71
81 94 491
41 107 958
21 122 5
129 78 74
82 101 106
91 120 183
66 59 750
122 41 395
73 95 882
70 51 231
138 45 710
18 30 981
137 9 242
24 141 854
17 104 994
47 29 374
145 74 251
71 54 128
56 94 832
130 116 195
78 0 496
103 21 357
51 136 319
133 141 727
10 100 375
118 89 272
99 85 73
62 21 977
9 47 596
60 108 115
3 110 749
91 87 850
140 143 213
138 103 429
38 1 440
34 48 335
94 96 697
54 0 366
62 113 147
20 68 793
11 51 914
16 40 81
136 134 335
87 94 695
56 45 522
148 97 555
59 54 908
87 70 381
70 44 754
21 132 605
129 119 658
16 75 156
80 4 158
11 112 571
68 96 646
41 40 805
51 97 261
113 62 975
130 108 494
111 35 91
68 2 37
133 104 231
20 50 79
124 42 108
21 18 692
12 98 70
89 20 114
99 23 947
9 139 690
89 33 474
120 42 439
26 11 989
70 16 770
51 95 627
75 66 530
100 143 255
146 142 327
40 144 196
87 142 266
137 125 841
38 39 364
122 102 105
128 26 952
51 22 953
79 12 277
141 104 180
59 89 83
103 29 462
51 62 210
10 121 836
115 20 505
93 1 871
71 80 234
35 149 4
30 46 850
93 25 736
71 68 892
131 110 957
16 38 255
40 24 17
151 80 57
137 148 768
101 26 64
95 64 755
54 91 630
25 123 618
126 53 762
11 28 943
10 121 310
96 29 573
129 13 430
17 14 837
5 40 973
42 64 704
43 35 470
0 128 518
151 85 208
90 34 12
26 40 450
58 31 599
29 119 544
13 16 140
107 72 593
68 49 51
15 86 766
35 142 143
67 46 451
123 48 371
143 49 721
51 65 68
57 100 738
132 31 749
76 59 610
10 72 450
105 78 544
135 41 110
126 136 170
32 127 986
5 50 92
57 42 957
108 57 730
119 53 474
4 53 454
27 102 630
112 9 497
97 62 959
117 46 977
83 110 48
36 9 587
69 130 399
133 127 335
142 82 571
46 7 644
62 54 442
45 149 240
144 96 242
38 24 237
16 96 636
64 62 228
41 131 841
48 133 302
48 53 825
80 138 264
125 40 899
20 0 306
87 150 517
128 104 141
47 42 715
115 52 385
83 97 653
4 62 243
98 21 732
35 146 647
106 84 758
134 68 756
52 16 648
91 38 203
60 76 482
74 94 116
73 116 313
66 135 130
83 107 569
42 132 438
80 74 816
65 84 306
82 135 211
61 119 170
69 58 328
145 96 499
144 30 703
96 123 931
84 6 469
63 4 544
119 151 416
71 147 180
30 142 711
107 68 76
21 77 996
93 78 369
90 29 269
16 15 199
44 81 129
77 66 835
129 127 374
89 133 734
6 33 62
101 32 41
69 81 214
135 77 679
130 135 568
59 19 319
70 21 41
65 32 714
109 99 995
19 148 53
14 107 689
85 27 312
137 95 411
147 63 580
72 28 277
148 37 110
99 145 840
41 63 399
67 39 243
90 2 909
107 108 997
2 82 967
12 133 68
116 104 479
84 54 84
57 69 105
80 137 492
27 77 917
105 140 275
81 28 195
37 45 179
29 35 886
142 82 13
77 146 284
52 55 18
11 146 945
55 119 376
60 120 553
132 137 659
37 80 722
113 110 862
122 13 708
46 80 154
122 15 658
2 24 306
73 130 543
104 100 913
21 91 506
14 109 97
54 103 351
65 37 916
130 71 687
16 90 162
55 30 397
129 79 464
54 91 73
42 133 228
122 107 487
146 132 545
109 125 102
122 76 171
120 110 92
135 23 344
126 9 56
146 140 455
105 126 868
143 40 679
33 134 151
76 110 145
105 19 694
102 115 106
73 110 216
23 116 50
15 35 882
75 1 326
9 91 163
2 73 647
81 89 133
91 143 802
119 76 484
65 99 736
27 82 998
50 43 706
99 59 934
141 15 647
44 120 660
15 111 932
69 24 96
106 150 977
99 78 107
43 52 681
147 136 85
41 142 620
33 83 504
142 64 339
55 38 566
29 43 570
54 76 50
111 127 286
20 124 946
86 14 257
131 137 78
40 2 280
134 93 845
90 134 807
97 12 145
21 122 246
16 132 581
69 78 491
110 47 96
85 149 470
29 53 858
46 134 292
8 9 51
125 8 453
117 151 219
45 117 616
122 141 495
84 131 557
41 52 24
85 115 874
12 103 74
55 26 885
146 133 778
2 37 375
32 27 433
43 120 493
66 119 232
87 97 135
48 12 830
98 103 484
6 115 43
111 8 483
12 135 13
115 19 399
83 5 58
13 83 937
23 58 541
73 85 177
44 79 987
94 55 483
109 50 696
52 121 127
18 0 636
33 8 298
50 112 479
126 36 35
56 148 998
30 75 266
20 92 517
113 88 956
6 140 818
28 146 430
74 44 813
126 40 735
106 9 877
36 45 753
49 81 433
140 47 128
102 61 450
35 126 450
97 150 565
56 150 904
125 27 800
132 38 725
31 64 698
25 149 55
141 19 871
43 0 412
65 50 437
139 31 650
92 82 870
0 122 642
144 10 527
75 100 893
84 114 154
34 123 341
42 17 975
5 67 888
64 125 887
22 137 859
122 0 888
16 130 702
59 149 566
15 82 835
150 142 517
131 50 489
132 135 419
0 52 315
20 127 710
112 98 729
72 77 432
53 124 329
57 32 669
78 104 245
124 18 474
17 128 155
119 22 226
101 87 569
77 24 63
1 34 393
25 44 512
113 105 734
46 13 210
37 74 698
21 67 410
73 33 392
126 52 204
103 22 3
54 124 517
137 147 592
3 15 463
133 136 699
139 74 987
147 44 547
79 26 465
138 76 107
145 68 657
85 121 186
70 138 811
137 29 67
81 87 214
75 78 121
136 92 532
138 139 552
118 32 841
92 61 268
41 42 758
93 35 225
95 23 718
10 48 20
19 7 436
19 27 72
69 32 340
18 60 32
109 60 782
38 129 253
73 140 118
92 131 927
19 115 209
117 79 550
100 133 749
124 53 874
122 24 151
18 102 803
114 87 318
142 123 54
94 30 895
39 92 781
69 50 141
72 145 96
1 7 42
11 146 949
115 4 998
88 30 154
90 6 747
124 31 122
149 92 420
86 90 507
0 22 497
109 50 157
148 9 472
77 84 852
26 93 811
143 88 782
65 50 999
90 54 661
21 34 87
101 132 153
112 16 577
15 95 133
113 26 832
71 36 203
17 38 250
97 148 929
16 107 755
88 29 885
20 129 646
148 99 669
92 127 165
92 13 851
15 35 982
88 141 318
108 18 540
130 105 453
7 90 185
100 118 545
91 6 920
137 115 532
112 6 282
81 43 661
37 147 181
149 106 417
122 48 701
97 31 652
7 100 167
64 149 327
24 38 700
45 123 727
146 100 977
70 29 176
55 51 652
142 89 720
19 15 219
74 79 341
1 52 704
115 69 137
34 124 86
45 107 918
28 110 479
90 120 706
62 8 151
133 76 905
91 92 799
105 89 9
33 6 405
122 44 40
112 61 493
43 17 770
125 146 111
60 36 666
3 107 239
151 34 543
59 76 95
121 117 883
139 46 672
43 93 497
4 73 36
99 6 750
120 39 976
32 86 605
71 13 680
71 2 520
121 10 622
102 29 506
109 13 806
120 44 184
127 3 923
72 11 831
52 56 62
99 11 715
39 137 380
131 126 898
102 101 871
148 125 676
5 145 243
7 50 348
101 111 657
134 49 752
10 26 123
71 45 841
70 141 541
145 53 919
116 142 807
13 141 667
71 30 499
52 144 933
69 17 958
70 130 951
31 17 87
107 62 520
147 138 13
133 67 664
24 10 1000
34 78 804
147 127 985
139 127 824
99 56 965
79 121 242
9 14 719
35 50 134
97 99 221
7 113 830
7 31 754
43 88 681
74 2 571
111 67 912
65 126 888
70 19 427
124 58 99
139 67 42
58 140 50
47 132 529
129 59 486
61 19 47
118 125 150
135 48 247
5 84 677
91 72 461
60 132 779
151 73 530
58 70 667
20 129 512
86 43 401
145 127 446
67 38 204
108 61 191
128 88 514
8 99 878
50 28 565
75 112 996
50 139 760
120 127 418
46 120 960
12 65 61
107 19 645
112 116 35
12 35 143
50 115 208
3 22 273
43 112 938
41 107 905
141 118 146
139 87 668
93 35 991
122 136 284
75 130 471
117 130 265
106 134 127
136 75 840
34 24 869
11 92 618
138 56 469
43 30 709
42 21 171
70 54 558
120 61 714
106 110 34
89 75 39
12 129 708
74 44 184
92 77 914
46 149 309
133 108 683
131 77 607
6 140 652
24 104 187
108 9 248
123 21 363
122 84 534
111 89 32
30 70 307
24 94 614
33 29 758
96 39 20
10 119 358
93 22 447
37 88 229
47 133 435
132 82 691
24 43 637
101 127 66
117 148 763
38 35 416
82 57 494
149 84 296
58 76 596
77 135 522
111 98 224
65 94 988
4 69 487
100 44 596
4 136 897
95 15 727
102 110 815
0 102 835
144 48 322
7 122 715
133 88 731
104 101 88
43 54 574
8 49 20
92 88 893
8 146 344
66 80 282
103 85 773
104 0 828
82 49 307
140 33 653
46 87 45
149 58 254
1 9 999
95 20 231
15 26 509
16 96 609
90 15 737
123 2 575
109 11 369
119 114 624
128 33 696
0 57 916
54 128 608
115 45 99
115 119 830
3 18 110
134 125 776
78 21 518
21 133 164
131 45 646
91 94 394
96 143 379
27 140 368
33 108 16
16 6 702
36 21 403
107 150 918
77 107 674
136 118 627
128 63 583
39 80 832
102 112 317
10 73 247
98 74 492
14 114 923
105 140 272
100 35 655
102 112 629
34 132 217
138 21 709
125 113 907
37 28 835
147 97 508
24 86 819
91 51 160
32 105 150
134 30 773
26 141 275
77 21 746
106 22 847
122 28 962
72 136 903
118 86 669
117 48 702
48 1 469
84 100 389
15 0 511
147 36 837
21 133 680
78 18 682
120 93 53
133 15 39
126 17 313
94 95 786
123 34 855
89 100 395
88 59 203
148 16 589
77 60 10
20 97 138
131 68 691
83 111 795
10 136 714
56 94 200
1 99 483
76 38 728
140 129 673
72 52 982
0 107 239
150 126 172
32 3 344
111 86 605
25 80 233
43 116 2
21 11 871
143 63 359
91 8 379
61 32 681
34 145 499
118 72 944
104 149 865
79 10 647
19 61 357
3 28 857
51 134 145
81 122 609
151 150 578
86 74 948
115 30 665
90 27 608
89 65 779
38 54 339
64 109 547
1 37 831
1 62 699
69 124 195
128 107 935
94 92 248
55 134 895
23 82 630
77 132 677
131 10 780
100 105 214
0 41 629
15 141 622
24 117 26
92 12 958
35 80 388
41 29 734
19 5 23
116 46 583
64 14 191
105 24 751
94 37 108
148 11 200
5 66 850
64 125 789
26 125 846
9 97 699
22 56 926
35 104 954
121 81 959
42 16 223
136 10 926
101 50 407
121 9 259
45 94 329
55 41 425
83 13 494
99 101 717
134 112 726
144 31 522
130 20 206
35 43 697
3 36 585
25 19 339
112 79 667
139 135 619
87 26 205
29 56 128
37 77 161
64 39 868
81 107 327
37 66 615
116 131 94
29 18 517
128 114 746
81 101 548
3 1 889
21 19 365
69 15 551
108 60 242
92 77 859
99 151 301
125 146 696
77 147 662
119 143 377
102 151 988
98 92 880
66 130 245
29 28 947
24 60 277
101 40 690
104 135 990
131 31 380
21 110 381
27 128 996
63 103 346
32 66 326
136 47 337
145 148 135
41 1 887
43 147 161
0 2 196
45 132 717
113 47 811
85 73 264
129 19 655
114 111 775
129 138 973
128 63 785
72 2 889
119 68 113
148 80 367
10 104 751
110 16 735
53 5 787
43 12 71
81 113 341
132 29 806
108 99 101
91 83 956
36 29 858
31 117 988
105 52 119
84 79 790
26 50 971
27 111 372
63 129 244
68 58 774
123 49 706
147 81 73
78 108 762
3 113 780
8 3 881
32 122 875
12 110 151
97 82 824
48 90 880
4 44 280
93 50 3
59 150 555
130 23 197
52 135 13
20 36 955
49 85 170
62 97 637
57 63 745
13 91 549
130 36 713
115 72 802
62 139 512
41 147 830
87 89 755
44 86 399
101 75 951
56 32 822
58 109 334
88 8 346
42 107 603
115 59 143
111 51 421
49 2 817
0 53 653
150 103 271
51 20 960
74 133 517
130 147 555
139 56 617
110 72 50
26 8 42
33 130 372
65 8 273
110 103 654
70 33 409
142 11 879
99 31 828
26 69 198
91 47 940
45 83 856
37 29 573
63 35 696
89 118 287
54 43 145
33 142 725
91 65 877
140 101 48
31 122 841
71 42 267
147 97 417
141 127 445
106 38 140
26 23 346
52 23 994
62 60 356
32 43 454
79 109 257
123 108 398
91 123 104
128 19 173
112 21 779
113 58 165
60 55 998
47 148 610
127 38 23
142 105 559
119 36 94
77 112 76
110 92 987
56 121 68
68 62 945
118 105 683
94 17 354
142 146 961
26 82 809
119 26 184
67 36 843
72 47 444
34 32 809
43 10 175
122 117 113
133 110 758
3 64 446
26 3 884
148 119 139
44 12 877
11 80 550
126 46 140
23 19 446
127 53 243
118 61 543
6 101 779
97 140 341
32 140 435
66 94 938
79 94 67
6 89 544
58 88 379
138 34 716
68 14 856
24 3 336
2 83 915
53 80 200
85 8 608
57 53 339
67 118 636
1 143 915
92 96 360
118 90 899
105 53 636
82 132 132
74 129 617
98 84 998
85 139 782
106 8 983
49 23 897
5 6 665
111 123 767
68 4 197
139 34 838
17 19 654
145 68 380
73 115 627
72 24 244
41 80 167
95 143 24
21 55 629
118 14 87
142 21 869
55 50 984
56 13 714
3 91 207
131 98 873
109 59 341
143 45 532
25 121 578
134 96 766
110 126 56
1 22 686
56 53 635
129 5 98
19 33 761
86 13 797
1 138 1
121 60 158
68 64 15
129 40 784
36 110 928
9 96 428
40 122 738
113 73 542
22 33 224
142 47 463
101 115 2
125 134 934
51 33 505
61 57 236
55 41 486
30 131 182
76 32 961
22 12 550
128 115 185
94 103 437
70 111 99
68 78 550
132 35 616
126 111 237
135 67 573
118 142 41
15 77 481
45 49 577
61 5 372
117 39 276
45 25 233
68 16 213
141 119 375
120 114 890
116 106 604
86 88 859
149 66 830
85 151 942
17 2 977
84 63 322
70 124 550
126 16 323
124 93 730
70 31 657
42 150 892
20 58 904
66 98 541
54 19 530
29 100 466
72 89 393
134 81 98
134 45 618
3 5 434
109 55 711
36 6 130
121 24 190
79 58 453
97 112 817
36 85 512
62 80 192
44 27 79
147 29 221
54 46 735
113 75 599
74 52 594
95 60 102
55 80 168
123 19 549
102 30 661
133 24 17
24 19 29
114 130 2
69 98 424
80 115 570
6 85 551
35 42 575
55 88 790
27 124 128
66 39 177
2 55 750
117 93 366
127 128 375
49 142 109
122 140 680
98 62 40
64 103 59
48 118 549
132 64 302
97 54 22
107 65 554
41 145 34
125 127 336
3 126 494
3 143 581
149 30 361
79 126 108
140 109 785
29 78 603
45 43 87
43 2 588
95 23 398
137 17 283
64 33 310
15 91 698
134 105 73
28 135 559
0 100 984
121 67 40
33 146 22
61 80 621
35 147 361
83 109 952
136 0 727
89 11 644
134 10 374
36 1 373
131 86 657
134 11 625
101 58 764
0 83 725
117 54 757
65 0 220
13 26 43
125 108 605
89 96 795
85 113 379
10 4 472
2 137 918
92 6 553
1 70 338
125 54 425
13 64 633
90 146 530
115 51 900
23 68 923
1 90 284
117 6 819
63 112 705
129 6 424
105 51 984
47 87 967
126 78 525
124 91 668
116 141 457
16 102 155
69 76 627
60 34 414
37 75 281
122 4 563
100 47 100
80 81 339
120 90 194
18 24 764
16 71 166
101 125 645
132 113 270
1 95 516
86 69 756
97 45 746
144 42 349
144 24 948
60 98 207
125 130 41
61 26 538
129 122 631
21 99 784
18 87 775
76 19 163
66 100 594
16 24 690
68 81 39
109 81 683
92 87 283
62 84 71
92 140 544
45 82 837
145 67 488
119 22 727
72 114 640
99 7 31
13 100 661
56 22 879
86 112 581
62 39 993
123 72 943
139 19 733
46 23 620
101 60 929
87 71 719
99 104 518
78 19 43
20 102 749
123 135 694
26 78 768
23 60 80
39 99 668
90 130 111
65 124 50
118 0 940
37 105 393
10 69 140
35 84 374
117 97 466
123 131 917
38 63 223
47 7 63
144 128 289
83 63 999
89 123 713
81 135 588
109 125 552
120 129 683
14 43 360
52 20 320
67 145 8
72 96 469
116 66 210
150 56 108
131 107 397
6 31 505
39 85 247
103 53 787
132 148 671
146 111 201
65 71 914
15 127 969
57 48 597
151 113 873
47 46 689
36 83 160
6 57 72
15 144 338
144 31 475
93 54 288
57 65 724
110 43 402
120 42 814
14 146 81
124 52 594
9 136 908
58 114 211
72 18 511
31 104 811
98 12 226
67 100 802
148 127 738
58 30 579
128 146 27
2 15 438
138 15 233
38 11 547
15 57 790
36 31 624
129 47 546
43 49 312
51 85 248
83 141 769
47 92 352
65 145 65
38 62 215
131 141 314
140 20 337
88 124 552
4 43 114
68 2 322
59 99 668
118 129 466
21 53 118
36 22 363
40 148 214
24 131 91
111 120 196
34 1 116
90 146 464
124 91 55
141 94 853
21 13 777
111 17 359
142 127 941
78 57 989
85 68 135
50 114 301
91 4 681
56 13 338
85 103 697
0 7 997
14 46 150
30 113 882
99 55 188
151 27 581
58 112 639
16 18 534
11 117 451
19 86 577
8 48 275
48 88 578
17 67 464
29 55 653
47 114 96
68 115 155
85 60 131
113 83 414
0 22 776
149 120 445
33 95 487
3 139 262
96 88 178
68 85 191
39 83 735
143 50 650
145 51 232
75 84 292
7 143 831
43 60 314
41 130 886
151 140 944
149 98 198
122 50 693
59 11 595
0 146 124
143 18 249
30 147 197
84 2 304
130 30 551
29 116 490
130 101 686
133 151 333
4 98 251
1 151 448
34 74 711
47 67 652
27 93 824
134 36 400
89 78 683
133 109 286
50 61 784
150 6 240
142 109 528
139 77 67
128 107 247
44 66 395
11 26 209
76 35 454
38 71 318
113 115 720
83 58 249
120 142 156
20 36 867
138 125 725
94 128 126
35 115 685
55 102 200
135 108 993
148 98 1000
50 25 500
49 64 502
47 89 831
107 65 605
129 47 882
13 114 140
56 137 422
134 127 362
144 98 728
85 95 129
2 42 261
146 25 960
67 69 553
90 52 898
140 74 795
151 28 529
120 126 886
87 11 666
15 149 636
32 61 502
35 50 883
51 55 837
55 83 902
89 14 886
69 111 51
74 151 250
76 2 100
147 109 723
106 113 311
75 111 134
105 121 575
28 62 266
98 127 648
90 11 767
9 53 180
70 119 216
4 138 637
45 0 200
93 6 756
122 97 637
1 53 191
108 128 823
57 54 915
24 105 623
9 10 921
88 142 463
87 131 42
21 125 45
71 141 45
67 98 13
97 90 452
62 142 875
116 27 78
0 85 621
139 77 95
139 118 164
124 10 366
139 137 245
42 147 773
8 6 621
34 61 219
58 136 760
134 13 128
102 64 878
98 71 163
10 22 293
88 49 103
119 20 227
35 5 209
46 92 822
72 87 257
23 9 744
13 41 811
18 123 230
149 48 196
78 2 75
69 65 130
78 75 282
113 86 537
146 114 267
131 63 236
126 70 33
81 110 687
35 38 606
86 90 682
29 76 734
63 145 361
110 5 952
21 19 354
9 125 306
109 98 38
27 54 887
122 98 864
114 134 159
117 74 684
43 135 138
91 135 86
11 90 944
57 127 257
122 30 97
127 13 892
122 37 510
28 114 255
11 14 832
146 97 510
60 38 500
116 55 763
121 135 212
46 137 833
138 2 978
85 119 49
10 43 792
48 88 522
127 104 990
35 65 175
78 104 377
68 150 292
43 22 439
43 103 171
102 39 13
93 132 587
33 142 60
38 140 898
112 32 179
99 150 313
28 37 874
52 2 832
135 72 411
26 19 109
89 97 300
25 106 950
81 17 645
84 54 499
5 86 235
63 125 932
89 148 374
20 79 156
46 60 693
72 78 772
91 117 711
48 84 700
103 55 602
134 34 695
14 123 943
48 17 937
52 101 274
72 71 808
52 35 177
40 64 887
5 37 331
107 137 466
141 16 64
7 139 445
64 113 16
108 92 63
34 9 542
75 52 523
71 97 260
22 27 375
135 142 68
123 62 396
16 90 628
12 119 298
24 81 107
151 149 586
2 10 394
52 2 932
117 54 904
103 144 762
44 66 870
149 2 443
97 143 974
13 64 261
105 16 272
144 11 55
132 55 269
33 81 135
112 40 281
151 21 661
104 64 448
56 62 544
72 101 800
52 93 801
1 123 516
113 122 285
96 49 329
17 143 623
7 75 636
5 105 482
124 78 728
31 56 998
118 151 793
66 117 543
11 126 467
5 17 137
45 146 422
139 133 924
30 62 471
151 143 322
3 129 834
134 48 386
106 139 562
41 79 820
62 89 574
59 64 56
125 128 614
87 94 796
15 106 174
21 98 655
119 21 717
82 135 684
64 124 171
112 27 298
8 52 856
49 133 357
93 52 934
38 53 46
135 146 403
33 112 624
1 12 865
46 87 474
90 55 195
91 52 208
128 68 136
27 4 338
120 59 376
97 53 86
146 33 84
133 122 526
52 111 405
84 22 194
96 88 855
39 99 586
12 52 237
86 80 394
16 15 787
142 104 282
39 27 993
7 31 242
147 121 941
65 82 845
85 137 564
70 88 664
54 124 71
99 27 523
39 117 744
21 71 561
102 97 322
82 2 716
47 16 826
138 12 988
5 54 689
145 100 838
19 122 25
54 85 145
41 44 610
137 54 402
114 133 820
36 102 855
28 80 296
72 24 636
0 63 346
72 101 264
15 145 596
61 140 381
22 16 467
56 97 235
57 125 937
113 133 7
122 108 668
124 43 557
68 56 46
138 43 581
38 23 569
30 84 724
23 42 462
45 147 836
28 92 924
134 69 801
62 36 291
96 107 67
22 113 491
30 134 392
30 31 369
35 43 722
59 73 957
84 150 670
70 97 590
82 137 50
21 86 237
65 41 230
127 21 526
49 84 329
31 83 456
149 142 538
21 30 260
19 64 119
76 83 737
149 119 682
150 40 837
80 130 555
11 81 197
139 116 282
7 74 286
58 65 227
110 51 993
111 56 750
7 76 157
99 53 68
25 108 536
80 149 106
75 74 61
61 125 359
135 30 272
73 35 680
81 90 3
31 1 628
95 18 53
114 131 610
50 96 741
72 7 429
29 5 998
61 89 17
55 123 74
59 33 914
133 15 828
25 95 489
132 35 596
46 35 397
34 42 66
127 142 490
131 34 513
56 91 681
93 60 6
38 63 781
79 68 305
94 58 916
1 26 591
45 24 336
81 77 249
120 39 213
18 51 239
109 58 855
137 150 765
150 20 964
149 133 504
33 54 280
75 3 300
65 25 126
106 79 971
3 23 178
105 108 718
121 45 602
46 147 371
92 147 770
7 78 144
42 75 698
109 79 138
71 59 259
74 53 775
115 17 41
100 144 218
10 25 305
11 81 850
44 4 622
141 114 916
35 16 41
9 138 290
9 80 842
35 103 903
140 7 375
139 57 188
9 45 684
76 131 830
138 55 516
138 77 103
141 140 607
142 105 988
16 12 572
22 63 529
94 87 244
41 13 396
11 8 121
135 138 874
63 38 242
124 6 449
137 34 550
109 146 356
19 23 910
148 87 941
59 5 363
26 24 842
68 54 41
111 73 782
116 45 225
139 56 925
112 10 357
70 119 131
133 52 386
15 120 125
41 8 459
128 63 373
23 18 575
23 13 916
113 18 965
27 41 49
132 130 598
100 27 414
63 16 466
28 23 458
26 65 847
102 72 12
81 79 563
72 88 724
102 25 171
73 86 112
143 112 106
27 66 531
129 115 105
107 124 338
97 151 690
21 138 251
137 59 654
81 72 608
134 37 535
93 122 665
31 61 239
0 75 380
25 72 787
13 63 583
144 93 541
63 65 543
89 94 162
108 117 717
18 84 332
74 59 819
12 146 851
66 49 996
118 112 99
147 6 753
5 122 894
146 60 613
88 134 58
28 130 680
78 142 675
4 93 185
78 52 555
11 73 326
125 30 48
58 132 424
98 102 695
30 61 106
89 137 254
30 85 999
136 62 747
40 109 334
51 144 588
118 110 264
78 6 532
46 84 251
146 123 614
14 82 169
33 100 805
65 51 862
70 18 124
30 139 100
146 113 664
73 14 816
89 82 126
40 49 445
119 87 834
26 28 765
7 84 349
135 72 571
93 38 434
30 55 212
127 91 341
53 14 662
75 17 752
14 75 671
18 90 853
66 147 441
138 99 594
22 43 255
113 56 793
94 137 733
48 129 250
85 103 702
28 137 662
26 115 818
3 52 868
62 17 777
149 82 268
64 91 779
74 5 892
118 38 577
12 137 378
93 20 749
95 92 173
130 34 6
43 47 906
39 135 763
8 86 876
44 12 728
138 91 54
57 66 785
61 9 236
114 63 66
38 76 986
143 3 27
92 6 219
27 114 428
107 11 768
102 49 977
87 67 331
47 31 261
122 59 601
85 68 74
95 91 635
138 40 275
124 70 497
17 44 514
65 20 139
125 88 391
36 28 91
145 45 281
77 108 671
34 28 688
115 43 507
70 132 306
80 139 531
17 11 294
150 122 950
97 20 440
105 94 837
97 53 243
60 52 597
4 129 413
5 67 29
143 46 257
142 29 391
61 17 182
46 49 430
18 91 541
28 18 397
117 51 799
146 59 78
141 96 832
117 60 121
97 80 553
24 138 765
108 111 919
137 150 929
76 115 76
10 94 594
67 17 580
77 63 494
36 56 488
116 60 786
8 79 881
42 27 87
21 64 1
145 49 102
9 4 275
131 99 950
83 14 656
61 13 400
40 73 307
81 140 630
149 2 446
36 37 481
26 94 56
5 78 302
27 48 251
70 55 178
142 121 1
137 114 830
56 44 964
84 9 549
10 125 72
59 38 357
115 53 994
10 123 472
64 26 408
72 4 779
87 114 959
90 121 78
32 44 439
105 118 952
4 21 331
90 14 778
23 34 512
44 126 825
77 59 989
58 18 544
29 60 864
81 129 12
17 29 773
102 133 121
36 1 680
72 115 432
30 47 110
139 44 707
43 75 386
44 45 427
135 42 416
9 65 12
138 105 309
70 51 416
39 24 402
68 135 89
32 48 988
17 58 308
135 52 78
111 52 496
40 85 580
13 103 604
58 35 919
111 112 6
1 3 907
51 146 854
48 3 437
81 49 581
124 141 700
84 112 922
40 71 769
137 138 453
136 112 367
133 7 643
118 148 51
127 97 494
114 39 926
92 12 775
93 19 40
46 5 816
120 91 163
56 137 944
151 91 369
99 73 695
3 38 253
104 18 382
111 2 934
31 75 543
132 68 906
34 85 139
9 65 705
139 78 760
103 62 303
78 49 649
104 146 223
151 134 606
28 147 611
55 39 426
85 126 225
46 50 199
116 140 251
118 37 541
56 127 527
64 84 162
80 67 390
51 74 249
7 87 702
36 117 113
21 73 153
72 3 944
109 115 104
113 28 51
11 122 173
68 83 99
21 104 226
57 14 136
149 134 421
113 73 109
148 23 123
74 111 170
18 45 253
139 11 30
84 144 223
97 63 252
34 23 541
70 112 301
21 34 923
148 56 906
52 119 315
115 90 850
71 75 66
59 45 118
75 67 575
118 74 742
147 112 222
76 45 74
128 138 840
119 133 408
8 98 42
81 117 846
130 105 188
131 68 359
2 42 236
16 141 680
146 123 414
38 98 958
85 27 607
150 33 827
91 51 721
31 117 760
56 123 318
31 112 29
71 128 537
64 127 329
133 6 444
133 26 730
36 53 281
89 46 341
85 80 968
4 11 543
108 84 352
73 135 792
106 140 350
23 12 372
4 62 333
104 121 418
36 21 200
106 25 232
108 16 466
92 101 430
21 97 515
131 78 563
36 92 941
30 67 31
73 61 837
15 67 675
144 10 266
111 8 990
149 2 348
86 79 571
138 122 932
141 115 459
33 18 170
67 74 574
93 40 627
53 86 343
9 22 156
52 35 900
57 109 104
116 65 276
141 23 865
33 88 319
82 29 77
109 49 809
41 23 632
43 149 13
147 41 192
137 63 156
127 20 745
76 124 835
64 1 671
62 28 387
128 100 15
107 88 169
14 37 15
68 107 621
32 105 898
100 39 97
92 58 15
145 38 336
7 108 999
77 132 198
16 2 768
61 18 579
23 67 747
113 87 970
114 133 86
107 5 746
140 26 314
127 70 16
41 109 978
99 5 961
4 43 601
22 79 410
94 133 310
109 104 674
39 82 703
43 101 374
79 141 180
25 136 194
95 38 152
89 35 816
58 66 996
146 65 283
60 43 630
8 134 515
43 26 25
19 129 914
127 92 901
98 26 929
20 118 462
122 20 129
144 94 442
62 100 114
87 89 882
136 3 448
71 6 137
56 71 745
57 13 949
138 104 157
12 20 674
136 29 88
70 110 759
130 39 923
27 33 438
136 124 230
12 102 60
86 67 31
32 148 250
90 21 999
24 132 402
107 45 83
10 111 999
143 23 879
113 37 305
16 42 920
107 52 722
142 37 480
17 134 701
133 12 374
81 67 363
144 51 823
72 17 583
91 68 105
147 92 832
117 17 909
52 8 826
39 29 878
63 73 517
55 28 899
103 112 466
50 21 907
134 79 62
45 104 912
93 22 113
116 136 705
24 12 890
57 89 779
68 83 394
45 92 511
56 122 48
135 9 753
21 127 558
56 23 420
74 143 310
67 123 675
120 32 603
69 110 968
1 0 956
45 13 463
92 62 580
147 79 376
117 41 856
107 85 592
116 101 43
31 79 85
112 74 348
36 18 372
38 62 555
69 127 791
41 9 742
51 119 270
27 9 650
39 50 419
151 127 187
75 82 177
68 35 466
21 6 573
49 70 283
75 117 979
99 105 203
15 149 339
124 140 352
106 91 785
40 95 781
116 27 83
69 11 242
79 73 691
2 52 237
145 135 64
108 49 768
119 68 993
147 4 847
0 64 436
139 39 122
50 143 440
2 124 61
102 122 665
142 36 912
56 124 354
89 78 906
14 113 517
35 148 288
79 13 274
121 79 704
9 21 751
132 15 368
58 113 736
54 105 886
65 8 1
75 36 479
144 12 422
99 13 99
74 149 173
64 15 727
33 13 765
149 34 392
73 5 157
35 15 224
40 43 126
3 81 186
131 42 901
0 127 688
92 89 779
44 42 516
149 144 239
4 109 511
140 124 721
97 37 474
91 113 709
59 117 279
138 4 114
112 151 881
51 5 390
7 14 212
99 104 227
73 9 115
51 23 880
97 134 964
44 128 781
48 92 72
145 28 692
113 62 992
151 5 979
12 34 648
55 93 301
59 33 232
111 133 426
127 84 80
112 63 692
64 79 955
63 78 564
111 64 937
62 149 899
26 64 789
115 141 462
107 146 43
96 60 324
91 21 33
135 71 900
64 16 289
128 65 218
91 135 452
36 43 646
70 134 538
2 146 374
52 2 779
97 90 700
59 128 329
88 30 213
28 20 697
47 12 628
3 7 211
34 51 965
151 15 240
37 113 396
33 123 755
35 36 231
126 62 938
19 65 130
6 63 603
110 108 278
72 43 468
75 128 416
20 123 185
31 26 910
3 127 695
146 57 861
134 51 603
46 18 977
136 51 140
20 6 374
135 53 241
94 77 347
144 138 346
22 66 236
141 137 822
34 69 774
103 65 262
85 107 382
73 122 731
33 120 544
83 134 359
60 88 783
13 57 232
112 72 145
129 13 572
12 18 762
98 49 855
85 108 2
141 2 300
149 42 257
131 85 831
108 13 271
67 8 257
42 64 893
50 86 474
82 48 429
23 151 265
105 147 166
79 49 291
62 132 207
14 60 329
120 130 380
112 62 776
87 48 611
39 130 343
35 141 926
16 92 24
112 59 99
98 61 139
26 105 944
63 129 986
96 81 70
107 39 467
121 79 986
91 54 754
62 102 981
99 4 681
136 119 298
73 151 240
25 113 58
3 40 418
89 94 130
123 145 919
77 103 539
134 88 285
40 33 822
15 20 534
73 90 493
82 77 189
77 118 342
97 128 927
21 126 235
35 20 212
94 118 737
5 141 562
57 103 767
44 130 445
112 25 298
60 92 126
120 9 976
115 100 109
109 14 540
57 114 779
66 36 730
32 84 927
48 68 816
24 82 334
113 66 13
97 112 186
76 122 391
43 50 10
75 72 123
37 149 296
122 56 883
10 95 136
110 135 77
36 16 748
66 121 991
45 107 139
146 69 128
56 116 24
138 46 607
72 125 611
119 59 810
49 111 762
66 7 898
35 120 988
54 141 433
67 78 209
81 136 451
148 59 161
117 9 3
108 17 209
25 70 470
11 0 634
124 149 961
109 57 904
93 125 351
48 98 800
4 33 524
7 77 915
139 88 150
44 14 314
103 4 338
15 4 834
70 116 623
146 75 493
26 127 467
48 140 595
83 82 998
113 5 628
55 76 524
28 1 926
11 119 694
121 59 786
47 73 822
70 65 510
97 9 938
78 72 440
60 38 239
15 59 288
66 16 853
20 104 568
36 72 230
43 127 410
138 14 643
32 81 396
144 24 941
95 41 82
54 142 866
40 25 219
84 77 319
138 15 441
116 109 851
56 103 378
33 122 482
29 90 947
127 103 866
9 10 403
86 92 887
16 72 861
151 64 636
135 79 126
133 19 765
66 31 931
6 101 904
151 86 672
66 59 979
45 38 684
150 151 54
138 52 524
117 55 957
141 53 724
102 132 411
57 68 565
96 58 78
43 20 869
124 114 503
38 23 556
44 82 76
2 41 393
125 97 21
43 75 932
133 3 402
61 138 543
64 132 385
11 9 992
13 45 280
42 10 105
42 59 79
139 7 222
46 122 222
95 33 687
90 1 384
75 76 579
73 103 605
32 27 323
53 37 359
78 27 963
27 4 511
139 58 697
69 94 217
147 15 106
15 11 637
64 15 570
106 88 411
14 37 108
22 35 239
80 115 677
44 30 597
31 119 774
114 79 249
113 12 33
151 19 556
22 149 343
2 95 385
107 26 210
21 130 420
65 119 663
95 33 198
19 33 398
98 38 492
139 134 98
117 20 963
97 67 482
54 130 938
74 103 102
3 25 937
0 17 742
145 128 508
28 84 176
2 75 979
81 88 315
82 15 726
44 127 814
119 140 62
142 149 684
0 15 217
38 89 586
14 75 456
56 37 117
13 16 10
85 5 705
106 56 106
54 5 561
33 122 597
66 14 48
85 15 91
124 68 119
2 96 119
30 2 469
131 17 588
2 38 190
131 3 398
4 89 480
40 147 252
5 144 8
118 11 126
3 17 544
139 110 256
123 18 787
31 95 826
31 65 506
47 46 881
15 133 987
118 5 676
128 56 19
102 15 1
141 26 35
145 117 755
59 74 455
89 66 931
7 116 244
68 31 951
109 47 105
135 38 14
77 18 341
94 21 299
110 64 82
80 121 126
42 75 672
58 27 526
114 111 847
54 151 680
50 32 758
6 90 823
52 18 914
9 138 568
106 16 993
131 100 804
148 35 18
116 56 825
112 131 152
74 129 158
16 87 375
0 67 520
145 70 121
39 143 500
111 65 181
100 121 493
25 54 719
125 136 241
136 130 905
15 29 416
139 28 499
87 21 652
66 72 361
75 118 796
74 45 119
78 136 164
86 88 989
150 108 290
41 107 14
91 135 189
23 97 667
47 1 508
133 29 952
51 124 330
74 119 552
122 124 236
74 111 58
34 129 631
89 25 330
42 97 393
34 23 787
94 0 971
25 48 322
145 61 854
41 132 409
41 47 389
100 142 415
111 87 94
116 1 219
52 79 339
68 131 546
104 10 234
7 33 230
116 9 899
66 49 733
36 28 993
147 45 40
11 84 978
19 114 339
128 109 361
67 148 898
13 112 902
100 129 486
74 14 611
87 62 70
130 18 982
132 145 838
82 10 619
85 7 504
124 77 816
82 7 168
3 85 938
21 55 59
77 64 689
31 118 59
101 108 902
31 55 894
29 101 832
27 47 813
66 118 1000
112 107 430
82 36 518
77 82 226
107 127 337
53 55 597
141 110 52
84 109 870
79 68 354
63 142 72
6 40 635
127 71 785
51 116 558
151 140 687
131 61 394
120 142 995
25 91 753
148 49 431
33 72 486
136 144 241
143 108 393
53 57 728
142 121 632
130 86 581
126 142 54
41 90 849
40 13 948
147 4 924
86 5 952
142 42 312
60 76 610
68 36 13
111 93 232
140 103 623
115 97 465
41 35 484
78 125 313
140 85 763
77 46 538
84 140 687
1 74 719
97 105 299
16 97 824
98 33 604
141 109 928
57 125 106
90 63 828
89 128 837
3 92 321
87 60 42
74 131 958
12 19 834
99 98 855
57 68 710
70 28 911
52 48 225
25 67 374
97 107 267
22 25 811
28 16 133
36 134 439
122 114 251
70 129 484
32 124 808
61 40 611
97 62 271
105 11 961
26 81 46
99 106 293
21 101 560
57 31 478
1 13 631
13 64 21
45 149 121
148 7 324
128 146 1000
16 143 327
53 111 436
130 38 288
87 8 440
48 97 802
85 98 838
137 43 601
105 112 154
140 47 293
150 140 993
18 27 915
35 3 220
129 66 588
2 123 813
133 8 168
77 17 923
56 143 441
46 1 403
95 41 486
87 127 208
11 37 342
15 46 991
84 136 555
114 112 532
106 94 751
94 31 961
112 66 748
121 52 668
44 47 909
57 4 351
96 55 973
83 151 808
129 61 222
32 7 577
86 54 555
103 105 550
107 141 529
89 151 57
115 76 253
59 140 70
84 15 462
41 36 798
77 89 416
130 74 753
83 72 586
103 77 614
17 128 640
89 133 644
56 17 889
15 45 380
130 137 692
22 105 99
6 16 292
8 123 956
135 20 771
21 36 300
15 74 954
99 40 969
60 27 962
31 30 673
43 27 236
64 27 136
15 61 551
96 4 361
18 131 225
110 56 229
140 20 159
100 31 587
113 110 433
87 127 431
91 122 699
30 98 9
121 31 158
14 65 33
13 148 425
22 10 93
66 129 125
6 36 271
142 106 895
110 14 859
