40 47 188
48 36 504
22 47 946
43 41 417
22 5 190
29 19 948
47 37 332
25 30 278
26 19 174
33 15 583
27 14 640
2 28 162
18 34 253
1 2 261
10 11 357
38 14 983
36 18 145
47 34 594
30 8 322
1 20 577
27 36 384
5 17 255
17 23 412
13 46 614
5 22 658
18 45 239
10 20 770
11 48 735
4 46 946
37 13 238
8 45 973
22 20 609
42 46 678
27 11 646
18 31 317
36 3 138
46 48 949
10 13 830
28 0 231
45 27 163
45 33 637
7 41 777
14 12 546
25 18 534
8 1 791
41 25 511
40 2 224
36 31 173
45 8 843
12 26 691
29 25 473
48 32 255
27 48 678
0 25 370
17 40 554
33 39 783
30 20 419
30 46 212
13 2 853
14 29 284
7 12 38
6 2 202
10 5 858
28 36 742
7 18 171
9 43 618
28 25 675
28 17 740
46 43 949
4 28 634
24 6 733
43 44 527
27 37 20
21 37 288
45 29 137
16 33 58
4 44 999
23 48 892
33 38 969
35 22 401
48 9 279
3 6 914
4 28 968
11 14 947
20 42 404
1 11 710
3 26 707
9 10 254
6 1 481
28 8 189
32 42 811
6 40 709
3 29 108
23 19 957
14 30 323
2 15 624
43 22 681
19 4 794
17 31 318
12 8 985
13 42 92
26 37 333
25 14 394
4 27 159
6 16 741
15 41 506
9 46 801
13 0 224
15 10 814
24 18 885
29 7 142
1 30 352
24 20 953
13 43 705
28 31 283
5 36 672
46 45 934
8 30 126
41 16 976
41 29 709
41 9 65
32 8 286
32 27 144
3 26 655
44 34 96
6 17 972
45 2 717
7 18 51
40 9 947
45 27 1000
41 37 700
18 10 261
25 9 676
15 35 370
24 18 811
13 48 45
6 43 814
30 8 737
27 12 430
33 40 997
10 41 491
10 26 688
48 10 704
12 43 533
10 27 22
27 31 294
40 43 958
34 13 75
1 24 640
18 30 167
22 29 7
45 22 402
7 21 950
19 8 883
23 35 160
44 6 590
30 45 86
26 0 322
9 2 858
20 24 112
2 5 636
42 22 774
23 13 888
19 33 928
36 37 533
39 31 249
30 27 356
20 35 793
18 0 239
34 46 24
22 31 9
25 3 731
32 0 872
30 33 896
28 27 386
18 16 272
31 23 508
4 25 526
32 37 711
10 25 305
24 29 587
1 37 967
10 16 44
34 12 217
34 30 245
21 14 750
45 23 497
8 22 470
7 30 452
19 16 636
36 31 171
35 8 531
21 41 76
4 18 35
18 1 478
33 26 754
24 35 129
25 4 604
15 25 180
36 0 415
17 47 270
24 27 303
48 46 309
18 31 352
9 23 77
9 26 273
17 1 547
3 29 327
10 31 136
9 35 863
16 0 298
43 2 890
47 33 675
8 41 33
18 24 250
8 24 417
27 45 684
12 6 747
27 40 634
34 13 182
26 10 576
14 2 774
3 19 954
3 5 147
48 27 971
0 35 564
35 14 764
21 31 372
6 14 548
11 17 713
43 24 256
47 13 925
43 11 523
35 20 493
24 34 665
20 44 166
6 32 952
22 2 838
31 32 690
23 47 526
5 14 193
10 1 608
13 31 146
6 22 693
37 44 794
48 5 864
46 35 936
12 17 215
21 40 432
35 40 771
4 44 892
10 41 809
26 7 700
33 5 404
18 40 910
47 20 453
35 41 718
44 32 300
21 41 393
32 39 458
20 0 895
4 25 309
40 13 962
11 44 572
35 27 104
33 16 248
3 11 254
18 7 232
45 1 469
43 21 244
13 27 786
33 20 296
4 46 652
42 20 523
39 3 117
45 4 886
29 5 71
6 28 882
21 45 321
17 47 248
8 23 534
9 39 526
2 39 672
18 46 410
11 38 229
25 27 507
22 45 820
19 9 521
15 38 268
37 10 130
23 11 755
15 18 965
1 46 931
45 27 433
14 0 589
8 15 676
0 14 628
0 14 222
23 12 830
41 38 278
18 38 200
3 27 796
36 30 613
18 20 307
43 35 585
23 18 58
44 16 507
6 10 585
17 1 357
46 42 478
33 40 411
43 6 483
48 33 379
22 20 385
22 39 778
18 35 184
21 8 719
44 6 124
39 6 8
4 24 615
21 20 933
9 48 857
31 40 815
42 45 64
30 2 447
28 48 529
18 4 719
34 42 555
18 27 800
19 4 537
10 12 257
18 35 806
7 13 184
38 8 606
46 21 373
16 45 734
16 35 249
18 45 470
27 32 986
25 26 292
11 13 343
29 3 296
37 11 207
48 27 586
47 13 994
33 42 381
22 43 840
38 1 929
15 24 94
3 30 250
27 39 972
32 20 928
24 15 354
31 12 445
34 14 203
39 41 259
23 46 101
43 19 73
47 2 773
24 47 878
3 47 469
18 16 783
47 2 773
37 7 765
16 40 530
48 10 562
13 47 899
22 30 545
30 3 545
5 28 678
39 47 209
20 22 729
43 0 203
29 22 509
16 40 365
46 12 315
3 8 436
5 47 342
35 15 93
37 36 181
5 19 728
12 32 251
13 42 905
32 40 660
41 26 71
37 25 591
17 6 649
39 25 584
40 1 26
19 16 218
21 9 335
18 7 379
33 2 583
5 4 313
10 27 190
15 36 245
22 34 111
8 30 846
2 16 137
4 41 837
35 30 879
44 24 113
47 25 225
21 46 262
26 7 268
43 48 408
7 24 902
10 0 963
9 5 655
39 12 657
16 10 126
9 15 488
16 15 905
11 38 362
24 14 547
5 30 551
29 15 335
19 15 820
33 45 996
47 41 841
16 32 520
13 9 221
48 37 773
10 22 827
24 28 29
41 24 835
38 5 379
47 20 113
16 34 441
15 2 622
1 24 974
33 45 352
45 19 485
26 23 178
30 14 820
17 42 302
7 6 231
27 15 912
25 34 178
18 43 92
23 3 931
25 31 629
36 1 284
30 27 432
23 45 134
2 5 464
2 6 714
20 16 144
22 19 499
47 42 184
14 24 648
2 43 923
10 37 725
20 24 57
44 7 601
39 3 889
32 15 584
45 18 909
20 40 193
43 27 795
48 33 235
35 8 990
6 48 130
30 11 671
20 18 839
43 35 808
13 9 869
33 5 484
25 31 172
22 37 148
43 36 635
11 23 156
16 28 190
17 21 634
13 48 365
16 17 807
23 19 982
17 1 21
11 42 899
29 23 143
37 5 135
18 24 826
15 11 630
24 13 56
5 25 382
33 10 190
41 13 953
6 34 930
18 33 16
8 24 707
16 41 122
4 31 46
36 30 837
0 4 79
2 46 399
5 2 98
36 39 266
19 32 385
7 23 469
24 2 138
43 8 124
26 11 921
18 17 595
43 5 188
26 3 104
13 17 964
8 30 573
40 11 433
40 28 513
22 46 727
36 19 39
28 44 812
36 10 636
35 48 795
37 10 699
35 6 732
48 35 341
38 10 687
14 30 136
32 25 906
37 44 543
34 37 196
26 22 209
6 39 332
6 32 750
23 44 327
35 46 987
13 36 924
8 38 638
41 34 350
31 3 851
3 5 824
11 34 116
22 34 460
42 4 889
43 20 152
24 9 894
13 37 965
48 7 357
29 33 927
5 23 416
0 18 253
42 47 756
41 10 162
20 12 285
16 19 594
27 44 906
25 1 191
28 43 135
46 9 863
38 15 182
16 38 544
42 24 808
1 7 742
37 11 946
33 20 73
42 14 331
17 27 863
43 1 101
45 14 351
3 48 490
17 6 154
38 19 963
11 31 22
35 17 317
44 21 329
9 43 870
18 37 420
38 44 521
22 38 459
34 29 203
5 32 659
28 40 871
10 5 509
19 18 571
11 37 242
16 2 747
3 37 799
24 1 696
5 20 703
30 25 478
37 32 248
16 29 335
43 45 67
4 11 965
22 32 67
24 16 869
12 5 116
16 5 901
45 43 318
42 18 806
14 17 349
46 48 687
17 18 634
34 7 459
41 42 637
29 37 736
23 20 144
36 29 131
15 5 334
39 9 718
18 31 894
