14 13 119
19 21 504
12 10 65
19 28 605
3 6 712
0 8 372
0 14 93
9 25 497
13 12 696
12 2 234
24 16 858
12 1 215
11 23 66
14 11 312
2 26 601
18 22 80
19 25 681
28 0 891
4 16 208
2 5 917
8 17 584
0 27 353
20 5 119
5 29 662
13 21 991
28 4 140
5 26 969
17 18 806
15 11 131
8 15 416
21 22 966
4 16 157
8 27 754
8 24 883
11 18 21
26 11 380
18 9 677
5 10 17
15 21 158
1 24 976
13 29 799
22 12 483
17 16 909
0 5 934
21 16 666
28 19 627
19 28 155
10 14 992
24 10 586
24 19 837
26 25 134
21 12 369
14 5 329
6 16 540
5 6 504
12 16 555
26 24 682
15 11 959
11 26 981
21 13 427
19 24 490
4 12 815
11 0 422
23 13 37
5 11 681
13 6 519
26 24 842
29 8 985
28 3 551
3 1 960
29 27 339
7 13 754
27 6 137
2 8 143
28 1 318
9 1 935
1 3 139
25 7 797
7 9 140
8 14 424
24 18 321
18 20 130
4 29 518
28 2 916
27 10 618
25 7 749
15 3 851
23 25 443
10 0 27
27 11 781
27 13 721
19 5 600
2 18 332
17 28 355
9 3 236
12 4 244
3 26 396
18 19 908
4 16 723
28 2 320
17 21 339
14 20 88
0 5 647
11 29 500
26 22 161
22 0 826
20 21 87
25 11 43
6 27 409
25 13 859
13 6 871
6 3 763
20 10 570
24 25 908
3 19 933
2 4 952
12 29 733
11 7 665
3 12 758
1 27 672
4 23 973
19 14 909
1 0 842
13 3 155
12 20 97
17 1 413
26 18 672
8 24 528
4 6 124
27 5 427
5 17 422
10 8 257
21 11 34
27 13 881
27 10 442
28 20 830
12 9 761
12 8 467
16 5 210
19 3 705
4 22 490
5 1 698
22 13 786
29 22 389
9 14 975
20 0 984
3 26 315
7 19 746
16 11 982
7 5 247
17 7 717
2 3 285
15 29 361
0 8 408
23 29 889
18 19 399
28 5 356
9 16 542
10 26 33
11 15 607
29 12 857
1 10 756
15 25 547
25 23 196
4 10 495
18 22 410
6 17 65
4 1 322
26 23 414
22 4 562
21 23 608
29 21 82
28 0 579
26 21 289
25 29 467
4 19 509
12 3 748
16 6 352
14 4 100
8 16 210
26 13 271
6 10 834
17 22 591
13 2 962
29 20 404
24 25 64
15 29 282
13 19 862
20 1 653
8 1 535
12 20 916
10 0 87
2 10 591
28 20 451
25 1 873
22 24 467
25 18 655
11 2 973
27 25 392
16 27 609
29 8 443
16 25 295
21 27 124
21 23 106
4 14 491
23 20 101
2 9 243
10 24 583
28 21 770
9 16 983
23 10 450
7 22 282
29 3 682
25 22 68
0 7 39
29 25 221
18 16 553
1 17 185
7 21 396
26 20 422
11 1 136
27 21 991
0 12 776
1 29 187
2 12 577
4 22 455
22 0 361
3 22 772
3 0 163
14 21 968
16 25 181
4 21 396
13 3 461
23 12 863
13 1 159
27 4 707
